Orthogroup	V_vinifera.proteins	A_coerulea.proteins
OG0000008	VIT_205s0020g04920.1	Aqcoe5G292100.1.p, Aqcoe5G371800.4.p, Aqcoe5G371800.8.p, Aqcoe5G371800.6.p, Aqcoe4G095300.2.p, Aqcoe4G095300.3.p, Aqcoe5G369100.1.p, Aqcoe5G370300.3.p, Aqcoe5G371800.2.p, Aqcoe5G371800.3.p, Aqcoe5G371800.5.p, Aqcoe5G371800.7.p, Aqcoe5G368700.2.p, Aqcoe4G095300.4.p, Aqcoe5G361500.2.p, Aqcoe5G361500.1.p, Aqcoe5G361500.3.p
OG0000008	VIT_207s0141g00780.1	Aqcoe4G095300.1.p, Aqcoe5G367200.1.p, Aqcoe5G367200.2.p, Aqcoe5G355800.1.p, Aqcoe5G370400.1.p, Aqcoe5G366700.1.p, Aqcoe5G370300.5.p, Aqcoe5G370300.4.p, Aqcoe5G370300.1.p, Aqcoe5G370300.2.p, Aqcoe5G369000.1.p, Aqcoe6G222400.1.p, Aqcoe5G368700.1.p, Aqcoe5G371800.1.p, Aqcoe5G452800.2.p, Aqcoe5G452800.1.p, Aqcoe5G379400.1.p, Aqcoe5G367100.1.p, Aqcoe5G378200.1.p
OG0000011	VIT_212s0035g00020.1, VIT_212s0035g00080.3, VIT_212s0035g00080.2, VIT_212s0034g02580.1, VIT_212s0035g00080.1, VIT_212s0034g02570.1, VIT_212s0142g00760.1, VIT_212s0035g00180.1, VIT_212s0035g00070.1, VIT_211s0037g00680.1, VIT_212s0034g02590.1, VIT_212s0142g00780.1, VIT_212s0035g00150.1, VIT_212s0035g00110.1, VIT_212s0035g00140.1, VIT_212s0142g00800.1, VIT_213s0084g00560.1, VIT_211s0037g00660.1, VIT_211s0037g00670.1, VIT_211s0037g00690.1, VIT_217s0000g02390.1, VIT_217s0000g02370.1	Aqcoe4G037600.1.p, Aqcoe4G019500.1.p, Aqcoe4G037100.1.p, Aqcoe4G037700.1.p, Aqcoe4G019600.1.p, Aqcoe4G037300.1.p, Aqcoe4G037900.1.p, Aqcoe7G310000.1.p, Aqcoe4G037800.1.p, Aqcoe4G038000.1.p, Aqcoe4G037200.1.p, Aqcoe4G037500.1.p, Aqcoe4G109700.1.p, Aqcoe4G156400.1.p, Aqcoe4G156400.2.p, Aqcoe4G037000.1.p, Aqcoe4G077100.1.p, Aqcoe4G077300.1.p, Aqcoe4G228700.1.p, Aqcoe4G039300.1.p, Aqcoe4G210900.1.p, Aqcoe4G104100.1.p, Aqcoe4G072100.1.p
OG0000011	VIT_214s0108g00370.1, VIT_214s0066g02660.1, VIT_214s0066g02670.1, VIT_214s0066g02680.1, VIT_210s0042g00590.1, VIT_210s0042g00770.1, VIT_210s0042g00600.1, VIT_210s0042g00700.1, VIT_214s0108g00340.1, VIT_214s0108g00300.1, VIT_214s0108g00280.1, VIT_214s0108g00310.1, VIT_204s0079g00240.1	Aqcoe5G458900.1.p, Aqcoe3G339400.2.p, Aqcoe3G339400.1.p, Aqcoe3G312000.1.p
OG0000011	VIT_207s0005g04060.1, VIT_207s0005g04050.1, VIT_207s0005g04020.1, VIT_207s0005g04040.1, VIT_207s0005g04080.1, VIT_207s0005g04100.1	Aqcoe5G018800.1.p, Aqcoe5G018900.1.p
OG0000015	VIT_200s0353g00060.4, VIT_200s0353g00060.5, VIT_200s0353g00060.3, VIT_200s0353g00060.2, VIT_200s0353g00060.1	Aqcoe3G211700.1.p
OG0000015	VIT_219s0014g04310.1, VIT_219s0014g04600.1, VIT_219s0014g04530.1, VIT_219s0014g04540.1, VIT_219s0014g04630.1, VIT_219s0014g04470.2, VIT_219s0014g04470.4, VIT_219s0014g04470.5, VIT_219s0014g04640.1, VIT_219s0014g04400.1, VIT_219s0014g04400.2, VIT_219s0014g04400.3, VIT_219s0014g04400.4, VIT_219s0014g04400.5, VIT_219s0014g04400.7, VIT_219s0014g04400.6, VIT_219s0014g04620.1, VIT_219s0014g04470.1, VIT_219s0014g04470.3, VIT_219s0014g04500.1, VIT_219s0014g04290.1	Aqcoe3G250200.1.p
OG0000016	VIT_213s0067g00470.1	Aqcoe7G324100.1.p
OG0000016	VIT_209s0018g01080.1, VIT_205s0029g01480.1, VIT_205s0029g01415.1, VIT_205s0029g01515.1, VIT_205s0029g01440.1, VIT_205s0029g01555.1, VIT_213s0067g00440.1	Aqcoe3G204000.2.p, Aqcoe3G204000.1.p, Aqcoe5G031200.1.p, Aqcoe1G041200.1.p, Aqcoe1G127100.1.p, Aqcoe1G127000.1.p, Aqcoe2G047400.1.p, Aqcoe5G031600.1.p, Aqcoe5G029700.1.p, Aqcoe2G098500.1.p, Aqcoe1G234000.1.p
OG0000016	VIT_213s0067g00490.1	Aqcoe4G270500.1.p, Aqcoe4G270400.1.p, Aqcoe6G180900.1.p, Aqcoe6G180900.2.p, Aqcoe7G305600.1.p, Aqcoe0526s0001.1.p, Aqcoe0720s0001.1.p, Aqcoe6G180100.1.p, Aqcoe7G300400.1.p, Aqcoe6G178600.1.p, Aqcoe6G179400.1.p, Aqcoe6G179300.1.p, Aqcoe6G179700.1.p, Aqcoe4G167900.1.p, Aqcoe7G307200.1.p, Aqcoe0047s0002.1.p, Aqcoe7G307400.1.p, Aqcoe7G298000.1.p, Aqcoe0726s0001.1.p, Aqcoe7G299300.1.p, Aqcoe4G035100.1.p, Aqcoe7G315800.1.p, Aqcoe7G315700.1.p, Aqcoe7G315900.1.p, Aqcoe7G284100.1.p, Aqcoe7G307300.1.p, Aqcoe4G174500.1.p
OG0000018	VIT_205s0049g00250.1	Aqcoe2G370800.1.p
OG0000018	VIT_205s0049g00430.1	Aqcoe2G373300.1.p
OG0000018	VIT_207s0005g03060.1	Aqcoe5G029400.1.p, Aqcoe5G029300.1.p
OG0000021	VIT_202s0012g02810.1, VIT_202s0012g02820.1, VIT_203s0097g00460.1	Aqcoe4G117700.1.p, Aqcoe4G114000.1.p, Aqcoe4G069900.1.p, Aqcoe4G070100.1.p, Aqcoe4G070300.1.p, Aqcoe3G358600.1.p, Aqcoe3G417500.1.p, Aqcoe3G417300.1.p, Aqcoe3G417400.1.p
OG0000022	VIT_205s0020g01630.1, VIT_205s0020g01640.1, VIT_205s0020g01643.1	Aqcoe5G366100.1.p
OG0000022	VIT_213s0047g00480.2, VIT_213s0047g00480.1	Aqcoe5G267000.1.p, Aqcoe5G266800.1.p, Aqcoe5G267100.1.p, Aqcoe7G126100.1.p, Aqcoe1638s0001.1.p, Aqcoe7G126000.1.p, Aqcoe7G126200.1.p, Aqcoe1G441100.1.p, Aqcoe1G441200.1.p
OG0000022	VIT_213s0084g00030.1, VIT_207s0031g01450.1	Aqcoe5G365600.1.p, Aqcoe5G365500.1.p, Aqcoe5G402600.1.p, Aqcoe5G368400.1.p, Aqcoe5G366200.1.p, Aqcoe5G436000.1.p, Aqcoe5G366500.1.p, Aqcoe5G366400.1.p
OG0000023	VIT_203s0091g01270.1, VIT_203s0091g01240.1, VIT_203s0091g01240.2, VIT_203s0088g00260.3, VIT_203s0088g00260.2, VIT_203s0088g00260.1, VIT_203s0088g00050.1, VIT_203s0088g00110.1, VIT_203s0091g01290.2, VIT_203s0091g01290.1	Aqcoe6G271700.1.p, Aqcoe6G271700.2.p, Aqcoe6G271600.1.p, Aqcoe6G271800.1.p, Aqcoe6G272000.1.p, Aqcoe6G272000.2.p
OG0000023	VIT_218s0001g08840.1	Aqcoe6G319600.1.p, Aqcoe0082s0005.2.p, Aqcoe0082s0005.1.p, Aqcoe6G319300.1.p, Aqcoe6G271000.2.p, Aqcoe6G271000.1.p, Aqcoe6G270900.1.p, Aqcoe6G271400.1.p, Aqcoe6G271500.2.p, Aqcoe6G271500.1.p, Aqcoe3G372600.3.p, Aqcoe3G372600.4.p, Aqcoe3G372600.2.p, Aqcoe3G372600.1.p, Aqcoe1G409000.1.p
OG0000024	VIT_219s0027g00030.1, VIT_219s0135g00200.1, VIT_219s0135g00150.4, VIT_219s0135g00120.1, VIT_219s0135g00130.2, VIT_219s0015g02500.3	Aqcoe4G121400.1.p
OG0000024	VIT_219s0135g00230.5, VIT_219s0135g00230.4, VIT_219s0135g00230.3, VIT_219s0015g02910.2, VIT_219s0015g02500.4, VIT_219s0015g02500.2, VIT_219s0135g00230.2, VIT_219s0135g00230.1, VIT_219s0015g02500.1, VIT_219s0015g02500.7, VIT_219s0015g02660.1, VIT_219s0015g02900.1, VIT_219s0015g02520.1, VIT_219s0015g02780.1, VIT_219s0015g02910.1, VIT_219s0015g02440.1, VIT_219s0015g02140.3, VIT_219s0015g02140.5, VIT_219s0015g02140.1, VIT_219s0015g02090.3, VIT_219s0015g02090.1, VIT_219s0135g00150.1, VIT_219s0135g00150.2, VIT_219s0135g00150.3, VIT_219s0135g00130.1	Aqcoe4G120700.1.p, Aqcoe4G120200.1.p, Aqcoe4G120000.1.p, Aqcoe4G120100.1.p, Aqcoe4G120300.1.p, Aqcoe1G386800.1.p, Aqcoe2G430300.1.p, Aqcoe4G121800.1.p, Aqcoe4G121200.1.p, Aqcoe4G121200.2.p, Aqcoe4G121700.1.p, Aqcoe4G121000.1.p
OG0000024	VIT_219s0015g02050.1	Aqcoe4G119900.1.p
OG0000025	VIT_203s0038g01190.1, VIT_203s0038g01090.1, VIT_203s0038g01150.1, VIT_203s0038g01170.1, VIT_203s0038g01250.1, VIT_203s0038g01210.1, VIT_203s0038g01110.1, VIT_203s0038g01270.1, VIT_203s0038g01285.1, VIT_203s0038g01130.1, VIT_203s0038g01230.1, VIT_203s0038g01300.1, VIT_203s0038g01080.1, VIT_203s0038g01160.1, VIT_203s0038g01120.1, VIT_203s0038g01100.1, VIT_203s0038g01280.1, VIT_203s0038g01290.1, VIT_203s0038g01260.1, VIT_203s0038g01220.1, VIT_203s0038g01180.1	Aqcoe5G229000.1.p, Aqcoe5G228000.1.p
OG0000025	VIT_218s0001g14000.1, VIT_204s0023g00490.1, VIT_204s0023g00500.1, VIT_204s0023g00520.1, VIT_204s0023g00505.1, VIT_204s0023g00540.1, VIT_204s0023g00530.1, VIT_204s0023g00555.1, VIT_204s0023g00550.1, VIT_204s0023g00580.1, VIT_204s0023g00570.1, VIT_204s0023g00560.1	Aqcoe6G170300.1.p, Aqcoe5G228100.1.p, Aqcoe5G228300.1.p, Aqcoe5G228600.1.p, Aqcoe5G228500.1.p, Aqcoe5G228200.1.p, Aqcoe5G228900.1.p, Aqcoe5G229100.1.p, Aqcoe6G170200.1.p, Aqcoe5G228400.2.p, Aqcoe5G228400.1.p, Aqcoe5G230100.1.p, Aqcoe6G178000.1.p, Aqcoe5G229800.1.p
OG0000026	VIT_219s0014g04880.1, VIT_219s0014g04930.1, VIT_219s0014g04900.2, VIT_219s0015g02070.2, VIT_219s0015g02070.1, VIT_218s0082g00072.1, VIT_218s0001g04510.1, VIT_218s0001g05460.1, VIT_218s0001g04090.1, VIT_218s0001g04830.1, VIT_219s0014g04900.1, VIT_219s0014g04900.3, VIT_219s0014g04900.4, VIT_218s0001g04110.1, VIT_218s0001g05450.1, VIT_218s0001g04530.1, VIT_218s0001g04170.1, VIT_218s0001g04050.1, VIT_218s0001g04080.1, VIT_218s0001g05430.1, VIT_218s0001g05290.1, VIT_218s0001g04280.1, VIT_218s0001g05230.1, VIT_218s0001g04870.1, VIT_218s0001g04120.1, VIT_218s0001g05520.1, VIT_218s0001g05360.1, VIT_218s0001g05470.1, VIT_218s0001g04220.1, VIT_218s0001g04780.1, VIT_218s0001g05240.1, VIT_219s0014g01060.1, VIT_219s0014g01060.2, VIT_219s0014g01060.3, VIT_219s0014g01070.1, VIT_219s0014g04810.1, VIT_219s0014g04800.1, VIT_219s0014g02580.1, VIT_219s0014g02550.1, VIT_219s0014g02590.1	Aqcoe4G298300.1.p, Aqcoe4G237300.1.p, Aqcoe5G394600.1.p
OG0000027	VIT_217s0000g05540.1, VIT_214s0066g02550.1	Aqcoe3G094300.1.p
OG0000027	VIT_215s0021g01660.4, VIT_215s0021g01660.3, VIT_215s0021g01660.1, VIT_215s0021g01660.2	Aqcoe3G269300.1.p
OG0000027	VIT_209s0002g00130.2, VIT_209s0002g00130.1	Aqcoe7G443000.1.p
OG0000027	VIT_211s0052g00620.1, VIT_204s0008g02460.1	Aqcoe7G309700.2.p, Aqcoe7G309700.1.p
OG0000027	VIT_209s0002g02260.1	Aqcoe7G366100.1.p
OG0000028	VIT_218s0157g00040.1, VIT_212s0057g00750.1, VIT_212s0057g00760.1, VIT_212s0057g00800.1, VIT_212s0057g00620.1, VIT_213s0064g00135.1, VIT_212s0057g00780.1, VIT_216s0013g01700.1, VIT_216s0013g01730.1, VIT_219s0085g00160.1	Aqcoe3G248400.1.p, Aqcoe3G248300.1.p
OG0000029	VIT_217s0000g02105.1, VIT_217s0000g02100.1, VIT_218s0041g00010.1, VIT_218s0041g00020.1, VIT_218s0041g00040.1, VIT_218s0001g01310.1	Aqcoe5G111800.2.p, Aqcoe5G111800.3.p, Aqcoe5G111800.1.p
OG0000029	VIT_203s0132g00390.1, VIT_203s0132g00350.1	Aqcoe7G184700.1.p, Aqcoe7G184900.1.p, Aqcoe7G184800.1.p, Aqcoe7G184600.1.p, Aqcoe7G176200.1.p, Aqcoe7G184300.1.p, Aqcoe5G410000.1.p, Aqcoe7G184200.1.p, Aqcoe7G176300.1.p, Aqcoe7G182900.1.p, Aqcoe2G110400.1.p, Aqcoe7G185400.1.p, Aqcoe7G185100.1.p, Aqcoe7G183900.1.p, Aqcoe7G184000.1.p, Aqcoe7G183900.2.p, Aqcoe7G183900.3.p, Aqcoe6G295700.1.p, Aqcoe7G185600.1.p, Aqcoe7G185500.1.p, Aqcoe5G326500.1.p
OG0000030	VIT_200s0918g00015.1	Aqcoe6G194100.1.p
OG0000030	VIT_203s0038g03350.1, VIT_203s0038g03360.1, VIT_203s0038g03390.1, VIT_203s0038g03370.1, VIT_203s0038g03380.1, VIT_203s0038g03280.1, VIT_203s0038g03320.1, VIT_203s0038g03290.1, VIT_203s0038g03300.1, VIT_203s0038g03340.1, VIT_214s0081g00742.1, VIT_214s0081g00734.1	Aqcoe6G191800.1.p, Aqcoe6G191700.1.p, Aqcoe5G124200.1.p, Aqcoe5G124400.1.p, Aqcoe5G124300.1.p, Aqcoe5G124500.1.p, Aqcoe5G123900.1.p, Aqcoe6G183000.1.p, Aqcoe6G183100.1.p, Aqcoe6G183200.1.p, Aqcoe6G182900.1.p, Aqcoe6G193000.1.p, Aqcoe6G193100.1.p
OG0000030	VIT_200s0976g00003.1, VIT_200s0560g00020.1, VIT_200s0517g00010.1, VIT_200s0869g00010.1, VIT_200s0560g00010.1, VIT_200s0517g00020.1, VIT_200s1235g00030.1, VIT_200s0976g00006.1, VIT_200s2386g00010.1, VIT_200s0976g00010.1, VIT_200s1235g00020.1	Aqcoe6G194300.1.p, Aqcoe6G194400.1.p, Aqcoe6G194000.1.p
OG0000031	VIT_204s0023g02200.3, VIT_204s0023g02200.1, VIT_204s0023g02200.4, VIT_204s0023g02200.2, VIT_204s0023g02210.1, VIT_204s0023g02210.2	Aqcoe6G126000.1.p, Aqcoe6G125900.1.p, Aqcoe6G125900.2.p, Aqcoe6G125800.1.p, Aqcoe6G125800.2.p, Aqcoe6G126200.1.p, Aqcoe3G239400.1.p, Aqcoe1G313900.1.p, Aqcoe1G362000.1.p, Aqcoe6G126100.2.p, Aqcoe6G126100.3.p, Aqcoe6G126100.1.p, Aqcoe6G169300.1.p, Aqcoe1G289500.3.p, Aqcoe1G289500.1.p, Aqcoe1G289500.2.p, Aqcoe1G289400.1.p, Aqcoe5G422800.1.p, Aqcoe1G290800.1.p, Aqcoe1G290800.2.p
OG0000031	VIT_210s0003g04920.1	Aqcoe6G125700.1.p, Aqcoe1G289600.1.p
OG0000031	VIT_204s0023g03790.1, VIT_204s0023g03810.1	Aqcoe1G289700.1.p
OG0000031	VIT_204s0023g02170.2, VIT_204s0023g02170.1	Aqcoe6G125600.1.p
OG0000032	VIT_214s0006g02420.1, VIT_214s0006g02350.1, VIT_214s0006g02380.1, VIT_214s0006g02430.1, VIT_214s0006g02360.1, VIT_214s0006g02435.1, VIT_214s0006g02330.1, VIT_214s0006g02390.1, VIT_214s0006g02370.1, VIT_214s0006g02400.1, VIT_214s0006g02440.1, VIT_216s0013g00010.1, VIT_216s0013g00078.1, VIT_216s0013g00102.1, VIT_216s0039g02860.1, VIT_216s0013g00096.1, VIT_216s0013g00072.1, VIT_216s0039g02900.1, VIT_216s0013g00090.1, VIT_216s0013g00060.1, VIT_214s0060g02700.1, VIT_214s0060g02690.1	Aqcoe4G006300.1.p, Aqcoe0139s0003.1.p, Aqcoe4G006100.1.p, Aqcoe0139s0004.1.p, Aqcoe0139s0001.1.p, Aqcoe4G028200.1.p, Aqcoe1717s0001.1.p, Aqcoe4G006700.1.p, Aqcoe4G006200.1.p, Aqcoe4G006500.1.p, Aqcoe4G042900.1.p, Aqcoe5G184500.1.p, Aqcoe4G006000.1.p, Aqcoe0139s0002.1.p
OG0000032	VIT_214s0128g00680.1, VIT_214s0128g00660.1, VIT_214s0128g00610.1, VIT_214s0128g00640.1, VIT_214s0128g00610.2, VIT_214s0060g02730.1, VIT_214s0128g00650.1, VIT_214s0128g00610.3, VIT_214s0128g01000.1, VIT_214s0128g00920.1, VIT_214s0128g00980.1, VIT_214s0128g01020.1, VIT_214s0128g00990.1, VIT_214s0128g00970.1, VIT_214s0060g02760.1, VIT_214s0128g01030.1, VIT_214s0128g01010.1, VIT_214s0060g02710.1, VIT_214s0060g02750.1, VIT_214s0128g00690.1	Aqcoe4G005900.1.p, Aqcoe4G028300.1.p, Aqcoe4G005800.1.p
OG0000032	VIT_210s0003g05310.1, VIT_210s0003g05300.1, VIT_210s0003g05260.1, VIT_210s0003g05250.1, VIT_210s0003g05336.1, VIT_210s0003g05340.1, VIT_210s0003g05360.1, VIT_212s0059g00730.1	Aqcoe2G368600.1.p, Aqcoe2G357200.1.p, Aqcoe2G399300.2.p, Aqcoe2G399300.1.p, Aqcoe2G399400.1.p, Aqcoe2G399500.1.p, Aqcoe5G351300.1.p, Aqcoe2G058600.1.p
OG0000034	VIT_200s0532g00070.1	Aqcoe6G280300.1.p
OG0000034	VIT_203s0017g01550.1, VIT_203s0017g01550.2, VIT_202s0087g01020.1, VIT_210s0092g00650.1	Aqcoe5G277200.1.p, Aqcoe5G277200.2.p, Aqcoe5G277300.3.p, Aqcoe5G277300.2.p, Aqcoe5G277300.1.p, Aqcoe1G367200.1.p, Aqcoe1G365800.1.p, Aqcoe1G366700.4.p, Aqcoe1G366700.2.p, Aqcoe1G366700.7.p, Aqcoe1G366700.8.p, Aqcoe1G366700.3.p, Aqcoe1G366700.9.p, Aqcoe1G366700.6.p, Aqcoe1G366700.10.p, Aqcoe1G366700.5.p, Aqcoe1G366700.1.p, Aqcoe1G366700.11.p, Aqcoe1G366000.1.p, Aqcoe1G366000.2.p, Aqcoe1G366200.1.p, Aqcoe1G366200.2.p, Aqcoe1G366400.1.p
OG0000034	VIT_215s0024g01700.1, VIT_215s0024g01670.1, VIT_210s0092g00680.1	Aqcoe1G366600.1.p
OG0000034	VIT_200s0748g00020.1, VIT_200s0409g00010.1, VIT_200s0409g00020.1, VIT_200s0262g00130.1, VIT_200s0398g00060.1	Aqcoe4G108500.1.p, Aqcoe7G167200.1.p, Aqcoe7G167200.2.p, Aqcoe7G167100.1.p
OG0000037	VIT_218s0001g11400.1	Aqcoe5G170800.1.p
OG0000037	VIT_218s0001g11560.1, VIT_218s0001g11530.1, VIT_218s0001g11500.1, VIT_218s0001g11480.1, VIT_218s0001g11490.1, VIT_218s0001g11430.1, VIT_218s0001g11470.1, VIT_218s0001g11520.1, VIT_218s0001g11580.1, VIT_218s0001g11570.1, VIT_212s0035g00580.1, VIT_218s0001g11440.1, VIT_218s0001g11410.1, VIT_218s0001g11450.1, VIT_200s0189g00110.1, VIT_204s0044g01610.1, VIT_212s0035g00610.1, VIT_212s0035g00560.1, VIT_212s0035g00570.1, VIT_200s1216g00020.1, VIT_209s0002g09270.1, VIT_209s0002g09200.1, VIT_209s0002g09250.1	Aqcoe2G038300.1.p, Aqcoe4G241300.1.p, Aqcoe2G038700.1.p, Aqcoe4G135200.1.p, Aqcoe2G038600.1.p, Aqcoe2G038500.1.p, Aqcoe2G038500.2.p, Aqcoe2G038400.1.p, Aqcoe6G102400.1.p, Aqcoe6G102200.2.p, Aqcoe6G102200.1.p, Aqcoe6G101900.1.p, Aqcoe6G102300.1.p, Aqcoe7G348700.1.p
OG0000037	VIT_207s0255g00090.1	Aqcoe5G170500.1.p, Aqcoe5G170600.1.p, Aqcoe5G170700.1.p
OG0000038	VIT_219s0015g00070.1, VIT_217s0000g09550.1	Aqcoe3G139600.1.p
OG0000038	VIT_217s0000g09610.1	Aqcoe3G138700.1.p
OG0000038	VIT_217s0000g09570.1, VIT_217s0000g09510.1	Aqcoe3G138900.1.p, Aqcoe3G138800.1.p, Aqcoe3G090200.1.p, Aqcoe3G139700.1.p, Aqcoe3G139200.1.p, Aqcoe3G139000.1.p, Aqcoe3G139400.1.p, Aqcoe3G139500.1.p, Aqcoe3G139100.1.p, Aqcoe3G134000.1.p, Aqcoe3G134100.1.p, Aqcoe4G230500.1.p, Aqcoe4G229900.1.p, Aqcoe4G234000.1.p, Aqcoe1G213100.1.p, Aqcoe4G234300.1.p, Aqcoe4G254400.1.p, Aqcoe4G254600.1.p, Aqcoe7G243900.1.p, Aqcoe1G277000.1.p, Aqcoe7G146400.1.p, Aqcoe7G138100.1.p, Aqcoe6G196100.1.p, Aqcoe7G138500.1.p, Aqcoe4G281700.1.p, Aqcoe6G202500.1.p
OG0000040	VIT_216s0022g01720.1, VIT_216s0050g02060.1, VIT_216s0022g01640.1, VIT_216s0039g01330.1, VIT_216s0022g01660.1, VIT_216s0098g00170.1, VIT_216s0098g00390.1, VIT_216s0098g00390.2, VIT_214s0006g02640.1, VIT_216s0098g00420.1, VIT_216s0098g00420.2, VIT_216s0022g01710.1, VIT_216s0039g01310.1, VIT_216s0022g01650.1, VIT_216s0022g01670.1, VIT_216s0098g00030.1	Aqcoe2G401200.1.p, Aqcoe2G401200.2.p, Aqcoe2G402700.1.p, Aqcoe0088s0001.1.p, Aqcoe2G398100.1.p, Aqcoe2G400800.2.p, Aqcoe2G400800.1.p, Aqcoe0088s0002.1.p, Aqcoe0088s0002.2.p, Aqcoe2G403000.3.p, Aqcoe2G403000.4.p, Aqcoe2G403000.1.p, Aqcoe2G403000.2.p, Aqcoe3G250900.1.p, Aqcoe2G400900.1.p, Aqcoe2G401000.1.p, Aqcoe6G274900.1.p, Aqcoe6G275200.1.p, Aqcoe1G247700.1.p, Aqcoe6G279600.1.p, Aqcoe6G279600.2.p, Aqcoe6G274800.1.p, Aqcoe2G401100.1.p, Aqcoe5G391600.1.p, Aqcoe7G140300.1.p, Aqcoe5G391500.1.p
OG0000040	VIT_217s0000g03330.1, VIT_217s0000g03330.2, VIT_214s0006g02630.1	Aqcoe3G028800.1.p, Aqcoe3G028400.1.p, Aqcoe3G028600.1.p
OG0000040	VIT_214s0006g02660.2, VIT_214s0006g02660.1	Aqcoe3G027900.1.p
OG0000041	VIT_204s0023g03710.1, VIT_203s0038g02310.1	Aqcoe6G223300.1.p
OG0000041	VIT_217s0000g02660.1, VIT_214s0006g01620.1, VIT_201s0011g04760.1	Aqcoe3G017900.1.p
OG0000041	VIT_205s0049g01020.1, VIT_207s0005g03340.1	Aqcoe2G373400.1.p, Aqcoe5G027300.1.p
OG0000041	VIT_207s0005g01210.2, VIT_207s0005g01210.1	Aqcoe2G279000.1.p
OG0000041	VIT_211s0016g01300.1, VIT_209s0002g01400.1	Aqcoe7G114500.1.p
OG0000041	VIT_208s0007g07230.1	Aqcoe1G055500.1.p, Aqcoe1G055800.1.p, Aqcoe1G055800.2.p
OG0000042	VIT_213s0019g02170.3, VIT_213s0019g02170.2, VIT_213s0019g02170.1, VIT_213s0019g02170.5, VIT_213s0019g02170.6, VIT_213s0019g02170.4	Aqcoe3G112800.2.p
OG0000042	VIT_206s0004g05320.1, VIT_206s0004g05320.2, VIT_206s0004g05450.1, VIT_206s0004g05280.5	Aqcoe2G231200.1.p
OG0000042	VIT_206s0004g05370.1, VIT_206s0004g05360.1, VIT_206s0004g05340.3, VIT_206s0004g05430.3, VIT_206s0004g05430.2, VIT_206s0004g05430.1, VIT_206s0004g05340.2, VIT_206s0004g05340.1, VIT_206s0004g05330.1, VIT_206s0004g05380.1, VIT_206s0004g05390.1, VIT_206s0004g05280.4, VIT_206s0004g05280.3, VIT_206s0004g05280.1, VIT_206s0004g05280.2	Aqcoe1G101200.1.p
OG0000042	VIT_208s0007g00900.1, VIT_208s0007g00920.1	Aqcoe4G241800.1.p, Aqcoe4G241800.2.p, Aqcoe4G011100.1.p, Aqcoe4G010900.1.p
OG0000043	VIT_200s0790g00020.1, VIT_200s0705g00010.1, VIT_207s0129g00800.1, VIT_207s0129g00760.1, VIT_207s0129g00710.1, VIT_207s0129g00730.1, VIT_207s0129g00810.1, VIT_207s0129g00820.1, VIT_214s0030g01940.1, VIT_207s0129g00850.1	Aqcoe4G017600.1.p, Aqcoe6G300600.1.p
OG0000043	VIT_218s0001g09650.1	Aqcoe5G181400.1.p, Aqcoe5G132600.1.p, Aqcoe5G132800.1.p, Aqcoe5G132700.1.p, Aqcoe6G303400.1.p
OG0000044	VIT_204s0023g01430.1	Aqcoe6G112700.1.p, Aqcoe5G197100.1.p
OG0000044	VIT_208s0040g02100.2, VIT_208s0040g02100.1, VIT_208s0040g02100.4, VIT_208s0040g02100.3, VIT_208s0040g02100.5, VIT_206s0004g03070.2, VIT_206s0004g03070.1	Aqcoe1G497000.1.p, Aqcoe1G497000.2.p
OG0000044	VIT_209s0002g02300.1, VIT_204s0008g01160.1	Aqcoe7G425000.2.p, Aqcoe7G425000.1.p
OG0000044	VIT_212s0028g03030.2, VIT_212s0028g03030.1	Aqcoe1G251000.1.p, Aqcoe4G076700.1.p
OG0000044	VIT_200s0179g00170.1	Aqcoe2G353000.1.p
OG0000046	VIT_204s0023g01570.1	Aqcoe5G195100.1.p, Aqcoe5G195100.4.p, Aqcoe5G195100.2.p, Aqcoe5G195100.3.p
OG0000046	VIT_211s0016g03880.1	Aqcoe7G176700.1.p
OG0000046	VIT_209s0002g04210.2, VIT_209s0002g04210.1, VIT_209s0002g04210.6, VIT_209s0002g04210.5, VIT_209s0002g04210.4, VIT_209s0002g04210.3	Aqcoe2G156400.1.p
OG0000047	VIT_207s0031g01140.1	Aqcoe6G058700.1.p
OG0000047	VIT_203s0167g00100.2, VIT_203s0167g00100.1, VIT_203s0017g00360.1, VIT_215s0024g02000.1, VIT_200s0729g00010.1, VIT_203s0017g00450.1, VIT_203s0017g00440.1, VIT_215s0024g01860.1	Aqcoe7G259200.1.p
OG0000048	VIT_208s0058g01230.1, VIT_206s0004g08060.1, VIT_208s0058g01210.1	Aqcoe1G403600.1.p, Aqcoe1G404000.1.p, Aqcoe1G404200.1.p, Aqcoe1G403900.2.p, Aqcoe1G403900.1.p, Aqcoe1G404100.1.p, Aqcoe1G403700.1.p
OG0000048	VIT_213s0320g00050.1	Aqcoe1G056300.1.p
OG0000050	VIT_216s0098g01340.1, VIT_209s0054g01090.1	Aqcoe4G238500.1.p
OG0000052	VIT_203s0038g03060.2, VIT_203s0038g03060.4, VIT_203s0038g03060.1, VIT_203s0038g03060.5, VIT_203s0038g03060.3	Aqcoe4G206200.1.p, Aqcoe2G250400.1.p, Aqcoe1G128700.2.p, Aqcoe1G128700.1.p, Aqcoe5G061600.1.p, Aqcoe1G403500.1.p, Aqcoe4G158200.1.p, Aqcoe7G279700.1.p, Aqcoe7G279700.2.p, Aqcoe7G248900.1.p, Aqcoe7G319800.1.p, Aqcoe1G346200.1.p, Aqcoe1G198100.1.p, Aqcoe4G214400.1.p, Aqcoe4G111800.1.p, Aqcoe3G037500.1.p, Aqcoe1G355700.3.p, Aqcoe1G355700.1.p, Aqcoe1G355700.2.p
OG0000055	VIT_201s0146g00250.1, VIT_201s0146g00250.5	Aqcoe5G345500.2.p
OG0000055	VIT_201s0146g00250.3, VIT_201s0146g00250.2	Aqcoe5G345500.1.p
OG0000055	VIT_205s0020g01770.1	Aqcoe5G081700.1.p
OG0000055	VIT_207s0005g06450.1	Aqcoe5G007800.1.p, Aqcoe5G007800.2.p
OG0000055	VIT_219s0014g00940.1, VIT_219s0090g00030.1, VIT_210s0116g00850.1	Aqcoe1G276100.1.p
OG0000055	VIT_213s0067g03410.1	Aqcoe2G168000.1.p, Aqcoe2G168000.2.p
OG0000056	VIT_210s0003g01010.1	Aqcoe4G058400.1.p
OG0000056	VIT_214s0060g02080.1	Aqcoe3G310900.1.p, Aqcoe2G362400.1.p, Aqcoe3G306700.1.p, Aqcoe3G293600.1.p, Aqcoe3G290400.1.p, Aqcoe3G306100.1.p, Aqcoe5G183300.1.p
OG0000056	VIT_214s0060g02720.1	Aqcoe5G341000.1.p
OG0000058	VIT_216s0022g02420.1, VIT_216s0022g02450.1, VIT_216s0100g00030.1, VIT_202s0025g04600.2, VIT_202s0025g04600.1	Aqcoe7G051900.3.p, Aqcoe7G051900.1.p, Aqcoe7G051900.2.p, Aqcoe7G051900.4.p
OG0000058	VIT_213s0019g02640.6, VIT_213s0019g02640.5, VIT_213s0019g02640.7, VIT_213s0019g02640.3, VIT_213s0019g02640.2, VIT_213s0019g02640.4, VIT_213s0019g02640.1, VIT_213s0019g02580.1, VIT_213s0019g02590.1, VIT_213s0019g02620.1, VIT_213s0019g02610.1, VIT_213s0019g02600.1, VIT_213s0019g02560.2, VIT_213s0019g02560.4, VIT_213s0019g02560.1, VIT_213s0019g02560.3	Aqcoe1G094900.1.p
OG0000058	VIT_206s0004g05630.1, VIT_206s0009g01220.1, VIT_206s0009g01260.1, VIT_206s0004g05590.1, VIT_206s0004g05610.1, VIT_206s0004g04830.1	Aqcoe7G095800.1.p, Aqcoe7G095800.2.p, Aqcoe1G094600.1.p, Aqcoe4G235100.1.p, Aqcoe1G125300.1.p, Aqcoe1G094800.1.p
OG0000058	VIT_206s0080g00085.1, VIT_208s0007g03650.1, VIT_215s0048g01210.3, VIT_215s0048g01210.4, VIT_215s0048g01210.2, VIT_215s0048g01210.1, VIT_215s0048g01200.1	Aqcoe7G053300.1.p, Aqcoe7G052400.1.p
OG0000059	VIT_218s0001g01320.1, VIT_218s0001g01370.1	Aqcoe5G413100.1.p
OG0000059	VIT_218s0041g00030.1	Aqcoe6G325200.1.p
OG0000063	VIT_212s0028g01830.1, VIT_212s0028g01840.1	Aqcoe4G036500.1.p
OG0000063	VIT_213s0067g02360.1, VIT_213s0067g02360.2, VIT_213s0067g02360.4, VIT_213s0067g02360.3	Aqcoe2G078800.1.p, Aqcoe1G397700.1.p
OG0000065	VIT_218s0001g07010.1	Aqcoe6G072400.1.p
OG0000065	VIT_215s0024g01540.1, VIT_215s0024g01540.2, VIT_215s0107g00150.1, VIT_200s0153g00050.1, VIT_200s0153g00070.1, VIT_215s0024g01650.1, VIT_215s0024g01630.1	Aqcoe7G401900.1.p, Aqcoe7G401800.1.p
OG0000065	VIT_205s0051g00110.1, VIT_205s0051g00180.1, VIT_205s0051g00130.1, VIT_218s0072g00320.1, VIT_205s0051g00240.1, VIT_200s2718g00010.1, VIT_200s2652g00010.1, VIT_206s0004g01575.1, VIT_215s0024g01369.1, VIT_215s0024g01515.1, VIT_219s0027g00930.1, VIT_206s0004g05690.1, VIT_205s0051g00310.1, VIT_207s0005g04880.1, VIT_207s0005g04870.1, VIT_207s0005g04890.1	Aqcoe5G008600.1.p, Aqcoe5G008500.1.p, Aqcoe5G061000.1.p, Aqcoe7G402900.1.p, Aqcoe7G402800.1.p
OG0000067	VIT_206s0004g03400.1, VIT_206s0004g03400.5, VIT_206s0004g03400.3, VIT_206s0004g03400.4, VIT_206s0004g03400.6, VIT_206s0004g03400.2, VIT_208s0040g02400.3, VIT_208s0040g02400.4, VIT_208s0040g02400.2, VIT_208s0040g02400.6, VIT_208s0040g02400.1, VIT_208s0040g02400.5	Aqcoe1G490000.2.p, Aqcoe1G490000.1.p, Aqcoe1G490000.3.p, Aqcoe2G166400.1.p
OG0000070	VIT_204s0044g00580.1	Aqcoe5G246400.1.p
OG0000070	VIT_212s0178g00200.4	Aqcoe5G246400.2.p
OG0000070	VIT_213s0019g01240.2, VIT_213s0019g01240.1, VIT_213s0019g01240.3, VIT_208s0007g06520.1, VIT_206s0004g04570.2, VIT_206s0004g04570.3, VIT_206s0004g04570.1	Aqcoe2G005900.1.p, Aqcoe1G462200.1.p
OG0000071	VIT_217s0000g09810.1, VIT_214s0219g00230.2, VIT_214s0219g00230.1	Aqcoe3G135100.1.p
OG0000071	VIT_213s0019g04910.5, VIT_213s0019g04910.2, VIT_213s0019g04910.1, VIT_213s0019g04910.3, VIT_213s0019g04910.4	Aqcoe2G209700.1.p, Aqcoe1G129400.1.p
OG0000071	VIT_205s0051g00590.1	Aqcoe2G390800.1.p
OG0000071	VIT_207s0005g05520.4, VIT_207s0005g05520.1	Aqcoe5G006300.1.p
OG0000072	VIT_218s0001g13680.2	Aqcoe6G077500.1.p
OG0000072	VIT_207s0191g00130.1, VIT_200s2837g00010.1, VIT_204s0023g03120.1, VIT_218s0001g13680.1	Aqcoe2G393100.1.p
OG0000072	VIT_218s0072g00800.1	Aqcoe1G249200.1.p, Aqcoe1G021700.1.p, Aqcoe1G247500.1.p
OG0000077	VIT_203s0038g02060.1, VIT_203s0038g02050.1	Aqcoe4G087900.1.p, Aqcoe4G179500.1.p, Aqcoe4G178900.1.p, Aqcoe0403s0001.1.p, Aqcoe0403s0002.1.p, Aqcoe4G127100.1.p, Aqcoe4G088100.1.p, Aqcoe4G178600.1.p, Aqcoe4G179400.1.p, Aqcoe4G126100.1.p, Aqcoe4G127000.1.p, Aqcoe4G126000.1.p
OG0000077	VIT_213s0019g01210.1	Aqcoe2G031900.1.p, Aqcoe2G031800.1.p
OG0000077	VIT_206s0004g00980.1, VIT_206s0004g00970.1	Aqcoe1G007000.1.p, Aqcoe1G007200.1.p, Aqcoe1G007200.2.p, Aqcoe6G314700.1.p
OG0000078	VIT_206s0061g00475.1	Aqcoe5G089900.1.p
OG0000079	VIT_200s0392g00060.1, VIT_200s0361g00060.1, VIT_200s0392g00030.1	Aqcoe1G370000.1.p, Aqcoe1G370200.1.p, Aqcoe1G371200.1.p, Aqcoe1G371100.1.p, Aqcoe1G371000.1.p
OG0000079	VIT_200s0724g00010.1, VIT_200s2271g00010.1, VIT_213s0067g00090.1, VIT_213s0084g00010.1, VIT_213s0067g00130.1, VIT_213s0067g00370.1, VIT_213s0067g03770.1, VIT_213s0067g03700.1, VIT_213s0067g03830.1, VIT_213s0067g03790.1, VIT_213s0123g00040.1, VIT_213s0019g00060.1, VIT_213s0067g03740.1, VIT_213s0123g00024.1	Aqcoe4G253900.1.p, Aqcoe4G253400.1.p, Aqcoe1G139700.1.p, Aqcoe4G129400.1.p, Aqcoe4G129600.1.p, Aqcoe7G261500.1.p, Aqcoe7G261300.1.p, Aqcoe4G254000.1.p, Aqcoe4G253500.1.p, Aqcoe7G440300.1.p
OG0000079	VIT_212s0134g00020.1, VIT_212s0134g00020.2, VIT_212s0134g00030.1	Aqcoe1G370800.1.p, Aqcoe4G238800.1.p
OG0000084	VIT_210s0092g00450.1, VIT_208s0032g00240.1, VIT_210s0092g00480.1, VIT_210s0092g00370.1, VIT_210s0092g00495.1, VIT_218s0072g01140.1, VIT_210s0092g00510.1, VIT_219s0015g00080.1, VIT_219s0015g00110.1, VIT_219s0015g00100.1	Aqcoe4G200700.1.p, Aqcoe4G269900.1.p, Aqcoe4G255600.1.p, Aqcoe4G270200.1.p, Aqcoe4G292300.1.p, Aqcoe4G204300.1.p, Aqcoe1G276500.1.p, Aqcoe4G243100.1.p, Aqcoe2G126900.1.p, Aqcoe4G264900.1.p, Aqcoe4G280800.1.p, Aqcoe4G267400.1.p, Aqcoe1G280700.1.p, Aqcoe1G386000.1.p, Aqcoe1G230100.1.p, Aqcoe1G380700.1.p, Aqcoe1G380800.1.p, Aqcoe1G385900.1.p, Aqcoe1G385800.1.p, Aqcoe1G386100.1.p, Aqcoe1G386500.1.p, Aqcoe1G394400.1.p, Aqcoe4G236800.1.p, Aqcoe1G386300.1.p, Aqcoe1G385600.1.p, Aqcoe1G386200.1.p, Aqcoe1G385400.1.p
OG0000085	VIT_211s0016g01060.1	Aqcoe7G428500.1.p
OG0000085	VIT_208s0056g00150.1	Aqcoe2G069700.1.p
OG0000085	VIT_211s0065g00470.2, VIT_211s0065g00470.1	Aqcoe7G239100.1.p
OG0000085	VIT_206s0004g00220.2, VIT_206s0004g00220.1	Aqcoe1G060400.1.p, Aqcoe1G060400.2.p
OG0000085	VIT_202s0087g00270.1	Aqcoe5G241700.1.p
OG0000087	VIT_208s0007g05390.1	Aqcoe1G041400.1.p, Aqcoe2G039200.1.p
OG0000087	VIT_213s0067g03070.1	Aqcoe1G147000.1.p
OG0000087	VIT_217s0000g07580.1	Aqcoe3G311200.1.p
OG0000088	VIT_211s0118g00750.1, VIT_211s0118g00740.1, VIT_219s0014g00800.1	Aqcoe1G425600.1.p
OG0000088	VIT_219s0014g00470.1, VIT_219s0014g00520.1, VIT_219s0014g00500.1	Aqcoe4G025800.2.p, Aqcoe4G025800.1.p, Aqcoe4G026000.1.p, Aqcoe4G052000.3.p, Aqcoe4G052000.1.p, Aqcoe4G052000.2.p, Aqcoe4G026400.1.p, Aqcoe4G026100.1.p, Aqcoe4G025700.1.p
OG0000088	VIT_212s0028g01350.4, VIT_212s0028g01350.3, VIT_212s0028g01350.1	Aqcoe4G025400.1.p
OG0000089	VIT_209s0002g05590.1, VIT_209s0002g05570.1, VIT_209s0002g05560.1, VIT_209s0002g05530.1, VIT_209s0002g05530.3, VIT_209s0002g05410.2, VIT_209s0002g05410.1, VIT_209s0002g05410.3, VIT_209s0002g05530.2, VIT_209s0002g05490.1, VIT_209s0002g05490.4, VIT_209s0002g05400.1, VIT_209s0002g05370.1, VIT_209s0002g05360.1, VIT_209s0002g05600.1	Aqcoe7G202700.8.p, Aqcoe7G202700.9.p, Aqcoe7G202700.10.p, Aqcoe7G202700.4.p, Aqcoe7G202700.3.p, Aqcoe7G202700.5.p, Aqcoe7G202700.1.p, Aqcoe7G202700.2.p, Aqcoe3G215000.1.p, Aqcoe7G202900.1.p, Aqcoe7G202400.1.p, Aqcoe7G202400.2.p, Aqcoe7G202600.1.p, Aqcoe7G202600.2.p, Aqcoe1G185700.1.p
OG0000089	VIT_211s0016g04590.1, VIT_204s0008g04790.1, VIT_204s0008g04790.2, VIT_204s0008g04820.1	Aqcoe7G202300.2.p, Aqcoe7G202300.1.p, Aqcoe7G202200.1.p
OG0000090	VIT_204s0044g01620.4, VIT_204s0044g01620.3, VIT_204s0044g01620.6, VIT_204s0044g01620.5, VIT_204s0044g01620.2, VIT_204s0044g01620.1, VIT_204s0044g01620.7	Aqcoe5G263600.3.p, Aqcoe5G263600.1.p, Aqcoe5G263600.2.p
OG0000090	VIT_200s0780g00040.1	Aqcoe5G076700.1.p, Aqcoe5G076700.2.p
OG0000090	VIT_201s0137g00460.3, VIT_201s0137g00460.4, VIT_201s0137g00460.7, VIT_201s0137g00460.9, VIT_201s0137g00460.8, VIT_201s0137g00460.2, VIT_201s0137g00460.1, VIT_201s0137g00460.10, VIT_217s0000g09640.1	Aqcoe7G139800.1.p, Aqcoe5G392100.1.p, Aqcoe3G138100.2.p, Aqcoe3G138100.1.p
OG0000091	VIT_205s0062g00240.1, VIT_205s0062g00480.1, VIT_205s0062g00610.1, VIT_205s0062g00250.1	Aqcoe1G208000.1.p
OG0000091	VIT_211s0052g01250.1	Aqcoe5G474700.1.p
OG0000091	VIT_211s0052g01200.1, VIT_211s0052g01340.1, VIT_211s0052g01270.1, VIT_211s0052g01180.1, VIT_211s0052g01190.1, VIT_211s0052g01300.1, VIT_211s0052g01260.1, VIT_211s0052g01320.1, VIT_211s0052g01280.1, VIT_211s0052g01330.1	Aqcoe6G159700.1.p, Aqcoe6G159600.1.p
OG0000091	VIT_211s0052g01220.1	Aqcoe6G232900.1.p, Aqcoe6G232700.1.p
OG0000092	VIT_213s0067g00650.1, VIT_214s0006g00055.1, VIT_213s0064g00530.1, VIT_219s0027g00830.1, VIT_213s0064g00550.1, VIT_213s0084g00060.1	Aqcoe4G221400.1.p, Aqcoe1G272600.1.p, Aqcoe1G317600.1.p, Aqcoe1G317400.1.p
OG0000093	VIT_206s0004g01440.1, VIT_206s0004g01420.2, VIT_206s0004g01420.1, VIT_213s0064g01760.1, VIT_213s0064g01540.1, VIT_213s0064g01720.1, VIT_213s0064g01750.1, VIT_213s0064g01750.3, VIT_213s0064g01750.5, VIT_213s0064g01640.3, VIT_213s0064g01660.5, VIT_213s0064g01640.2, VIT_213s0064g01660.4, VIT_213s0064g01750.2, VIT_213s0064g01750.7, VIT_213s0064g01750.8, VIT_213s0064g01750.6, VIT_213s0064g01750.4, VIT_213s0064g01660.3, VIT_213s0064g01660.2, VIT_213s0064g00480.1, VIT_213s0064g00480.5, VIT_213s0064g00480.4, VIT_213s0064g00520.1, VIT_213s0064g00480.3, VIT_213s0064g00480.2, VIT_213s0064g01660.1, VIT_213s0064g01640.1, VIT_213s0064g01640.4, VIT_213s0064g01740.1	Aqcoe7G301000.1.p, Aqcoe7G300700.1.p, Aqcoe0021s0001.1.p, Aqcoe7G295300.1.p, Aqcoe7G301400.1.p, Aqcoe7G300100.2.p, Aqcoe7G300100.1.p, Aqcoe7G300000.1.p
OG0000095	VIT_209s0054g01830.1, VIT_209s0054g01830.2, VIT_209s0054g01830.4, VIT_209s0054g01830.3, VIT_203s0017g01830.1, VIT_203s0017g01830.2, VIT_201s0011g01470.5, VIT_201s0011g01470.4, VIT_201s0011g01470.3, VIT_201s0011g01470.1, VIT_201s0011g01470.2, VIT_203s0017g01780.2, VIT_203s0017g01780.5, VIT_203s0017g01780.3, VIT_203s0017g01780.1, VIT_203s0017g01780.4, VIT_203s0017g01810.4, VIT_203s0017g01810.1, VIT_203s0017g01810.2, VIT_203s0017g01810.3, VIT_203s0017g01810.5, VIT_203s0017g01810.6	Aqcoe6G022200.2.p, Aqcoe6G022200.3.p, Aqcoe6G022200.4.p, Aqcoe6G022200.1.p, Aqcoe7G165300.4.p, Aqcoe7G165300.1.p, Aqcoe7G165300.3.p, Aqcoe7G165300.2.p, Aqcoe7G165300.5.p, Aqcoe7G165300.7.p, Aqcoe7G165300.6.p
OG0000096	VIT_212s0055g00180.1, VIT_212s0055g00200.1, VIT_212s0034g00080.1, VIT_212s0034g00040.1, VIT_212s0034g01120.1, VIT_212s0034g00060.1, VIT_212s0055g00250.1, VIT_212s0055g00060.1, VIT_212s0055g00190.1, VIT_212s0055g00320.1, VIT_212s0055g00310.1, VIT_212s0055g00280.1, VIT_212s0055g00030.1, VIT_212s0055g00050.1, VIT_212s0055g00020.1, VIT_212s0034g00030.1, VIT_212s0055g00070.1, VIT_212s0055g00225.1, VIT_212s0055g00170.1, VIT_212s0055g00160.1, VIT_212s0034g00140.1, VIT_212s0034g00130.1, VIT_212s0034g00160.1, VIT_203s0017g01990.1, VIT_203s0017g01996.1, VIT_203s0017g02146.1, VIT_203s0017g01992.1, VIT_203s0017g02140.1, VIT_203s0017g02110.1, VIT_203s0017g02000.1, VIT_203s0017g02120.1, VIT_206s0004g06380.1, VIT_206s0004g06400.1, VIT_206s0004g06390.1, VIT_206s0004g06370.1	Aqcoe4G273300.1.p, Aqcoe7G439300.1.p, Aqcoe4G135000.1.p, Aqcoe4G135100.1.p
OG0000097	VIT_217s0000g08760.1	Aqcoe3G278900.1.p
OG0000097	VIT_210s0003g04760.1, VIT_212s0028g01845.1, VIT_200s0658g00010.1, VIT_210s0003g05200.1, VIT_210s0003g04814.1, VIT_209s0018g01460.1	Aqcoe1G102600.1.p
OG0000097	VIT_213s0067g00420.1, VIT_205s0029g01470.1	Aqcoe7G307500.1.p
OG0000098	VIT_218s0001g14360.1	Aqcoe5G210900.1.p
OG0000098	VIT_210s0003g05320.1	Aqcoe1G173300.1.p, Aqcoe4G008100.1.p, Aqcoe3G411000.1.p
OG0000098	VIT_202s0025g03540.1	Aqcoe5G427300.1.p
OG0000098	VIT_208s0040g00980.1, VIT_208s0040g00980.2, VIT_206s0009g02020.1	Aqcoe3G000700.1.p, Aqcoe2G055200.1.p, Aqcoe2G055300.1.p
OG0000098	VIT_216s0050g00380.1	Aqcoe7G037100.1.p
OG0000098	VIT_202s0025g03680.1	Aqcoe1G090000.1.p
OG0000099	VIT_207s0031g01680.1, VIT_207s0031g01670.1, VIT_207s0031g01660.1, VIT_214s0006g01680.1	Aqcoe6G049600.1.p, Aqcoe6G049500.1.p, Aqcoe6G049400.1.p, Aqcoe6G049300.1.p
OG0000102	VIT_210s0003g01100.1	Aqcoe3G042700.1.p, Aqcoe3G042800.1.p, Aqcoe4G052700.1.p, Aqcoe3G148700.1.p, Aqcoe1G352500.1.p, Aqcoe4G145200.1.p, Aqcoe3G359500.1.p
OG0000102	VIT_212s0028g02250.1, VIT_212s0028g02300.1, VIT_212s0028g02290.1, VIT_212s0028g02260.2, VIT_212s0028g02260.1, VIT_212s0028g02260.3	Aqcoe1G229600.2.p, Aqcoe1G229600.1.p, Aqcoe1G229500.1.p, Aqcoe1G144900.1.p, Aqcoe2G016700.1.p, Aqcoe7G350300.1.p, Aqcoe2G016600.1.p
OG0000103	VIT_219s0027g00390.1	Aqcoe4G056500.3.p, Aqcoe4G056500.4.p, Aqcoe4G056500.1.p, Aqcoe4G056500.2.p
OG0000103	VIT_200s0370g00010.4, VIT_200s0370g00010.3, VIT_200s0370g00010.2, VIT_200s0370g00010.1	Aqcoe7G153000.2.p, Aqcoe7G153000.1.p, Aqcoe7G153000.3.p, Aqcoe7G153000.4.p, Aqcoe1G314500.1.p
OG0000103	VIT_208s0007g02150.8, VIT_208s0007g02150.6, VIT_208s0007g02150.5, VIT_208s0007g02150.3, VIT_208s0007g02150.2, VIT_208s0007g02150.7, VIT_208s0007g02150.1, VIT_208s0007g02150.4	Aqcoe2G098400.1.p, Aqcoe2G098400.3.p, Aqcoe2G098400.2.p
OG0000104	VIT_208s0007g02700.1	Aqcoe1G436200.1.p
OG0000104	VIT_208s0007g02660.1, VIT_208s0007g02670.2, VIT_208s0007g02670.1, VIT_208s0007g02640.1, VIT_208s0007g02630.1	Aqcoe2G118300.1.p, Aqcoe7G349100.1.p, Aqcoe2G086100.1.p, Aqcoe4G266700.1.p, Aqcoe4G018100.1.p, Aqcoe4G018200.2.p, Aqcoe4G018200.1.p, Aqcoe4G266900.2.p, Aqcoe4G266900.3.p, Aqcoe4G266800.1.p, Aqcoe4G266900.1.p, Aqcoe4G298500.1.p, Aqcoe5G394700.1.p, Aqcoe5G394500.1.p, Aqcoe2G118600.1.p, Aqcoe2G113500.1.p, Aqcoe2G113400.1.p, Aqcoe2G118500.1.p
OG0000104	VIT_208s0007g02710.1	Aqcoe1G436600.1.p
OG0000104	VIT_206s0080g00980.1, VIT_206s0080g00990.1, VIT_206s0080g01020.1, VIT_206s0080g01000.1, VIT_208s0007g02720.3, VIT_208s0007g02720.1, VIT_208s0007g02720.2	Aqcoe2G117900.1.p
OG0000105	VIT_214s0066g00460.2, VIT_214s0066g00460.1	Aqcoe3G145000.1.p, Aqcoe5G400800.1.p
OG0000105	VIT_210s0116g00440.1	Aqcoe4G304500.1.p, Aqcoe4G304500.2.p
OG0000105	VIT_208s0007g03600.1, VIT_208s0007g03600.2, VIT_206s0061g01540.1	Aqcoe2G131100.1.p, Aqcoe1G452500.2.p, Aqcoe1G452500.1.p
OG0000106	VIT_218s0001g00300.1	Aqcoe6G196800.1.p, Aqcoe6G197000.1.p, Aqcoe6G192900.1.p, Aqcoe6G196600.1.p, Aqcoe6G196700.1.p, Aqcoe6G197300.1.p
OG0000106	VIT_203s0038g03490.1, VIT_203s0038g03510.1, VIT_203s0038g03780.1, VIT_203s0038g03790.1, VIT_203s0038g03485.1, VIT_203s0038g03770.1, VIT_203s0038g03756.1, VIT_203s0038g03760.1, VIT_203s0038g03465.1, VIT_203s0038g03480.1, VIT_203s0038g03470.1, VIT_203s0038g03500.1, VIT_203s0038g03520.1	Aqcoe6G197100.1.p
OG0000107	VIT_201s0011g04180.1	Aqcoe3G024000.1.p, Aqcoe2G152900.1.p
OG0000107	VIT_214s0006g02480.3, VIT_214s0006g02480.2, VIT_214s0006g02480.1, VIT_214s0006g02480.4, VIT_214s0006g02480.6, VIT_214s0006g02480.5	Aqcoe2G153000.12.p, Aqcoe2G153000.13.p, Aqcoe2G153000.5.p, Aqcoe2G153000.3.p, Aqcoe2G153000.1.p, Aqcoe2G153000.8.p, Aqcoe2G153000.6.p, Aqcoe2G153000.2.p, Aqcoe2G153000.4.p, Aqcoe2G153000.7.p, Aqcoe2G153000.10.p, Aqcoe2G153000.11.p, Aqcoe2G153000.9.p, Aqcoe3G024100.2.p, Aqcoe3G024100.8.p, Aqcoe3G024100.3.p, Aqcoe3G024100.5.p, Aqcoe3G024100.1.p, Aqcoe3G024100.7.p, Aqcoe3G024100.6.p, Aqcoe3G024100.9.p, Aqcoe3G024100.4.p
OG0000107	VIT_217s0000g03170.2, VIT_217s0000g03170.1	Aqcoe3G156300.1.p
OG0000108	VIT_207s0005g02660.7, VIT_207s0005g02660.3, VIT_207s0005g02660.8, VIT_207s0005g02660.4, VIT_207s0005g02660.1	Aqcoe2G248100.2.p, Aqcoe2G248100.1.p, Aqcoe2G248100.3.p, Aqcoe2G248100.4.p, Aqcoe4G098900.1.p, Aqcoe1G248700.2.p, Aqcoe1G248700.3.p, Aqcoe1G248700.1.p, Aqcoe1G248900.1.p, Aqcoe1G248900.2.p, Aqcoe2G248000.1.p, Aqcoe4G162600.1.p, Aqcoe4G162600.2.p, Aqcoe1G107000.1.p
OG0000108	VIT_205s0020g00900.6, VIT_205s0020g00890.4, VIT_205s0020g00890.2, VIT_205s0020g00890.1, VIT_205s0020g00890.3	Aqcoe5G291000.1.p, Aqcoe5G290900.1.p
OG0000108	VIT_210s0003g02540.1, VIT_210s0003g02570.1, VIT_210s0003g02580.1	Aqcoe4G017400.3.p, Aqcoe4G017400.2.p, Aqcoe4G017400.1.p, Aqcoe4G017300.1.p
OG0000109	VIT_203s0038g00700.1	Aqcoe6G247900.1.p, Aqcoe6G247900.2.p
OG0000109	VIT_204s0023g03060.2, VIT_204s0023g03060.3, VIT_204s0023g03060.4, VIT_204s0023g03060.1, VIT_218s0001g13580.1	Aqcoe5G178000.1.p, Aqcoe5G178000.2.p
OG0000112	VIT_219s0027g00800.1	Aqcoe7G228400.1.p, Aqcoe4G301500.1.p, Aqcoe7G225300.1.p, Aqcoe3G207100.1.p, Aqcoe7G228500.1.p
OG0000112	VIT_214s0108g00960.1	Aqcoe4G200100.1.p
OG0000113	VIT_204s0008g05640.1	Aqcoe6G315000.1.p
OG0000113	VIT_215s0048g00630.1	Aqcoe7G080200.1.p
OG0000113	VIT_212s0035g02000.1	Aqcoe5G161300.1.p
OG0000113	VIT_212s0055g00800.1, VIT_202s0154g00300.1	Aqcoe7G076700.1.p
OG0000114	VIT_200s0347g00060.1, VIT_200s0743g00020.1, VIT_200s0353g00020.1, VIT_200s0420g00030.1, VIT_200s0420g00010.1	Aqcoe1G244900.2.p, Aqcoe1G244900.5.p, Aqcoe1G244900.1.p, Aqcoe1G244900.3.p, Aqcoe1G244900.4.p, Aqcoe1G272500.1.p, Aqcoe1G272500.3.p, Aqcoe1G272500.2.p, Aqcoe4G031600.1.p, Aqcoe4G031600.2.p, Aqcoe4G031600.3.p, Aqcoe1G245000.3.p, Aqcoe1G245000.4.p, Aqcoe1G245000.2.p, Aqcoe1G245000.1.p
OG0000114	VIT_200s0420g00005.1, VIT_200s0353g00050.2, VIT_200s0353g00050.1	Aqcoe1G279800.2.p, Aqcoe1G279800.1.p
OG0000115	VIT_208s0040g00710.1, VIT_208s0040g00715.1	Aqcoe5G137100.1.p, Aqcoe5G137500.1.p
OG0000115	VIT_214s0060g00990.1, VIT_214s0060g01000.1	Aqcoe7G428900.1.p
OG0000116	VIT_206s0004g04370.1	Aqcoe3G420700.1.p, Aqcoe1G480100.1.p, Aqcoe7G321900.1.p, Aqcoe1G485800.1.p, Aqcoe3G423600.1.p, Aqcoe3G420800.1.p
OG0000116	VIT_213s0019g00780.1, VIT_206s0004g03890.1	Aqcoe7G324500.1.p
OG0000117	VIT_201s0011g05070.1, VIT_201s0011g05082.1, VIT_201s0011g05150.1, VIT_201s0011g05180.1, VIT_201s0011g05190.1, VIT_201s0011g05170.1, VIT_201s0011g05120.1, VIT_201s0011g05110.1, VIT_201s0011g05140.1, VIT_201s0011g05130.1	Aqcoe1G501500.1.p
OG0000118	VIT_219s0015g01190.1	Aqcoe7G258200.1.p
OG0000118	VIT_202s0025g01050.4	Aqcoe5G444300.1.p
OG0000118	VIT_202s0025g01050.2	Aqcoe7G017800.1.p
OG0000118	VIT_203s0038g02390.1	Aqcoe5G212800.1.p, Aqcoe6G221500.1.p
OG0000120	VIT_208s0007g06170.2, VIT_208s0007g06170.1, VIT_208s0007g06170.4, VIT_208s0007g06170.3	Aqcoe2G011200.1.p, Aqcoe1G018900.1.p
OG0000120	VIT_208s0007g06140.1	Aqcoe1G020800.1.p, Aqcoe1G020800.2.p
OG0000120	VIT_213s0064g01380.1	Aqcoe2G011900.5.p, Aqcoe2G011900.3.p, Aqcoe2G011900.4.p, Aqcoe2G011900.6.p, Aqcoe2G011900.2.p, Aqcoe2G011900.1.p
OG0000120	VIT_215s0046g03030.1, VIT_215s0046g03030.2	Aqcoe7G036400.1.p
OG0000121	VIT_214s0036g01040.1, VIT_214s0036g01050.1, VIT_201s0011g00800.1, VIT_206s0009g00800.1	Aqcoe1G068600.1.p
OG0000121	VIT_206s0009g00810.1, VIT_206s0009g00810.5, VIT_206s0009g00810.2, VIT_206s0009g00810.6, VIT_206s0009g00810.4, VIT_206s0009g00810.3	Aqcoe1G069000.4.p, Aqcoe1G069000.1.p, Aqcoe1G069000.2.p, Aqcoe1G069000.5.p, Aqcoe1G069000.6.p, Aqcoe1G069000.7.p, Aqcoe1G069000.3.p, Aqcoe1G068800.1.p, Aqcoe1G069100.1.p
OG0000121	VIT_208s0032g00470.2, VIT_208s0032g00470.5, VIT_206s0004g06110.4, VIT_206s0009g00780.1, VIT_208s0032g00470.3	Aqcoe1G069200.2.p, Aqcoe1G069200.4.p, Aqcoe1G069200.3.p, Aqcoe1G069200.1.p, Aqcoe1G069400.1.p, Aqcoe1G069400.2.p
OG0000122	VIT_211s0037g01170.1	Aqcoe2G146000.1.p
OG0000123	VIT_216s0100g00750.1, VIT_216s0100g01170.3, VIT_216s0100g01170.4, VIT_216s0100g01170.1, VIT_216s0100g01160.1, VIT_216s0100g01070.1, VIT_210s0042g00920.1, VIT_210s0042g00930.1, VIT_216s0100g00780.1, VIT_216s0100g00910.1, VIT_216s0100g00830.1, VIT_216s0100g01150.1, VIT_216s0100g01120.1, VIT_216s0100g01140.1, VIT_216s0100g01170.2, VIT_216s0100g01020.2, VIT_216s0100g00770.1, VIT_216s0100g00990.1, VIT_216s0100g01010.1, VIT_216s0100g01020.3, VIT_216s0100g00900.1, VIT_216s0100g00930.1, VIT_216s0100g00880.1, VIT_216s0100g01020.1, VIT_216s0100g01000.1, VIT_216s0100g01040.1, VIT_216s0100g00920.1, VIT_216s0100g00840.1, VIT_216s0100g00940.1, VIT_216s0100g00850.1	Aqcoe2G387500.1.p, Aqcoe2G118400.1.p, Aqcoe3G357100.1.p
OG0000123	VIT_214s0068g00920.2, VIT_214s0068g00920.3, VIT_214s0068g00920.1	Aqcoe5G334300.1.p
OG0000124	VIT_203s0063g00830.1, VIT_203s0063g00820.1, VIT_203s0063g00730.1, VIT_203s0063g00710.1, VIT_203s0063g00700.1, VIT_203s0063g00720.1, VIT_203s0063g00750.1, VIT_203s0063g00740.1	Aqcoe6G146500.2.p, Aqcoe6G146500.1.p, Aqcoe4G288300.1.p, Aqcoe6G145700.1.p, Aqcoe6G146400.1.p, Aqcoe6G152400.1.p
OG0000124	VIT_218s0001g10800.1	Aqcoe5G156400.1.p
OG0000124	VIT_218s0001g10810.1	Aqcoe5G156300.1.p
OG0000124	VIT_205s0020g03010.1, VIT_205s0020g03000.1	Aqcoe2G339400.1.p
OG0000125	VIT_207s0104g00830.1	Aqcoe2G321200.1.p
OG0000125	VIT_214s0030g00210.1, VIT_214s0030g00210.3, VIT_214s0030g00210.2	Aqcoe2G321300.1.p
OG0000125	VIT_205s0020g02170.1	Aqcoe2G319500.1.p
OG0000127	VIT_207s0104g01340.1	Aqcoe2G313000.1.p
OG0000127	VIT_217s0000g00830.3, VIT_217s0000g00830.2, VIT_217s0000g00830.4, VIT_217s0000g00830.1, VIT_204s0043g00980.1, VIT_217s0000g00820.1, VIT_201s0146g00260.1, VIT_201s0146g00260.2, VIT_201s0146g00260.3	Aqcoe3G159400.1.p, Aqcoe5G345400.2.p, Aqcoe5G345400.1.p
OG0000128	VIT_209s0054g01280.1	Aqcoe7G249400.1.p, Aqcoe5G410100.1.p
OG0000129	VIT_204s0069g00740.1	Aqcoe7G330100.1.p
OG0000129	VIT_211s0052g00985.1, VIT_211s0052g01020.1, VIT_211s0052g01020.4, VIT_211s0052g01020.2, VIT_211s0052g01020.3	Aqcoe0018s0008.3.p, Aqcoe0018s0008.1.p, Aqcoe0018s0008.2.p, Aqcoe0018s0007.1.p, Aqcoe1G239100.1.p, Aqcoe1G239100.2.p, Aqcoe7G330700.1.p, Aqcoe0018s0003.3.p, Aqcoe0018s0003.2.p, Aqcoe0018s0003.1.p, Aqcoe7G330300.1.p, Aqcoe7G330300.2.p, Aqcoe7G330000.1.p, Aqcoe4G109900.1.p, Aqcoe4G109600.1.p, Aqcoe7G256400.1.p, Aqcoe4G123000.1.p, Aqcoe7G256300.1.p
OG0000131	VIT_211s0016g01220.1, VIT_209s0002g01320.1, VIT_218s0086g00410.1, VIT_207s0005g05920.1, VIT_207s0005g05910.1, VIT_207s0005g05930.1, VIT_207s0005g05985.1, VIT_212s0059g00740.1, VIT_218s0086g00590.1, VIT_209s0002g01330.1, VIT_209s0002g01340.1	Aqcoe7G437600.1.p
OG0000134	VIT_200s0567g00060.1	Aqcoe5G010900.1.p, Aqcoe6G151700.1.p, Aqcoe1G045900.2.p, Aqcoe1G045900.3.p, Aqcoe1G045900.1.p, Aqcoe6G152000.1.p, Aqcoe6G151800.1.p, Aqcoe5G411300.1.p
OG0000134	VIT_200s0567g00040.1	Aqcoe6G152200.1.p, Aqcoe6G152100.1.p
OG0000134	VIT_218s0001g10930.1, VIT_218s0001g10910.1, VIT_218s0001g10870.1, VIT_218s0001g10870.2, VIT_218s0001g10830.1, VIT_218s0001g10830.2, VIT_218s0001g10830.3, VIT_218s0001g10940.1, VIT_218s0001g10970.1, VIT_218s0001g10950.1, VIT_218s0001g11010.3, VIT_218s0001g11010.1, VIT_218s0001g11010.2, VIT_218s0001g10880.1, VIT_218s0001g10920.1	Aqcoe6G146600.1.p, Aqcoe6G146900.1.p, Aqcoe6G147000.1.p, Aqcoe6G146700.1.p, Aqcoe6G146800.1.p, Aqcoe4G235500.1.p
OG0000135	VIT_204s0008g01360.1	Aqcoe7G122400.1.p
OG0000135	VIT_209s0054g01060.1, VIT_204s0008g02910.1, VIT_211s0065g00390.1	Aqcoe7G240700.1.p
OG0000136	VIT_210s0003g00570.2, VIT_212s0028g02630.2	Aqcoe5G212600.3.p, Aqcoe5G212600.1.p
OG0000136	VIT_217s0000g07890.1	Aqcoe3G301500.2.p, Aqcoe3G301500.1.p
OG0000136	VIT_215s0021g01130.1	Aqcoe3G257500.1.p
OG0000136	VIT_212s0028g02630.1	Aqcoe1G245600.3.p, Aqcoe1G245600.2.p, Aqcoe1G245600.1.p
OG0000136	VIT_203s0038g02380.1	Aqcoe6G221600.1.p, Aqcoe6G221600.2.p
OG0000136	VIT_204s0023g03860.3, VIT_204s0023g03860.1, VIT_204s0023g03860.2, VIT_218s0001g14670.3, VIT_218s0001g14670.1, VIT_218s0001g14670.4, VIT_218s0001g14670.2	Aqcoe5G212600.2.p, Aqcoe5G212600.4.p
OG0000137	VIT_205s0077g01670.1, VIT_205s0077g01530.1, VIT_205s0077g01540.1, VIT_205s0077g01560.1, VIT_205s0077g01550.1, VIT_205s0077g01580.1, VIT_205s0077g01590.1, VIT_205s0077g01630.1, VIT_205s0077g01650.1, VIT_205s0077g01660.1, VIT_205s0077g01600.1, VIT_205s0077g01690.1, VIT_205s0077g01520.1, VIT_205s0077g01680.1, VIT_207s0005g00930.1	Aqcoe2G284000.1.p, Aqcoe2G284400.1.p, Aqcoe6G231700.1.p, Aqcoe4G138100.1.p, Aqcoe2G284600.1.p, Aqcoe2G284200.1.p, Aqcoe2G284500.1.p, Aqcoe6G231900.1.p, Aqcoe5G094200.1.p
OG0000138	VIT_212s0059g00650.1	Aqcoe6G226600.1.p
OG0000138	VIT_213s0019g01890.1	Aqcoe2G224400.1.p
OG0000138	VIT_208s0040g01490.1	Aqcoe2G142900.1.p
OG0000139	VIT_206s0004g05780.1, VIT_208s0007g05130.1, VIT_213s0019g02960.1, VIT_213s0019g02860.1, VIT_213s0019g02795.1, VIT_213s0019g02810.1, VIT_213s0019g02880.1	Aqcoe1G233500.1.p
OG0000140	VIT_210s0071g00380.1, VIT_210s0071g00560.1, VIT_210s0071g00510.1, VIT_210s0071g00480.1, VIT_210s0071g00420.1, VIT_210s0071g00590.3, VIT_210s0071g00500.1, VIT_203s0091g00935.1, VIT_210s0071g00390.1, VIT_210s0071g00550.1, VIT_210s0071g00430.1, VIT_204s0023g00230.1, VIT_210s0071g00590.1, VIT_210s0071g00590.2, VIT_203s0091g00930.1, VIT_204s0023g00210.1, VIT_210s0071g00470.1, VIT_210s0071g00360.1, VIT_210s0071g00350.1, VIT_210s0071g00330.3, VIT_210s0071g00330.1, VIT_210s0071g00330.2, VIT_210s0071g00375.1, VIT_210s0071g00370.1, VIT_210s0071g00343.1, VIT_210s0071g00355.1, VIT_210s0071g00365.1, VIT_204s0023g00250.1, VIT_204s0023g00240.1, VIT_210s0071g00340.1, VIT_210s0071g00320.1, VIT_217s0119g00110.1	Aqcoe3G439600.1.p
OG0000142	VIT_209s0002g05062.1	Aqcoe3G272400.1.p, Aqcoe4G086900.1.p
OG0000142	VIT_209s0002g06202.1, VIT_209s0002g06210.2, VIT_209s0002g06210.1, VIT_209s0002g06136.1, VIT_209s0002g06136.2, VIT_209s0002g00190.1, VIT_209s0002g00250.1, VIT_209s0096g00200.1, VIT_209s0096g00760.1, VIT_209s0096g00420.1, VIT_209s0002g06140.1, VIT_209s0002g06260.1, VIT_209s0002g06240.2, VIT_209s0002g06240.1, VIT_209s0096g00390.1, VIT_209s0002g06230.1, VIT_209s0096g00840.1, VIT_209s0018g00480.1, VIT_209s0002g06133.1, VIT_209s0002g06152.1, VIT_209s0002g00270.1, VIT_209s0096g00830.1, VIT_211s0037g01270.1, VIT_211s0016g01860.1, VIT_209s0002g05830.1, VIT_209s0096g00740.1, VIT_209s0002g00240.1, VIT_209s0070g00350.1, VIT_209s0002g03980.1, VIT_209s0002g03270.1, VIT_209s0002g03300.1, VIT_219s0027g01631.1	Aqcoe4G041600.1.p, Aqcoe4G049300.1.p, Aqcoe3G044000.1.p, Aqcoe4G046900.1.p, Aqcoe4G042800.2.p, Aqcoe4G042800.1.p, Aqcoe4G046700.1.p, Aqcoe4G047400.1.p, Aqcoe4G054100.1.p, Aqcoe4G053500.1.p, Aqcoe4G003300.1.p, Aqcoe4G112700.1.p, Aqcoe4G140700.1.p, Aqcoe2G046000.1.p, Aqcoe5G319200.1.p, Aqcoe4G069400.2.p, Aqcoe4G069400.1.p, Aqcoe4G167300.1.p, Aqcoe4G050300.1.p, Aqcoe4G050300.3.p, Aqcoe4G050300.2.p, Aqcoe3G272500.1.p
OG0000143	VIT_200s0324g00070.1	Aqcoe4G241400.1.p, Aqcoe4G010500.1.p, Aqcoe4G301600.1.p
OG0000143	VIT_200s0324g00100.1	Aqcoe0908s0001.1.p, Aqcoe4G287800.1.p, Aqcoe4G287600.1.p, Aqcoe6G081500.1.p, Aqcoe6G081200.1.p, Aqcoe6G081300.1.p, Aqcoe6G081800.1.p
OG0000144	VIT_212s0035g00310.1	Aqcoe5G299000.1.p
OG0000144	VIT_218s0001g06310.2, VIT_218s0001g06310.1, VIT_207s0191g00070.1, VIT_207s0191g00070.7, VIT_200s0710g00020.2	Aqcoe6G078400.1.p
OG0000144	VIT_202s0236g00130.2, VIT_202s0236g00130.4, VIT_202s0236g00130.3, VIT_202s0236g00130.1	Aqcoe4G072200.1.p, Aqcoe5G190800.1.p, Aqcoe3G244400.1.p, Aqcoe3G244500.1.p
OG0000145	VIT_206s0009g01450.6, VIT_206s0009g01450.2, VIT_206s0009g01450.1, VIT_206s0009g01450.4, VIT_206s0009g01450.5, VIT_206s0009g01450.3	Aqcoe5G342300.1.p
OG0000145	VIT_206s0061g00620.1, VIT_206s0061g00670.1, VIT_206s0061g00670.2, VIT_206s0061g00640.1, VIT_215s0046g03570.1, VIT_215s0046g03590.1, VIT_215s0046g03580.1, VIT_215s0046g03550.1, VIT_215s0046g03600.3, VIT_215s0046g03600.4, VIT_215s0046g03600.1, VIT_215s0046g03600.2, VIT_215s0046g03600.6, VIT_215s0046g03600.7, VIT_215s0046g03600.5, VIT_215s0046g03650.2, VIT_215s0046g03650.1, VIT_202s0025g04510.1	Aqcoe7G039100.1.p, Aqcoe7G039100.2.p, Aqcoe7G038900.2.p, Aqcoe7G038900.1.p, Aqcoe7G039000.1.p
OG0000146	VIT_219s0085g01050.1	Aqcoe5G252500.1.p
OG0000146	VIT_213s0019g03030.1, VIT_213s0019g02900.1	Aqcoe5G070200.1.p, Aqcoe1G144400.2.p
OG0000146	VIT_213s0019g03090.1, VIT_213s0019g02930.1, VIT_213s0019g03000.1	Aqcoe1G092700.1.p
OG0000146	VIT_213s0019g03170.1	Aqcoe1G092200.1.p
OG0000147	VIT_214s0066g00310.3, VIT_214s0066g00310.4, VIT_214s0066g00310.6, VIT_214s0066g00310.5, VIT_214s0066g00310.2, VIT_214s0066g00310.1	Aqcoe5G397600.3.p, Aqcoe5G397600.2.p, Aqcoe5G397600.1.p, Aqcoe5G397600.4.p
OG0000147	VIT_201s0137g00770.1, VIT_200s0187g00030.1	Aqcoe3G141500.2.p, Aqcoe3G141500.1.p, Aqcoe3G141500.3.p
OG0000147	VIT_206s0004g02700.9, VIT_206s0004g02700.2, VIT_206s0004g02700.1, VIT_206s0004g02700.3, VIT_206s0004g02700.7, VIT_206s0004g02700.8, VIT_206s0004g02700.4, VIT_206s0004g02700.5, VIT_206s0004g02700.6	Aqcoe1G141800.2.p, Aqcoe1G141800.1.p
OG0000148	VIT_206s0004g04990.1, VIT_206s0004g04980.1, VIT_206s0004g04970.1, VIT_206s0004g04960.1, VIT_206s0004g04950.1, VIT_213s0019g01710.2, VIT_213s0019g01710.1, VIT_213s0019g01810.2, VIT_213s0019g01810.1, VIT_213s0019g01780.1, VIT_213s0019g01790.1, VIT_213s0019g01700.1, VIT_208s0007g00510.1, VIT_208s0007g00510.2, VIT_208s0007g00510.3	Aqcoe1G108600.2.p, Aqcoe1G108600.4.p, Aqcoe1G108600.1.p, Aqcoe1G108600.3.p
OG0000149	VIT_204s0008g06610.3, VIT_204s0008g06610.2, VIT_204s0008g06610.1	Aqcoe5G411900.2.p, Aqcoe5G411900.1.p
OG0000149	VIT_209s0002g07160.1	Aqcoe3G228300.1.p
OG0000152	VIT_206s0061g00870.1, VIT_206s0004g04230.1	Aqcoe3G149900.1.p
OG0000152	VIT_206s0004g04250.1	Aqcoe7G298400.1.p, Aqcoe1G411800.1.p, Aqcoe1G412400.1.p, Aqcoe1G430600.1.p, Aqcoe3G407600.1.p
OG0000153	VIT_206s0004g03490.1	Aqcoe1G489000.1.p
OG0000153	VIT_213s0019g03600.3, VIT_213s0019g03600.1, VIT_213s0019g03600.2, VIT_213s0019g03600.4, VIT_200s0259g00180.1, VIT_200s1287g00010.1, VIT_219s0015g00440.2, VIT_219s0015g00440.1, VIT_208s0040g03260.4, VIT_208s0040g03260.2, VIT_208s0040g03260.1, VIT_208s0040g03260.5, VIT_208s0040g03260.7, VIT_208s0040g03260.6, VIT_208s0040g03260.3	Aqcoe1G489000.2.p
OG0000154	VIT_205s0020g00490.1	Aqcoe5G298100.1.p
OG0000154	VIT_201s0127g00440.1, VIT_201s0127g00440.4, VIT_201s0127g00440.3, VIT_201s0127g00440.5, VIT_201s0127g00440.2	Aqcoe3G286800.1.p, Aqcoe3G124000.1.p, Aqcoe3G124000.2.p
OG0000154	VIT_207s0129g01090.5, VIT_207s0129g01090.4, VIT_207s0129g01090.2, VIT_207s0129g01090.1, VIT_207s0129g01090.3	Aqcoe5G140900.2.p, Aqcoe5G140900.1.p
OG0000156	VIT_218s0001g08470.1, VIT_200s1352g00010.2, VIT_200s1352g00010.1	Aqcoe7G150600.1.p
OG0000156	VIT_211s0052g01490.1	Aqcoe7G328900.1.p
OG0000156	VIT_204s0008g00620.1	Aqcoe7G143400.1.p
OG0000156	VIT_208s0007g05030.1	Aqcoe2G205500.1.p, Aqcoe1G132600.1.p
OG0000159	VIT_215s0048g02450.1, VIT_215s0048g02490.2, VIT_215s0048g02490.1, VIT_215s0048g02480.1	Aqcoe6G153500.1.p, Aqcoe6G153700.1.p, Aqcoe1G187100.1.p, Aqcoe4G288900.1.p, Aqcoe0440s0003.1.p, Aqcoe4G288500.1.p, Aqcoe0440s0001.1.p, Aqcoe4G291800.1.p, Aqcoe4G289900.1.p, Aqcoe1G187200.1.p
OG0000159	VIT_218s0001g02610.2, VIT_218s0001g02610.3, VIT_218s0001g02610.4, VIT_218s0001g02610.1, VIT_219s0135g00030.1	Aqcoe6G153900.1.p, Aqcoe5G015700.2.p, Aqcoe5G015200.2.p, Aqcoe5G015200.1.p, Aqcoe5G015700.1.p, Aqcoe6G282000.2.p, Aqcoe7G154400.1.p, Aqcoe7G153800.1.p, Aqcoe6G282000.1.p, Aqcoe7G148200.1.p, Aqcoe7G278100.1.p, Aqcoe4G135300.1.p, Aqcoe5G014800.1.p, Aqcoe5G015900.1.p, Aqcoe2G285200.1.p, Aqcoe5G014700.1.p
OG0000160	VIT_218s0122g00990.3, VIT_218s0122g00990.1, VIT_218s0122g00990.2, VIT_218s0122g00990.5	Aqcoe6G170700.3.p, Aqcoe6G170700.2.p, Aqcoe6G170700.1.p, Aqcoe6G170700.4.p, Aqcoe6G170700.5.p
OG0000160	VIT_207s0031g02170.4, VIT_207s0031g02170.2, VIT_207s0031g02170.3, VIT_207s0031g02170.1, VIT_207s0031g02170.6, VIT_207s0031g02170.5, VIT_203s0038g03920.1, VIT_203s0038g03920.2	Aqcoe6G170600.1.p, Aqcoe6G170600.4.p
OG0000161	VIT_200s0346g00040.1	Aqcoe6G070400.1.p
OG0000161	VIT_200s0211g00155.1, VIT_200s0211g00190.1	Aqcoe6G070000.1.p, Aqcoe6G070200.1.p, Aqcoe4G260400.1.p, Aqcoe4G260500.1.p
OG0000162	VIT_217s0000g03340.1, VIT_214s0006g02600.2, VIT_214s0006g02600.1, VIT_214s0006g02600.3, VIT_214s0006g02600.5, VIT_214s0006g02600.4, VIT_214s0006g02600.6, VIT_201s0011g03980.1, VIT_201s0011g03960.1, VIT_201s0011g03950.1	Aqcoe3G026900.1.p, Aqcoe3G027200.1.p
OG0000163	VIT_207s0005g02970.1	Aqcoe5G033700.1.p
OG0000163	VIT_209s0002g01910.5, VIT_209s0002g01910.6, VIT_209s0002g01910.8, VIT_209s0002g01910.7, VIT_209s0002g01910.10, VIT_209s0002g01910.3, VIT_209s0002g01910.2, VIT_209s0002g01910.4, VIT_209s0002g01910.1	Aqcoe7G119200.1.p
OG0000163	VIT_214s0081g00160.2	Aqcoe2G366600.2.p, Aqcoe2G366600.1.p
OG0000164	VIT_219s0014g01840.1, VIT_217s0053g00680.1	Aqcoe3G009200.1.p
OG0000164	VIT_208s0007g04360.1, VIT_206s0061g01040.1	Aqcoe5G237200.1.p, Aqcoe5G237200.2.p, Aqcoe2G159700.1.p
OG0000164	VIT_211s0016g04620.1	Aqcoe7G204100.3.p, Aqcoe7G204100.1.p, Aqcoe7G204100.2.p, Aqcoe7G204100.4.p, Aqcoe7G204100.5.p, Aqcoe7G204100.7.p, Aqcoe7G204100.6.p
OG0000164	VIT_205s0020g04190.1, VIT_205s0020g04190.2	Aqcoe5G046400.1.p
OG0000165	VIT_219s0014g00900.1, VIT_219s0014g00870.1, VIT_219s0014g00920.1	Aqcoe4G046600.1.p, Aqcoe6G280100.1.p
OG0000168	VIT_213s0047g00030.1	Aqcoe2G019300.1.p
OG0000168	VIT_208s0040g00510.3, VIT_208s0040g00510.7, VIT_208s0040g00510.1, VIT_208s0040g00510.2, VIT_208s0040g00510.5, VIT_208s0040g00510.6, VIT_208s0040g00510.4, VIT_213s0047g00080.1, VIT_213s0047g00050.1, VIT_213s0047g00010.2, VIT_213s0047g00010.4, VIT_213s0047g00010.1, VIT_213s0047g00040.1, VIT_213s0047g00010.3	Aqcoe2G020200.1.p, Aqcoe2G019900.1.p, Aqcoe2G019900.2.p, Aqcoe2G019900.3.p, Aqcoe2G020100.2.p, Aqcoe2G020100.1.p
OG0000169	VIT_200s0214g00040.1, VIT_200s0214g00090.1, VIT_200s0214g00060.1, VIT_200s0214g00130.1, VIT_200s0214g00150.2, VIT_200s0214g00150.3, VIT_200s0214g00150.1, VIT_200s0214g00160.1	Aqcoe2G386200.1.p, Aqcoe4G262600.1.p, Aqcoe2G385900.1.p
OG0000169	VIT_214s0060g01990.2, VIT_214s0060g01990.1, VIT_214s0060g02020.1, VIT_214s0060g02000.1	Aqcoe2G287500.1.p, Aqcoe5G093300.1.p
OG0000170	VIT_205s0049g00890.3	Aqcoe1G096000.2.p
OG0000170	VIT_208s0056g00220.1	Aqcoe2G072300.1.p
OG0000170	VIT_202s0025g00480.1	Aqcoe7G023200.1.p, Aqcoe5G436900.2.p, Aqcoe5G436900.1.p
OG0000170	VIT_205s0049g00890.1, VIT_205s0049g00890.2, VIT_214s0036g00370.1, VIT_214s0036g00370.2	Aqcoe5G026300.1.p
OG0000171	VIT_211s0016g03350.1, VIT_204s0008g03400.1	Aqcoe7G159800.1.p
OG0000171	VIT_215s0021g02110.1, VIT_200s0341g00080.1, VIT_200s0632g00010.1, VIT_200s0341g00070.1, VIT_214s0006g02290.1	Aqcoe5G406400.1.p
OG0000172	VIT_206s0004g08210.4, VIT_206s0004g08210.2, VIT_206s0004g08210.1, VIT_206s0004g08210.3, VIT_208s0040g00060.2, VIT_208s0040g00060.1	Aqcoe1G499700.3.p, Aqcoe1G499700.6.p, Aqcoe1G499700.4.p, Aqcoe1G499700.1.p, Aqcoe1G499700.5.p, Aqcoe1G499700.2.p, Aqcoe1G499700.7.p
OG0000178	VIT_215s0045g00920.1, VIT_215s0045g01010.1, VIT_215s0045g00810.1, VIT_215s0045g00640.1, VIT_215s0045g00880.1, VIT_215s0045g00680.1, VIT_215s0046g03660.1, VIT_215s0045g01020.1, VIT_215s0045g00980.1, VIT_215s0046g02825.2, VIT_215s0021g00205.1, VIT_215s0046g02825.1, VIT_215s0021g00120.1, VIT_215s0021g00125.1, VIT_215s0046g02760.1, VIT_216s0022g01330.1, VIT_215s0046g02810.1, VIT_200s0448g00020.1, VIT_215s0021g00130.1, VIT_215s0046g02820.1, VIT_215s0046g02750.1, VIT_215s0046g02730.1, VIT_215s0046g02800.1	Aqcoe3G358000.1.p, Aqcoe1G172300.1.p, Aqcoe1G176200.1.p, Aqcoe1G175500.2.p, Aqcoe1G175500.1.p, Aqcoe1G176100.1.p, Aqcoe3G358100.1.p, Aqcoe3G358200.2.p, Aqcoe3G358200.1.p
OG0000178	VIT_203s0038g01620.1, VIT_203s0038g01750.1, VIT_203s0038g01740.1, VIT_203s0038g01590.1, VIT_203s0038g01670.1, VIT_203s0038g01670.3, VIT_203s0038g01670.4, VIT_203s0038g01630.1, VIT_203s0038g01670.2, VIT_203s0038g01610.1, VIT_203s0038g01520.1, VIT_203s0038g01530.1, VIT_203s0038g01550.1, VIT_203s0038g01580.1, VIT_203s0038g01540.1, VIT_203s0038g01760.1, VIT_202s0033g01113.1, VIT_215s0046g02720.1	Aqcoe1G253200.1.p
OG0000179	VIT_213s0067g03500.1	Aqcoe6G285900.1.p, Aqcoe1G482500.1.p, Aqcoe1G482500.2.p
OG0000179	VIT_203s0038g02650.1, VIT_203s0038g02650.4, VIT_203s0038g02650.5, VIT_203s0038g02650.3, VIT_203s0038g02650.2	Aqcoe6G200300.1.p
OG0000180	VIT_211s0016g00470.1	Aqcoe7G438900.3.p, Aqcoe7G438900.2.p, Aqcoe7G438900.1.p, Aqcoe7G438900.4.p
OG0000180	VIT_205s0077g01930.1, VIT_207s0005g00750.1, VIT_207s0005g00750.3, VIT_207s0005g00750.2	Aqcoe2G299800.2.p, Aqcoe2G299800.1.p
OG0000181	VIT_218s0001g02730.5, VIT_218s0001g02730.4, VIT_218s0001g02730.10, VIT_218s0001g02730.6, VIT_218s0001g02730.1, VIT_218s0001g02730.2, VIT_218s0001g02730.8, VIT_218s0001g02730.3, VIT_218s0001g02730.9, VIT_218s0001g02730.7, VIT_207s0031g02720.4, VIT_207s0031g02720.2, VIT_207s0031g02720.3, VIT_207s0031g02720.8, VIT_207s0031g02720.9, VIT_207s0031g02720.1, VIT_207s0031g02720.5, VIT_207s0031g02720.7, VIT_207s0031g02720.6	Aqcoe6G022900.4.p, Aqcoe6G022900.5.p, Aqcoe6G022900.6.p, Aqcoe6G022900.3.p, Aqcoe6G022900.1.p, Aqcoe6G022900.2.p
OG0000182	VIT_213s0019g04280.1	Aqcoe1G144000.1.p
OG0000182	VIT_206s0004g02850.2, VIT_208s0040g01890.2	Aqcoe1G144000.2.p
OG0000184	VIT_205s0049g00920.3, VIT_205s0049g00920.2, VIT_205s0049g00920.4, VIT_205s0049g00920.1, VIT_205s0049g00920.5, VIT_205s0049g00930.1	Aqcoe5G026700.1.p, Aqcoe5G026600.1.p, Aqcoe5G026500.1.p, Aqcoe5G026500.2.p
OG0000184	VIT_205s0049g00940.1, VIT_205s0049g00940.3, VIT_205s0049g00940.2, VIT_207s0005g03290.1	Aqcoe2G372300.1.p, Aqcoe2G372300.2.p, Aqcoe2G029400.1.p
OG0000185	VIT_214s0030g01560.1	Aqcoe2G345900.4.p, Aqcoe2G345900.3.p, Aqcoe2G345900.2.p, Aqcoe2G345900.1.p
OG0000185	VIT_205s0094g00780.1	Aqcoe2G434000.1.p
OG0000185	VIT_214s0030g01540.5, VIT_214s0030g01540.1, VIT_214s0030g01540.8, VIT_214s0030g01540.3, VIT_214s0030g01540.4, VIT_214s0030g01540.6, VIT_214s0030g01540.10, VIT_214s0030g01540.9, VIT_214s0030g01540.7, VIT_214s0030g01540.2, VIT_214s0030g01540.11	Aqcoe1G363700.1.p
OG0000186	VIT_217s0000g00240.1, VIT_217s0000g00240.5, VIT_217s0000g00240.3, VIT_217s0000g00240.2, VIT_217s0000g00240.7, VIT_217s0000g00240.4, VIT_217s0000g00240.6, VIT_201s0150g00090.7, VIT_201s0150g00090.15, VIT_201s0150g00090.3, VIT_201s0150g00090.10, VIT_201s0150g00090.12, VIT_201s0150g00090.1, VIT_201s0150g00090.8, VIT_201s0150g00090.4, VIT_201s0150g00090.13, VIT_201s0150g00090.2, VIT_201s0150g00090.14, VIT_201s0150g00090.5, VIT_201s0150g00090.11, VIT_201s0150g00090.6, VIT_201s0150g00090.9	Aqcoe5G325800.2.p, Aqcoe5G325800.1.p, Aqcoe4G193800.1.p, Aqcoe5G325800.3.p, Aqcoe3G205100.1.p
OG0000187	VIT_214s0068g01820.1	Aqcoe3G197600.1.p
OG0000187	VIT_217s0000g01210.1	Aqcoe3G197700.1.p, Aqcoe5G352600.1.p
OG0000187	VIT_214s0068g01830.1	Aqcoe5G352700.1.p, Aqcoe3G197800.1.p
OG0000187	VIT_214s0068g01850.1	Aqcoe3G198000.1.p
OG0000187	VIT_214s0068g01840.1	Aqcoe5G352800.1.p
OG0000187	VIT_214s0068g01860.1	Aqcoe3G198100.1.p
OG0000187	VIT_201s0010g03850.1	Aqcoe5G352900.1.p
OG0000188	VIT_202s0025g00350.2, VIT_202s0025g00350.3, VIT_202s0025g00350.1, VIT_216s0050g01250.1, VIT_216s0050g01190.1, VIT_216s0050g01240.1, VIT_216s0050g01220.1, VIT_215s0046g02230.2, VIT_215s0046g02230.3, VIT_215s0046g02230.1	Aqcoe5G437800.1.p
OG0000189	VIT_214s0066g01650.2, VIT_214s0066g01650.3, VIT_214s0066g01650.1, VIT_201s0026g00530.3, VIT_201s0026g00530.4, VIT_201s0026g00530.2, VIT_201s0026g00530.6, VIT_201s0026g00530.5, VIT_201s0026g00530.1, VIT_201s0026g00540.4, VIT_201s0026g00540.3, VIT_201s0026g00540.5, VIT_201s0026g00540.6, VIT_201s0026g00540.2, VIT_201s0026g00540.1	Aqcoe3G111100.1.p, Aqcoe3G111400.1.p, Aqcoe3G111000.1.p, Aqcoe3G111000.2.p, Aqcoe3G111000.3.p, Aqcoe3G110900.1.p
OG0000189	VIT_217s0000g07910.1, VIT_217s0000g07930.1	Aqcoe3G169100.1.p
OG0000190	VIT_205s0062g01423.1, VIT_205s0124g00010.1, VIT_205s0062g01400.1, VIT_205s0062g01395.1, VIT_205s0062g01390.1, VIT_205s0124g00230.1	Aqcoe2G233900.1.p, Aqcoe2G364900.1.p, Aqcoe2G359800.1.p
OG0000191	VIT_208s0007g07690.1	Aqcoe5G406700.1.p, Aqcoe7G087400.1.p, Aqcoe4G097000.1.p, Aqcoe4G096700.1.p, Aqcoe4G096900.1.p, Aqcoe1G036800.1.p, Aqcoe2G007800.1.p, Aqcoe6G166000.1.p
OG0000192	VIT_205s0094g01310.1	Aqcoe6G035300.1.p, Aqcoe6G035200.1.p
OG0000192	VIT_200s0220g00150.1, VIT_200s0220g00140.1, VIT_205s0094g01300.1, VIT_205s0094g01300.2	Aqcoe7G361800.1.p, Aqcoe5G418800.1.p, Aqcoe5G249100.1.p, Aqcoe5G249800.1.p
OG0000193	VIT_203s0097g00700.1, VIT_203s0088g00890.1, VIT_203s0088g00810.1, VIT_203s0088g00690.1, VIT_203s0088g00700.1, VIT_203s0088g00710.1, VIT_203s0088g00750.1, VIT_203s0088g00780.1	Aqcoe6G318300.1.p, Aqcoe6G318200.1.p
OG0000198	VIT_211s0037g00510.1	Aqcoe7G218700.1.p
OG0000198	VIT_206s0004g04510.1	Aqcoe2G183800.1.p, Aqcoe1G251900.1.p
OG0000199	VIT_205s0020g03910.1	Aqcoe2G350800.1.p
OG0000199	VIT_212s0028g03390.1	Aqcoe1G259300.1.p
OG0000199	VIT_203s0063g01370.1	Aqcoe5G171700.1.p, Aqcoe6G099500.1.p
OG0000199	VIT_211s0016g04190.1	Aqcoe7G395400.1.p
OG0000200	VIT_204s0023g02360.1	Aqcoe5G233200.1.p, Aqcoe5G173200.1.p, Aqcoe5G233000.1.p, Aqcoe5G173500.1.p
OG0000200	VIT_204s0023g02370.1	Aqcoe5G173700.1.p, Aqcoe5G230700.1.p, Aqcoe5G174000.1.p, Aqcoe5G191000.1.p, Aqcoe5G174100.1.p, Aqcoe5G230600.1.p
OG0000200	VIT_201s0010g02840.1, VIT_201s0010g02860.1, VIT_201s0010g02715.1, VIT_201s0010g02870.1, VIT_201s0010g02870.2, VIT_201s0010g02880.1, VIT_201s0010g02730.1	Aqcoe5G174300.1.p, Aqcoe5G174500.1.p, Aqcoe5G174200.1.p, Aqcoe5G174400.1.p, Aqcoe5G174700.1.p
OG0000201	VIT_200s0220g00130.1	Aqcoe5G008700.2.p, Aqcoe5G008700.1.p
OG0000201	VIT_205s0094g01120.2, VIT_205s0094g01250.1, VIT_205s0094g01260.2, VIT_205s0094g01260.1, VIT_205s0094g01230.1, VIT_205s0094g01120.1, VIT_205s0094g01130.2, VIT_205s0094g01130.4, VIT_205s0094g01130.3, VIT_205s0094g01130.1	Aqcoe2G438000.1.p, Aqcoe7G154900.1.p, Aqcoe6G281900.1.p, Aqcoe7G154200.1.p, Aqcoe2G437800.1.p
OG0000202	VIT_218s0001g13820.1, VIT_218s0001g13830.1, VIT_218s0001g13850.1, VIT_218s0001g13770.1, VIT_218s0001g13780.1, VIT_218s0001g13790.1, VIT_201s0137g00560.1, VIT_201s0137g00540.1, VIT_201s0137g00550.1, VIT_201s0137g00520.1, VIT_201s0137g00510.1, VIT_206s0004g06460.1, VIT_206s0004g06480.1	Aqcoe4G204600.1.p, Aqcoe4G289100.1.p, Aqcoe4G265100.1.p, Aqcoe6G184100.1.p, Aqcoe5G392400.1.p, Aqcoe5G392800.1.p, Aqcoe5G392300.1.p
OG0000203	VIT_216s0050g00720.6, VIT_216s0050g00720.1, VIT_216s0050g00720.3, VIT_216s0050g00720.7, VIT_216s0050g00720.5, VIT_216s0050g00720.2, VIT_216s0050g00720.4, VIT_215s0046g02450.8, VIT_215s0046g02450.9, VIT_215s0046g02450.6, VIT_215s0046g02450.7, VIT_215s0046g02450.2, VIT_215s0046g02450.5, VIT_215s0046g02450.3, VIT_215s0046g02450.4, VIT_215s0046g02450.1	Aqcoe7G030700.1.p
OG0000206	VIT_206s0004g01610.1	Aqcoe5G214000.1.p
OG0000206	VIT_213s0047g00250.1, VIT_213s0047g00250.3, VIT_213s0047g00250.2	Aqcoe2G002000.2.p, Aqcoe2G002000.1.p
OG0000207	VIT_207s0005g03030.1	Aqcoe5G031800.1.p, Aqcoe2G369000.1.p
OG0000207	VIT_213s0019g02060.1	Aqcoe2G227500.1.p
OG0000207	VIT_208s0056g01650.1	Aqcoe1G063700.1.p
OG0000207	VIT_215s0048g00840.1	Aqcoe7G065300.1.p
OG0000211	VIT_213s0067g02930.1	Aqcoe2G075300.1.p, Aqcoe1G402700.1.p
OG0000211	VIT_217s0053g00990.3, VIT_217s0053g00990.1, VIT_201s0026g02620.1, VIT_201s0026g02620.3, VIT_201s0026g02620.2, VIT_214s0108g01020.1, VIT_214s0108g01020.2	Aqcoe3G343800.1.p
OG0000212	VIT_216s0050g00220.1	Aqcoe6G208200.2.p
OG0000213	VIT_219s0090g00830.1	Aqcoe1G294200.1.p
OG0000213	VIT_210s0116g01210.1	Aqcoe4G211100.1.p, Aqcoe4G211100.2.p
OG0000213	VIT_214s0060g00330.1, VIT_214s0060g00330.2, VIT_205s0020g00950.3, VIT_205s0020g00950.1, VIT_205s0020g00950.2	Aqcoe2G246500.3.p, Aqcoe2G246500.2.p, Aqcoe2G246500.4.p, Aqcoe2G246500.1.p
OG0000214	VIT_202s0012g02830.1, VIT_214s0068g00440.1, VIT_214s0068g00450.1, VIT_214s0068g00460.1, VIT_214s0068g00500.1, VIT_214s0068g00480.1	Aqcoe3G362400.1.p, Aqcoe3G362300.1.p, Aqcoe3G362500.1.p, Aqcoe3G363000.1.p, Aqcoe3G363200.1.p, Aqcoe3G363200.2.p, Aqcoe3G363100.1.p, Aqcoe3G362900.1.p, Aqcoe3G362200.1.p, Aqcoe3G362100.1.p
OG0000214	VIT_214s0068g00490.1, VIT_217s0000g07015.1, VIT_214s0068g00470.1, VIT_217s0000g07030.1, VIT_217s0000g07080.1, VIT_217s0000g07015.2, VIT_217s0000g07015.3, VIT_217s0000g07060.1, VIT_217s0000g07020.1, VIT_217s0000g07070.1, VIT_217s0000g07100.1, VIT_217s0000g07110.1	Aqcoe3G062000.1.p, Aqcoe3G062400.2.p, Aqcoe3G062400.3.p, Aqcoe3G062400.1.p, Aqcoe3G062400.4.p, Aqcoe3G062200.1.p, Aqcoe1303s0001.1.p, Aqcoe3G062300.1.p, Aqcoe4G111600.2.p, Aqcoe4G111600.1.p, Aqcoe4G111600.4.p, Aqcoe4G111600.3.p, Aqcoe3G061900.1.p, Aqcoe3G062100.1.p, Aqcoe3G062500.1.p
OG0000215	VIT_207s0005g02160.1	Aqcoe1G364300.4.p
OG0000215	VIT_219s0177g00070.1	Aqcoe1G364100.2.p
OG0000215	VIT_219s0177g00040.1	Aqcoe1G364100.1.p
OG0000215	VIT_219s0177g00040.2	Aqcoe1G364300.2.p
OG0000215	VIT_219s0177g00070.3	Aqcoe3G170100.1.p
OG0000215	VIT_219s0177g00070.5	Aqcoe1G364300.1.p
OG0000215	VIT_214s0036g00930.1, VIT_214s0036g00990.1	Aqcoe4G081400.1.p, Aqcoe4G081400.2.p
OG0000216	VIT_219s0090g01440.2, VIT_219s0090g01440.1, VIT_200s1365g00010.1, VIT_212s0059g00560.1	Aqcoe4G281200.1.p, Aqcoe4G281200.2.p, Aqcoe1G333800.1.p, Aqcoe4G196300.1.p, Aqcoe4G196300.2.p
OG0000217	VIT_212s0055g00580.1, VIT_210s0092g00520.1, VIT_210s0092g00470.1, VIT_210s0092g00590.1, VIT_200s0125g00210.4, VIT_200s0125g00210.2, VIT_200s0125g00210.3, VIT_200s0125g00210.1, VIT_200s0125g00210.5, VIT_210s0092g00570.1, VIT_200s0125g00140.1, VIT_212s0055g00600.1, VIT_212s0055g00640.1, VIT_212s0055g00660.1	Aqcoe1G167400.1.p
OG0000218	VIT_201s0011g05960.1	Aqcoe3G415600.1.p
OG0000218	VIT_202s0012g01680.3	Aqcoe3G165200.4.p
OG0000218	VIT_202s0012g01680.1, VIT_202s0012g01680.2	Aqcoe3G165200.1.p, Aqcoe3G165200.2.p, Aqcoe3G165200.3.p, Aqcoe5G337500.1.p
OG0000219	VIT_216s0022g02220.1, VIT_216s0050g01740.1, VIT_216s0022g00110.1, VIT_216s0022g00170.1, VIT_205s0029g01000.1, VIT_200s0316g00060.1, VIT_200s0421g00020.1, VIT_214s0068g02270.1, VIT_214s0068g02210.1, VIT_201s0010g03124.1	Aqcoe3G294400.1.p, Aqcoe4G127700.1.p, Aqcoe5G077400.1.p, Aqcoe4G140100.1.p, Aqcoe7G214800.1.p, Aqcoe3G127800.1.p
OG0000220	VIT_203s0038g01050.1	Aqcoe4G211900.1.p, Aqcoe4G209000.1.p, Aqcoe7G066500.3.p, Aqcoe7G066500.2.p, Aqcoe7G066500.1.p, Aqcoe7G066600.1.p, Aqcoe7G066400.1.p
OG0000220	VIT_219s0015g01630.1, VIT_219s0015g01660.1, VIT_219s0015g01590.1, VIT_219s0015g01560.1	Aqcoe5G169500.1.p
OG0000221	VIT_201s0011g05230.2, VIT_201s0011g05230.1	Aqcoe3G417800.1.p
OG0000221	VIT_214s0006g01250.1, VIT_217s0000g02290.2, VIT_217s0000g02290.1	Aqcoe3G417900.1.p, Aqcoe1G048200.1.p
OG0000222	VIT_216s0039g02020.2, VIT_216s0039g02020.1	Aqcoe3G171800.1.p
OG0000222	VIT_203s0038g04120.1	Aqcoe5G113400.1.p
OG0000222	VIT_207s0005g01030.1	Aqcoe2G282400.1.p
OG0000222	VIT_214s0030g02140.1	Aqcoe4G093700.1.p
OG0000223	VIT_212s0028g02770.1	Aqcoe7G032200.1.p
OG0000223	VIT_212s0028g02885.1, VIT_212s0028g02870.1, VIT_215s0045g01490.1, VIT_212s0028g02860.1, VIT_212s0028g02700.1, VIT_212s0028g02830.4, VIT_212s0028g02830.6, VIT_212s0028g02740.1, VIT_212s0028g02950.1, VIT_212s0028g02920.1, VIT_212s0028g02880.1, VIT_212s0028g01940.1, VIT_212s0028g01880.1, VIT_212s0028g02710.1, VIT_212s0028g02810.1, VIT_212s0028g02830.1, VIT_212s0028g02830.2, VIT_212s0028g02850.2, VIT_212s0028g02850.3, VIT_212s0028g02850.1, VIT_212s0028g02850.4, VIT_212s0028g02830.5, VIT_212s0028g02830.3, VIT_210s0003g00480.1, VIT_210s0003g00440.1, VIT_210s0003g00460.1, VIT_210s0003g00470.1	Aqcoe1G249300.1.p, Aqcoe1G247300.1.p, Aqcoe1G247400.1.p, Aqcoe4G221300.1.p, Aqcoe1G249400.1.p
OG0000224	VIT_219s0014g02900.1, VIT_200s0916g00010.2, VIT_200s0916g00010.1, VIT_200s0916g00010.3, VIT_200s0916g00010.4, VIT_212s0028g03860.3, VIT_212s0028g03860.2, VIT_212s0028g03860.1	Aqcoe1G269800.1.p, Aqcoe4G110300.1.p, Aqcoe4G110300.2.p
OG0000227	VIT_206s0004g04810.1, VIT_206s0004g04810.3, VIT_206s0004g04810.2, VIT_206s0004g04810.5, VIT_208s0007g00420.3, VIT_208s0007g00420.4, VIT_208s0007g00420.2, VIT_213s0019g01080.1, VIT_213s0019g01080.2, VIT_213s0019g01080.4, VIT_213s0019g01080.3	Aqcoe2G151700.1.p, Aqcoe2G151700.2.p, Aqcoe1G458700.2.p, Aqcoe1G458700.1.p
OG0000228	VIT_207s0104g01380.2, VIT_207s0104g01380.4, VIT_207s0104g01380.1, VIT_207s0104g01380.3	Aqcoe5G081600.1.p
OG0000228	VIT_218s0001g04700.1	Aqcoe6G056600.1.p
OG0000228	VIT_214s0108g01510.3, VIT_214s0108g01510.2, VIT_214s0108g01510.1, VIT_214s0108g01510.6, VIT_214s0108g01510.5, VIT_214s0108g01510.4, VIT_214s0108g01510.7, VIT_214s0108g01510.8	Aqcoe3G358700.1.p
OG0000228	VIT_214s0068g01590.2, VIT_214s0068g01590.1, VIT_217s0000g00890.2, VIT_217s0000g00890.1	Aqcoe3G159900.1.p
OG0000229	VIT_204s0023g02400.1, VIT_203s0038g04480.2, VIT_203s0038g04480.1	Aqcoe6G127000.4.p, Aqcoe6G127000.2.p, Aqcoe6G127000.1.p, Aqcoe6G127000.3.p, Aqcoe5G174900.1.p, Aqcoe5G174900.4.p, Aqcoe5G174900.3.p, Aqcoe5G174900.2.p
OG0000230	VIT_218s0001g14290.2, VIT_218s0001g14290.1, VIT_203s0038g01480.1	Aqcoe4G139200.2.p, Aqcoe4G139200.1.p, Aqcoe4G139200.3.p
OG0000230	VIT_218s0072g01040.3, VIT_218s0072g01040.6	Aqcoe5G270200.4.p
OG0000230	VIT_218s0072g01040.2, VIT_218s0072g01040.4	Aqcoe5G270200.1.p, Aqcoe5G270200.3.p, Aqcoe5G270200.2.p
OG0000231	VIT_217s0000g08010.1	Aqcoe3G299400.1.p, Aqcoe3G299400.2.p
OG0000231	VIT_201s0026g00280.4, VIT_201s0026g00280.7, VIT_201s0026g00280.5, VIT_201s0026g00280.11, VIT_201s0026g00280.10, VIT_201s0026g00280.2, VIT_201s0026g00280.8, VIT_201s0026g00280.3, VIT_201s0026g00280.9, VIT_201s0026g00280.1, VIT_201s0026g00280.6	Aqcoe3G114000.3.p, Aqcoe3G114000.1.p, Aqcoe3G114000.2.p
OG0000232	VIT_219s0014g03760.1, VIT_212s0057g00070.1, VIT_212s0057g00140.1, VIT_212s0057g00120.1, VIT_212s0057g00150.1, VIT_212s0057g00170.1, VIT_212s0057g00090.1, VIT_212s0057g00080.1, VIT_212s0057g00110.1, VIT_212s0057g00180.1, VIT_212s0057g00190.1	Aqcoe3G363600.1.p, Aqcoe3G363800.1.p, Aqcoe3G363700.1.p
OG0000235	VIT_206s0004g01350.4, VIT_206s0004g01350.2, VIT_206s0004g01350.7, VIT_206s0004g01350.3, VIT_206s0004g01350.6, VIT_206s0004g01350.1, VIT_206s0004g01350.5, VIT_208s0007g06350.2, VIT_208s0007g06350.4, VIT_208s0007g06350.3, VIT_208s0007g06350.1	Aqcoe1G018300.3.p, Aqcoe1G018300.1.p, Aqcoe1G018300.2.p
OG0000235	VIT_213s0156g00360.2, VIT_213s0156g00360.1, VIT_213s0156g00360.3	Aqcoe2G008800.3.p, Aqcoe2G008800.1.p, Aqcoe2G008800.2.p, Aqcoe2G008800.4.p, Aqcoe2G008800.5.p, Aqcoe2G008800.6.p, Aqcoe2G008800.7.p
OG0000236	VIT_213s0067g00900.1, VIT_206s0004g06670.1, VIT_208s0105g00300.1, VIT_208s0105g00300.2	Aqcoe1G420100.1.p, Aqcoe1G420100.2.p, Aqcoe1G420100.3.p
OG0000236	VIT_213s0067g00890.1, VIT_206s0004g06660.2, VIT_206s0004g06660.3, VIT_206s0004g06660.5, VIT_206s0004g06660.6, VIT_206s0004g06660.1, VIT_206s0004g06660.4	Aqcoe1G420200.1.p, Aqcoe2G094500.1.p
OG0000237	VIT_206s0009g02650.1	Aqcoe7G344700.1.p
OG0000240	VIT_208s0007g03990.2, VIT_208s0007g03990.1	Aqcoe1G112200.1.p
OG0000240	VIT_206s0061g01230.1	Aqcoe2G219000.1.p, Aqcoe2G219100.1.p
OG0000240	VIT_208s0040g01340.1	Aqcoe1G133700.4.p, Aqcoe1G133700.2.p, Aqcoe1G133700.3.p, Aqcoe1G133700.1.p
OG0000241	VIT_200s0309g00020.1	Aqcoe3G318300.1.p, Aqcoe3G164800.1.p, Aqcoe1G214500.1.p, Aqcoe3G217700.1.p, Aqcoe7G150400.2.p, Aqcoe7G150400.1.p, Aqcoe4G299800.1.p
OG0000241	VIT_216s0013g00310.1, VIT_216s0013g00650.1	Aqcoe5G434600.1.p, Aqcoe2G181700.1.p, Aqcoe7G269600.1.p
OG0000242	VIT_218s0041g00500.1, VIT_218s0041g00550.1, VIT_218s0041g00560.3, VIT_218s0041g00560.2, VIT_218s0041g00560.1, VIT_218s0041g00640.2, VIT_218s0041g00640.1, VIT_218s0041g00605.1, VIT_218s0041g00580.1, VIT_218s0041g00630.2, VIT_218s0041g00600.2, VIT_218s0041g00600.1, VIT_218s0041g00630.1, VIT_218s0041g00590.1, VIT_218s0041g00590.2, VIT_218s0041g00590.3, VIT_218s0041g00490.2, VIT_218s0041g00490.1, VIT_218s0041g00520.1, VIT_218s0041g00465.1, VIT_218s0041g00660.1, VIT_218s0041g00670.5, VIT_218s0041g00670.3, VIT_218s0041g00670.2, VIT_218s0041g00670.1, VIT_218s0041g00650.1, VIT_218s0041g00570.1	Aqcoe6G006500.1.p
OG0000243	VIT_205s0094g01200.1, VIT_213s0067g01040.1, VIT_205s0094g01180.1, VIT_200s0555g00020.1	Aqcoe3G240800.1.p, Aqcoe3G240900.1.p
OG0000243	VIT_216s0022g01390.1	Aqcoe7G073700.1.p, Aqcoe1G235500.1.p, Aqcoe1G211600.2.p, Aqcoe1G211600.1.p, Aqcoe5G432800.1.p, Aqcoe4G249900.1.p, Aqcoe4G249700.1.p, Aqcoe7G073600.1.p
OG0000243	VIT_205s0094g01190.1, VIT_200s1682g00020.1, VIT_216s0022g01510.1, VIT_216s0022g01500.1, VIT_216s0022g01540.1	Aqcoe7G072200.1.p
OG0000244	VIT_214s0108g00900.1, VIT_216s0022g00700.1	Aqcoe7G077500.1.p
OG0000244	VIT_215s0048g00510.1, VIT_206s0009g02590.1, VIT_206s0009g02630.1, VIT_206s0009g02560.1, VIT_206s0009g02570.1, VIT_206s0009g02600.1	Aqcoe7G077600.1.p
OG0000245	VIT_213s0067g03390.2, VIT_213s0067g03390.3, VIT_213s0067g03390.1, VIT_208s0040g03120.1, VIT_206s0004g03650.2, VIT_206s0004g03650.3, VIT_206s0004g03650.4, VIT_206s0004g03650.1	Aqcoe1G486600.2.p, Aqcoe1G486600.1.p
OG0000247	VIT_207s0104g01810.1, VIT_207s0104g01800.2, VIT_206s0009g00965.1, VIT_202s0033g00615.1, VIT_207s0104g01800.1	Aqcoe2G185600.1.p, Aqcoe6G311000.1.p, Aqcoe6G236700.1.p, Aqcoe6G312000.1.p, Aqcoe6G237100.1.p, Aqcoe3G195200.1.p, Aqcoe6G237800.1.p, Aqcoe6G237600.1.p, Aqcoe6G237300.1.p, Aqcoe6G310900.1.p, Aqcoe6G296400.1.p, Aqcoe7G206300.1.p, Aqcoe6G310700.1.p, Aqcoe0191s0001.1.p, Aqcoe6G311100.1.p, Aqcoe6G310300.1.p, Aqcoe6G310600.1.p, Aqcoe6G312200.1.p, Aqcoe6G237400.1.p, Aqcoe6G236800.1.p, Aqcoe6G310500.1.p, Aqcoe6G310500.2.p, Aqcoe5G083300.1.p, Aqcoe6G310400.1.p, Aqcoe5G083400.1.p, Aqcoe2G303700.1.p, Aqcoe2G303700.2.p
OG0000247	VIT_207s0104g01820.1	Aqcoe3G238600.1.p
OG0000247	VIT_207s0104g01830.2, VIT_207s0104g01830.1	Aqcoe2G303100.1.p, Aqcoe2G302800.1.p, Aqcoe4G053700.1.p, Aqcoe4G054300.1.p
OG0000248	VIT_205s0094g00960.1, VIT_205s0094g00990.1	Aqcoe2G437600.1.p
OG0000248	VIT_207s0151g00540.1, VIT_207s0289g00060.2, VIT_207s0289g00060.1, VIT_207s0289g00050.1	Aqcoe3G282200.1.p, Aqcoe3G281800.1.p
OG0000248	VIT_201s0026g00630.1	Aqcoe3G305300.1.p
OG0000248	VIT_205s0094g01000.1, VIT_205s0094g01000.2, VIT_205s0094g01060.1, VIT_205s0094g01030.1, VIT_205s0094g01040.1, VIT_205s0094g01050.1	Aqcoe6G020800.1.p
OG0000249	VIT_206s0004g00480.2, VIT_206s0004g00480.1, VIT_206s0004g00480.3	Aqcoe1G056100.1.p, Aqcoe2G057100.1.p
OG0000249	VIT_218s0001g08250.1	Aqcoe6G159000.1.p
OG0000249	VIT_214s0108g00440.1	Aqcoe3G084800.1.p, Aqcoe3G080900.1.p
OG0000249	VIT_203s0088g00380.1	Aqcoe3G333200.1.p
OG0000250	VIT_207s0005g02100.1, VIT_207s0005g02100.2, VIT_207s0005g02100.4, VIT_207s0005g02100.3, VIT_214s0060g00600.4, VIT_214s0060g00600.3, VIT_214s0060g00600.2, VIT_214s0060g00600.5, VIT_214s0060g00600.1	Aqcoe2G260000.3.p, Aqcoe2G260000.1.p, Aqcoe2G260000.2.p, Aqcoe2G260000.4.p
OG0000250	VIT_214s0066g01050.1, VIT_215s0048g02010.3, VIT_215s0048g02010.1	Aqcoe7G043900.1.p
OG0000251	VIT_219s0014g02250.1, VIT_219s0014g02250.2, VIT_219s0014g02250.3, VIT_219s0014g02250.4	Aqcoe1G254300.1.p, Aqcoe1G254300.2.p
OG0000251	VIT_213s0067g00610.2, VIT_213s0067g00610.1, VIT_213s0067g00610.5, VIT_213s0067g00610.4, VIT_213s0067g00610.3, VIT_213s0067g00630.1, VIT_213s0067g00630.2, VIT_213s0067g00610.6, VIT_208s0007g02170.3	Aqcoe2G098300.1.p
OG0000252	VIT_206s0004g02480.6, VIT_206s0004g02480.3, VIT_206s0004g02480.8, VIT_206s0004g02480.7, VIT_206s0004g02480.5, VIT_206s0004g02480.2, VIT_206s0004g02480.1, VIT_206s0004g02480.4, VIT_208s0040g01590.2, VIT_208s0040g01590.5, VIT_208s0040g01590.1, VIT_208s0040g01590.7, VIT_208s0040g01590.11, VIT_208s0040g01590.8, VIT_208s0040g01590.17, VIT_208s0040g01590.16, VIT_208s0040g01590.14, VIT_208s0040g01590.9, VIT_208s0040g01590.10, VIT_208s0040g01590.13, VIT_208s0040g01590.12, VIT_208s0040g01590.15, VIT_208s0040g01590.4, VIT_208s0040g01590.3, VIT_208s0040g01590.6, VIT_209s0018g00050.1, VIT_213s0019g04620.2, VIT_213s0019g04620.3, VIT_213s0019g04620.6, VIT_213s0019g04620.5, VIT_213s0019g04620.4, VIT_213s0019g04620.1	Aqcoe6G300000.1.p, Aqcoe6G300000.3.p, Aqcoe6G300000.2.p, Aqcoe6G300000.4.p, Aqcoe1G137300.5.p, Aqcoe1G137300.6.p, Aqcoe1G137300.1.p, Aqcoe1G137300.2.p, Aqcoe1G137300.4.p, Aqcoe1G137300.3.p
OG0000253	VIT_208s0007g07720.1, VIT_208s0007g07730.2, VIT_208s0007g07730.1, VIT_208s0007g07740.1, VIT_208s0007g07710.1	Aqcoe4G289700.1.p, Aqcoe4G291900.1.p, Aqcoe4G289800.1.p, Aqcoe4G288700.1.p, Aqcoe4G286000.1.p, Aqcoe7G282400.1.p, Aqcoe1G022100.1.p, Aqcoe4G274500.1.p, Aqcoe4G274400.1.p
OG0000253	VIT_213s0064g01320.1	Aqcoe1G023800.1.p
OG0000254	VIT_211s0016g02550.6, VIT_211s0016g02550.2, VIT_211s0016g02550.3, VIT_211s0016g02550.1, VIT_211s0016g02550.4, VIT_211s0016g02550.5	Aqcoe7G429900.1.p, Aqcoe7G429900.2.p
OG0000254	VIT_204s0008g00840.3, VIT_204s0008g00840.1, VIT_204s0008g00840.6, VIT_204s0008g00840.5, VIT_204s0008g00840.2, VIT_204s0008g00840.8, VIT_204s0008g00840.4, VIT_204s0008g00840.7	Aqcoe7G133400.1.p, Aqcoe7G133400.2.p
OG0000254	VIT_217s0000g08730.12, VIT_217s0000g08730.2	Aqcoe5G172900.4.p, Aqcoe5G172900.3.p, Aqcoe5G172900.1.p, Aqcoe5G172900.2.p
OG0000255	VIT_219s0015g02730.1, VIT_219s0015g02610.1, VIT_219s0015g02890.1, VIT_219s0093g00150.1, VIT_219s0015g02700.1, VIT_219s0093g00220.1, VIT_219s0093g00160.1, VIT_219s0015g02590.1, VIT_219s0015g02880.1, VIT_219s0093g00110.1, VIT_219s0093g00310.1, VIT_219s0015g02680.1, VIT_219s0093g00190.1, VIT_200s0240g00050.1, VIT_219s0027g00460.1, VIT_219s0093g00260.1, VIT_200s0240g00020.1, VIT_219s0015g02560.1, VIT_219s0015g02830.1, VIT_219s0015g02690.1, VIT_219s0093g00320.1	Aqcoe1G188400.1.p, Aqcoe1G188200.1.p, Aqcoe1G188100.1.p
OG0000256	VIT_202s0025g03710.3, VIT_202s0025g03710.2, VIT_202s0025g03710.1, VIT_216s0050g00160.1, VIT_215s0046g03120.1, VIT_215s0046g03070.1, VIT_215s0046g03050.5, VIT_215s0046g03050.6, VIT_215s0046g03050.4, VIT_215s0046g03050.3, VIT_215s0046g03050.2, VIT_215s0046g03050.1, VIT_215s0046g03080.1	Aqcoe5G428800.2.p, Aqcoe5G428800.3.p, Aqcoe5G428800.1.p
OG0000257	VIT_201s0127g00720.4, VIT_201s0127g00720.3, VIT_201s0127g00720.1, VIT_201s0127g00720.2, VIT_217s0000g08450.1, VIT_217s0000g08460.1, VIT_211s0065g00100.1, VIT_211s0065g00120.1, VIT_214s0066g01210.3, VIT_214s0066g01210.1, VIT_214s0066g01210.2	Aqcoe3G122000.1.p, Aqcoe3G122000.2.p, Aqcoe3G122000.6.p, Aqcoe3G122000.7.p, Aqcoe3G122000.3.p, Aqcoe3G122000.5.p, Aqcoe3G122000.9.p, Aqcoe3G122000.4.p, Aqcoe3G122000.10.p, Aqcoe3G122000.8.p
OG0000262	VIT_214s0060g02150.1, VIT_205s0020g01490.1, VIT_207s0005g00110.1	Aqcoe5G084600.1.p, Aqcoe2G297700.1.p
OG0000262	VIT_212s0028g03460.1, VIT_200s0527g00015.1	Aqcoe1G260300.1.p
OG0000263	VIT_201s0011g01015.1, VIT_201s0011g01040.1, VIT_201s0011g01020.1, VIT_201s0011g01000.1, VIT_201s0011g00970.1, VIT_201s0011g00960.1, VIT_201s0011g00950.1, VIT_201s0011g00990.1, VIT_205s0020g04930.1	Aqcoe7G391300.1.p
OG0000263	VIT_202s0012g02720.1	Aqcoe7G393000.1.p
OG0000263	VIT_205s0020g03810.1, VIT_212s0057g01130.1	Aqcoe5G105200.1.p, Aqcoe2G121300.1.p, Aqcoe7G180300.1.p, Aqcoe7G406800.1.p
OG0000264	VIT_218s0041g01880.1, VIT_218s0041g01880.2	Aqcoe1G209900.1.p, Aqcoe1G209900.2.p
OG0000264	VIT_212s0142g00360.1, VIT_210s0003g02070.4, VIT_210s0003g02070.1, VIT_210s0003g02070.3, VIT_210s0003g02070.2, VIT_210s0003g02070.5, VIT_210s0003g02070.7, VIT_210s0003g02070.6	Aqcoe4G024000.6.p, Aqcoe4G024100.2.p, Aqcoe0708s0001.1.p, Aqcoe4G024100.1.p, Aqcoe4G024000.3.p, Aqcoe4G024000.2.p, Aqcoe4G024000.7.p, Aqcoe4G024000.4.p, Aqcoe4G024000.1.p, Aqcoe4G024000.5.p, Aqcoe4G024100.3.p
OG0000265	VIT_219s0014g02190.1, VIT_212s0028g03200.1, VIT_212s0028g03240.1, VIT_212s0028g03240.4, VIT_212s0028g03240.2, VIT_212s0028g03240.6, VIT_212s0028g03240.5, VIT_212s0028g03240.3, VIT_212s0028g03210.1, VIT_212s0028g03210.2, VIT_212s0028g03200.2, VIT_212s0028g03200.3	Aqcoe1G253900.1.p, Aqcoe4G089000.1.p, Aqcoe4G088900.1.p
OG0000266	VIT_210s0116g00680.3, VIT_210s0116g00680.2, VIT_210s0116g00680.1	Aqcoe4G229400.1.p
OG0000266	VIT_212s0059g02310.8, VIT_212s0059g02310.3, VIT_212s0059g02310.6, VIT_212s0059g02310.5, VIT_212s0059g02310.4, VIT_212s0059g02310.7, VIT_212s0059g02310.2, VIT_212s0059g02310.1	Aqcoe1G352400.1.p
OG0000267	VIT_211s0016g02090.4, VIT_211s0016g02090.3, VIT_211s0016g02090.1, VIT_211s0016g02090.2, VIT_211s0016g02080.1, VIT_211s0016g02080.2	Aqcoe1G375200.1.p, Aqcoe4G303700.1.p, Aqcoe4G303100.2.p, Aqcoe4G303100.1.p, Aqcoe5G240200.4.p, Aqcoe5G240200.5.p, Aqcoe5G240200.7.p, Aqcoe5G240200.1.p, Aqcoe5G240200.2.p, Aqcoe5G240200.3.p, Aqcoe5G240200.6.p, Aqcoe3G098200.1.p, Aqcoe5G240900.1.p, Aqcoe5G241000.1.p
OG0000268	VIT_211s0016g05400.1	Aqcoe7G265700.1.p
OG0000269	VIT_211s0016g03040.1, VIT_209s0002g03380.1	Aqcoe7G152300.1.p, Aqcoe7G152300.2.p
OG0000270	VIT_204s0008g01150.4, VIT_204s0008g01150.2, VIT_204s0008g01150.3, VIT_204s0008g01150.5, VIT_204s0008g01150.1, VIT_206s0004g08000.1, VIT_204s0008g01140.2, VIT_204s0008g01140.1, VIT_209s0002g02320.2, VIT_209s0002g02320.3, VIT_209s0002g02320.1	Aqcoe1G439600.1.p
OG0000271	VIT_201s0026g00400.1, VIT_201s0026g00410.1, VIT_205s0136g00080.1, VIT_215s0024g01980.1, VIT_217s0000g07880.2, VIT_217s0000g07880.1, VIT_214s0066g01720.1	Aqcoe3G109700.2.p, Aqcoe3G109700.1.p, Aqcoe3G109500.1.p
OG0000276	VIT_218s0001g13670.1	Aqcoe4G197200.1.p
OG0000276	VIT_201s0026g01580.1	Aqcoe3G326000.1.p
OG0000276	VIT_214s0030g01450.1	Aqcoe2G241800.1.p
OG0000276	VIT_211s0016g03490.1	Aqcoe7G407000.1.p
OG0000277	VIT_206s0080g00270.1	Aqcoe6G214800.1.p, Aqcoe2G140100.1.p
OG0000277	VIT_218s0001g05860.1	Aqcoe6G082100.1.p
OG0000277	VIT_201s0011g03100.1	Aqcoe3G046600.1.p
OG0000277	VIT_206s0004g01870.1	Aqcoe2G016000.1.p
OG0000278	VIT_218s0001g06780.1, VIT_212s0035g01180.1, VIT_212s0035g01180.2, VIT_212s0035g01180.4, VIT_212s0035g01180.3, VIT_212s0035g01180.5	Aqcoe6G008500.2.p, Aqcoe6G008500.1.p
OG0000278	VIT_219s0014g02670.1	Aqcoe1G262700.2.p, Aqcoe1G262700.1.p
OG0000279	VIT_202s0025g02740.2, VIT_202s0025g02740.4, VIT_202s0025g02740.3, VIT_202s0025g02740.1, VIT_202s0025g02740.5	Aqcoe5G471000.1.p
OG0000279	VIT_219s0176g00140.3, VIT_219s0176g00140.4, VIT_219s0176g00140.2, VIT_219s0176g00140.1	Aqcoe1G189500.1.p, Aqcoe1G189500.2.p
OG0000280	VIT_201s0146g00330.3, VIT_201s0146g00330.1, VIT_201s0146g00330.2, VIT_214s0068g01470.3, VIT_214s0068g01470.7, VIT_214s0068g01470.9, VIT_214s0068g01470.8, VIT_214s0068g01470.6, VIT_214s0068g01470.1, VIT_214s0068g01470.2, VIT_214s0068g01470.4, VIT_214s0068g01470.5	Aqcoe5G343400.1.p, Aqcoe5G343400.3.p, Aqcoe5G343400.2.p, Aqcoe5G343400.4.p
OG0000286	VIT_202s0025g05100.1, VIT_215s0048g00780.1	Aqcoe7G064300.1.p
OG0000286	VIT_202s0012g00880.1	Aqcoe3G230700.1.p
OG0000286	VIT_218s0122g00590.1, VIT_203s0038g04110.1	Aqcoe6G324000.1.p
OG0000287	VIT_211s0016g01780.1, VIT_211s0016g01780.2, VIT_209s0002g01850.1, VIT_209s0002g01850.2, VIT_209s0002g01850.3, VIT_204s0008g01420.1, VIT_204s0008g01420.6, VIT_204s0008g01420.4, VIT_204s0008g01420.5, VIT_204s0008g01420.2, VIT_204s0008g01420.7, VIT_204s0008g01420.3	Aqcoe7G122100.3.p, Aqcoe7G122100.4.p, Aqcoe7G122100.1.p, Aqcoe7G122100.2.p
OG0000288	VIT_201s0127g00890.1, VIT_211s0016g02430.5, VIT_211s0016g02430.1, VIT_211s0016g02430.13, VIT_211s0016g02430.10, VIT_211s0016g02430.11, VIT_211s0016g02430.8, VIT_211s0016g02430.6, VIT_211s0016g02430.12, VIT_211s0016g02430.3, VIT_211s0016g02430.2, VIT_211s0016g02430.4, VIT_211s0016g02430.9, VIT_211s0016g02430.7, VIT_209s0002g02420.2, VIT_209s0002g02420.1, VIT_209s0002g02420.3	Aqcoe7G429500.2.p, Aqcoe7G429500.1.p
OG0000289	VIT_208s0056g01120.8, VIT_208s0056g01120.6, VIT_208s0056g01120.7, VIT_208s0056g01120.4, VIT_208s0056g01120.2, VIT_208s0056g01120.5, VIT_208s0056g01120.1, VIT_208s0056g01120.3, VIT_208s0056g01000.1, VIT_208s0056g01040.1, VIT_208s0056g01040.2, VIT_208s0056g01040.3, VIT_208s0056g01080.1, VIT_208s0056g01070.2, VIT_208s0056g01070.1	Aqcoe1G213600.1.p, Aqcoe1G213600.2.p, Aqcoe1G213600.3.p, Aqcoe1G213600.4.p
OG0000289	VIT_208s0056g00780.4, VIT_208s0056g00780.7, VIT_208s0056g00780.6, VIT_208s0056g00780.2, VIT_208s0056g00780.3, VIT_208s0056g00780.1, VIT_208s0056g00780.5, VIT_208s0056g00870.3, VIT_208s0056g00870.1, VIT_208s0056g00870.2, VIT_208s0056g00890.1	Aqcoe1G002700.5.p, Aqcoe1G002700.4.p, Aqcoe1G002700.6.p, Aqcoe1G002700.2.p, Aqcoe1G002700.3.p, Aqcoe1G002700.1.p, Aqcoe1G002600.2.p, Aqcoe1G002600.1.p
OG0000290	VIT_214s0066g02070.1	Aqcoe5G173300.1.p
OG0000290	VIT_214s0066g02100.1, VIT_214s0066g02080.1, VIT_214s0066g02060.1, VIT_214s0066g02090.1, VIT_214s0066g02110.1	Aqcoe3G317600.2.p, Aqcoe1G409300.1.p, Aqcoe3G317600.1.p
OG0000290	VIT_214s0066g02050.1	Aqcoe3G318900.1.p
OG0000291	VIT_201s0026g02340.1	Aqcoe3G336700.2.p, Aqcoe3G336700.1.p, Aqcoe3G079800.1.p
OG0000291	VIT_217s0000g06050.2, VIT_217s0000g06050.1, VIT_217s0000g06050.3, VIT_202s0012g00580.2, VIT_202s0012g00580.5, VIT_202s0012g00580.4, VIT_202s0012g00580.3, VIT_202s0012g00580.1	Aqcoe3G249600.1.p
OG0000292	VIT_219s0014g02020.1, VIT_219s0014g02000.1, VIT_219s0014g01980.1, VIT_219s0014g01970.1, VIT_219s0014g02070.1, VIT_219s0014g02030.1, VIT_219s0014g01950.1	Aqcoe4G066200.1.p, Aqcoe4G066400.1.p, Aqcoe4G066300.1.p, Aqcoe4G066600.1.p, Aqcoe4G066100.1.p, Aqcoe5G303700.1.p, Aqcoe5G409700.1.p, Aqcoe5G408100.1.p, Aqcoe5G245900.1.p, Aqcoe4G261700.1.p, Aqcoe2G160500.1.p, Aqcoe4G066700.1.p
OG0000293	VIT_208s0007g05000.1, VIT_208s0007g05000.2, VIT_206s0061g00500.1	Aqcoe1G132000.1.p
OG0000293	VIT_214s0060g00480.2, VIT_214s0060g00480.3, VIT_214s0060g00480.4, VIT_214s0060g00480.1	Aqcoe2G255600.1.p
OG0000293	VIT_205s0020g00670.1, VIT_207s0005g02230.1	Aqcoe5G294300.1.p, Aqcoe5G249400.1.p
OG0000294	VIT_207s0005g04120.1, VIT_207s0005g04120.2	Aqcoe5G018400.1.p, Aqcoe5G018400.5.p, Aqcoe5G018400.4.p, Aqcoe5G018400.3.p, Aqcoe5G018400.2.p
OG0000295	VIT_208s0007g07420.1	Aqcoe2G060200.1.p, Aqcoe2G060200.4.p, Aqcoe2G060200.3.p, Aqcoe2G060200.5.p, Aqcoe2G060200.2.p
OG0000295	VIT_211s0016g04060.2, VIT_211s0016g04060.1	Aqcoe7G398200.1.p, Aqcoe7G398200.2.p
OG0000295	VIT_206s0004g01090.1	Aqcoe2G009900.1.p, Aqcoe1G016000.1.p
OG0000295	VIT_209s0002g03680.1, VIT_204s0008g00160.3, VIT_204s0008g00160.1, VIT_204s0008g00160.2, VIT_204s0008g00160.4, VIT_204s0008g00160.5	Aqcoe7G156600.1.p
OG0000296	VIT_207s0104g00360.2, VIT_207s0104g00360.5, VIT_207s0104g00360.4, VIT_207s0104g00360.3, VIT_207s0104g00360.1	Aqcoe0041s0005.1.p
OG0000296	VIT_210s0116g00940.1, VIT_210s0116g00940.3, VIT_210s0116g00940.2, VIT_210s0116g00940.4, VIT_210s0116g00940.5, VIT_212s0059g01090.1, VIT_212s0059g01090.2, VIT_212s0059g01090.3, VIT_212s0059g01090.4	Aqcoe4G222400.2.p, Aqcoe4G222400.1.p
OG0000297	VIT_211s0065g00630.1	Aqcoe5G409600.1.p, Aqcoe5G408600.1.p, Aqcoe5G408000.1.p, Aqcoe6G248100.1.p, Aqcoe4G218400.1.p, Aqcoe7G249500.1.p, Aqcoe7G244000.1.p, Aqcoe4G163000.1.p, Aqcoe5G409900.1.p
OG0000297	VIT_218s0041g01810.1, VIT_218s0041g01800.1	Aqcoe6G110300.1.p, Aqcoe4G068600.1.p, Aqcoe6G110000.1.p
OG0000298	VIT_205s0049g01010.1, VIT_205s0049g01020.2	Aqcoe1G169300.1.p
OG0000298	VIT_207s0141g00100.1, VIT_211s0078g00480.1, VIT_218s0001g05670.1, VIT_218s0001g05670.2	Aqcoe6G084200.1.p
OG0000298	VIT_202s0012g01650.2, VIT_202s0012g01650.1, VIT_216s0039g01710.1	Aqcoe3G219400.1.p
OG0000299	VIT_212s0059g02420.1, VIT_210s0116g00340.1, VIT_212s0059g02410.1	Aqcoe1G356200.1.p, Aqcoe6G135100.1.p, Aqcoe1G356100.1.p, Aqcoe1G356300.1.p, Aqcoe1G356400.1.p
OG0000300	VIT_206s0004g01480.4, VIT_206s0004g01480.1, VIT_206s0004g01480.3, VIT_206s0004g01480.2, VIT_206s0004g01460.1, VIT_206s0004g01460.2, VIT_206s0004g01470.2, VIT_206s0004g01470.1, VIT_206s0004g01510.1, VIT_213s0064g01480.2, VIT_213s0064g01490.1, VIT_213s0064g01480.1	Aqcoe1G020300.1.p, Aqcoe1G020100.1.p, Aqcoe5G377600.1.p, Aqcoe1G020400.1.p
OG0000301	VIT_206s0004g03580.6, VIT_206s0004g03580.7, VIT_206s0004g03580.5, VIT_206s0004g03580.4, VIT_206s0004g03580.1, VIT_206s0004g03580.2, VIT_206s0004g03580.3	Aqcoe1G487800.2.p, Aqcoe1G487800.1.p
OG0000302	VIT_201s0010g00670.1	Aqcoe3G381800.1.p
OG0000302	VIT_214s0006g02620.1	Aqcoe3G027500.1.p
OG0000302	VIT_214s0219g00290.1	Aqcoe5G385000.1.p
OG0000303	VIT_215s0024g01450.1, VIT_201s0026g01010.2, VIT_201s0026g01010.1, VIT_214s0066g02330.1	Aqcoe3G103000.2.p, Aqcoe3G103000.3.p, Aqcoe3G103000.1.p, Aqcoe3G312100.1.p, Aqcoe3G312100.2.p, Aqcoe3G312100.3.p, Aqcoe3G312100.4.p, Aqcoe3G312100.5.p
OG0000308	VIT_206s0061g00130.1, VIT_206s0061g00120.1, VIT_206s0061g00100.1, VIT_205s0077g01150.1, VIT_208s0007g05990.1, VIT_208s0007g06080.1, VIT_208s0007g06000.1, VIT_208s0007g06030.1, VIT_208s0007g06040.1, VIT_208s0007g06060.1	Aqcoe1G281300.1.p, Aqcoe2G028000.1.p, Aqcoe2G027700.1.p, Aqcoe2G027600.1.p, Aqcoe2G027800.1.p
OG0000309	VIT_204s0044g00210.1, VIT_204s0044g00190.1, VIT_204s0044g00190.3, VIT_204s0044g00190.2, VIT_204s0044g00190.4	Aqcoe5G250700.2.p, Aqcoe5G250700.1.p, Aqcoe5G250600.1.p
OG0000309	VIT_218s0122g00450.2, VIT_218s0122g00450.1, VIT_200s0346g00080.2, VIT_200s0371g00100.1, VIT_200s0346g00080.1, VIT_200s0371g00050.1, VIT_200s0371g00050.2, VIT_200s1389g00010.2, VIT_200s0346g00110.2, VIT_200s1389g00010.1, VIT_200s0346g00110.1, VIT_200s0371g00060.1, VIT_200s0346g00100.1, VIT_200s0346g00120.1, VIT_200s0615g00030.1, VIT_200s0615g00020.1, VIT_200s0218g00010.1	Aqcoe6G071100.1.p
OG0000311	VIT_208s0007g08920.1, VIT_208s0007g08910.1	Aqcoe2G024500.1.p, Aqcoe1G034300.1.p, Aqcoe1G034400.1.p, Aqcoe1G034400.2.p, Aqcoe1G034600.1.p, Aqcoe5G409200.1.p
OG0000313	VIT_203s0091g01050.1	Aqcoe6G273900.1.p
OG0000313	VIT_201s0026g00740.6, VIT_201s0026g00740.4	Aqcoe3G303600.2.p, Aqcoe3G303600.1.p
OG0000313	VIT_217s0000g07850.1	Aqcoe3G109300.2.p, Aqcoe3G109300.1.p
OG0000314	VIT_208s0007g02480.1	Aqcoe1G432200.3.p, Aqcoe1G432200.1.p, Aqcoe1G432200.2.p
OG0000314	VIT_206s0004g02680.3, VIT_218s0001g14030.3, VIT_218s0001g14030.6, VIT_218s0001g14030.4	Aqcoe6G193700.3.p, Aqcoe6G193700.2.p, Aqcoe6G193700.10.p, Aqcoe6G193700.4.p
OG0000314	VIT_206s0004g00590.4, VIT_213s0064g00740.2, VIT_213s0064g00740.4	Aqcoe1G028200.2.p
OG0000315	VIT_216s0039g00570.1	Aqcoe5G357400.1.p
OG0000315	VIT_202s0033g01000.1, VIT_202s0033g01020.1, VIT_202s0033g01050.1, VIT_202s0033g01060.1, VIT_202s0033g01030.1, VIT_209s0018g01490.1, VIT_209s0018g01490.2, VIT_202s0087g00490.1	Aqcoe0440s0002.1.p, Aqcoe4G288400.1.p, Aqcoe4G288800.1.p, Aqcoe0161s0001.2.p, Aqcoe0161s0001.1.p, Aqcoe4G042300.1.p, Aqcoe4G041300.1.p, Aqcoe4G213900.1.p, Aqcoe4G213700.1.p, Aqcoe4G041400.1.p, Aqcoe4G041100.1.p, Aqcoe4G041200.1.p, Aqcoe4G041000.1.p, Aqcoe4G041700.1.p, Aqcoe1G276700.1.p, Aqcoe4G041800.1.p, Aqcoe4G270300.1.p, Aqcoe4G270100.1.p
OG0000316	VIT_211s0103g00490.4, VIT_211s0103g00490.6, VIT_211s0103g00490.7, VIT_211s0103g00490.1, VIT_211s0103g00490.2, VIT_211s0103g00490.5, VIT_211s0103g00490.3, VIT_204s0008g02630.3, VIT_204s0008g02630.1, VIT_204s0008g02630.7, VIT_204s0008g02630.6, VIT_204s0008g02630.2, VIT_204s0008g02630.4, VIT_204s0008g02630.10, VIT_204s0008g02630.5, VIT_204s0008g02630.11, VIT_204s0008g02630.8, VIT_204s0008g02630.9, VIT_204s0008g02630.12	Aqcoe7G293200.2.p, Aqcoe7G293200.1.p
OG0000317	VIT_209s0002g08370.1, VIT_209s0002g08370.3, VIT_209s0002g08370.2, VIT_209s0002g08370.6, VIT_209s0002g08370.5, VIT_209s0002g08370.4	Aqcoe7G375700.4.p, Aqcoe7G375700.1.p, Aqcoe7G375700.2.p, Aqcoe7G375700.3.p
OG0000317	VIT_209s0002g07020.1, VIT_209s0002g07020.2, VIT_211s0016g05620.1	Aqcoe7G384200.1.p
OG0000318	VIT_206s0004g03940.1	Aqcoe3G012500.3.p, Aqcoe3G012500.5.p, Aqcoe3G012500.18.p, Aqcoe3G012500.4.p, Aqcoe3G012500.2.p, Aqcoe3G012500.20.p, Aqcoe3G012500.14.p, Aqcoe3G012500.16.p, Aqcoe3G012500.11.p, Aqcoe3G012500.9.p, Aqcoe3G012500.6.p, Aqcoe3G012500.7.p, Aqcoe3G012500.12.p, Aqcoe3G012500.13.p, Aqcoe3G012500.10.p, Aqcoe3G012500.8.p, Aqcoe3G012500.17.p, Aqcoe3G012500.15.p, Aqcoe3G012500.19.p, Aqcoe3G012500.1.p, Aqcoe7G044500.2.p, Aqcoe7G044500.1.p, Aqcoe7G044500.3.p
OG0000319	VIT_214s0108g01040.4, VIT_214s0108g01040.3, VIT_214s0108g01040.2, VIT_214s0108g01040.1, VIT_201s0026g02650.8, VIT_201s0026g02650.1, VIT_201s0026g02650.6, VIT_201s0026g02650.4, VIT_201s0026g02650.3, VIT_201s0026g02650.2, VIT_201s0026g02650.5, VIT_201s0026g02650.7	Aqcoe3G344200.2.p, Aqcoe3G344200.6.p, Aqcoe3G344200.5.p, Aqcoe3G344200.1.p, Aqcoe3G344200.3.p, Aqcoe3G344200.4.p
OG0000321	VIT_206s0004g07090.1	Aqcoe2G087000.1.p
OG0000321	VIT_205s0049g01170.1	Aqcoe5G024600.4.p, Aqcoe5G024600.3.p, Aqcoe5G024600.2.p, Aqcoe5G024600.1.p, Aqcoe2G375100.1.p, Aqcoe2G375100.2.p
OG0000322	VIT_207s0005g00360.1	Aqcoe2G294600.2.p, Aqcoe2G294600.1.p, Aqcoe2G294500.1.p, Aqcoe2G294300.1.p, Aqcoe2G295100.1.p, Aqcoe2G295200.1.p, Aqcoe2G295100.2.p
OG0000323	VIT_207s0005g05670.2, VIT_207s0005g05670.1	Aqcoe2G387200.1.p
OG0000323	VIT_218s0072g00330.1	Aqcoe5G280100.2.p, Aqcoe5G280100.3.p, Aqcoe5G252400.1.p, Aqcoe5G252400.2.p, Aqcoe5G280100.1.p, Aqcoe5G280100.4.p
OG0000324	VIT_212s0055g00080.1	Aqcoe7G288000.1.p
OG0000324	VIT_211s0103g00110.1	Aqcoe7G230000.1.p
OG0000324	VIT_200s0396g00010.1	Aqcoe6G174000.1.p
OG0000324	VIT_200s0275g00010.1, VIT_211s0103g00100.1	Aqcoe7G255900.1.p
OG0000325	VIT_218s0001g11760.1	Aqcoe3G225000.1.p, Aqcoe6G201600.1.p, Aqcoe3G225000.2.p, Aqcoe6G201500.1.p
OG0000325	VIT_200s0225g00070.3, VIT_200s0225g00070.2, VIT_200s0225g00070.1, VIT_200s0225g00060.3, VIT_200s0225g00060.4, VIT_200s0225g00060.2, VIT_200s0225g00060.1, VIT_200s0225g00080.1, VIT_200s0225g00050.2, VIT_200s0225g00050.5, VIT_200s0225g00050.4, VIT_200s0225g00050.3, VIT_200s0225g00050.1	Aqcoe5G402100.2.p, Aqcoe5G402100.1.p, Aqcoe5G402200.3.p, Aqcoe5G402200.1.p, Aqcoe5G402200.2.p, Aqcoe5G402200.4.p, Aqcoe5G402400.1.p, Aqcoe5G402300.1.p
OG0000326	VIT_204s0023g02790.1, VIT_204s0023g02790.4, VIT_204s0023g02790.3, VIT_204s0023g02790.5, VIT_204s0023g02790.2	Aqcoe6G257500.1.p
OG0000327	VIT_218s0001g10400.1, VIT_207s0031g00550.1	Aqcoe6G096700.2.p, Aqcoe6G096700.1.p, Aqcoe5G150900.1.p
OG0000327	VIT_204s0044g01040.1	Aqcoe5G239900.1.p
OG0000327	VIT_209s0002g02700.3, VIT_209s0002g02700.2, VIT_209s0002g02700.5, VIT_209s0002g02700.4, VIT_209s0002g02700.1	Aqcoe7G142700.1.p
OG0000328	VIT_200s0187g00105.1, VIT_215s0046g03430.1, VIT_215s0046g03430.2, VIT_215s0046g03420.2, VIT_215s0046g03420.1, VIT_215s0046g03500.1, VIT_212s0057g01440.1, VIT_212s0057g01430.1	Aqcoe5G407000.1.p, Aqcoe7G212300.1.p, Aqcoe7G212400.1.p, Aqcoe1707s0001.1.p, Aqcoe0026s0002.1.p, Aqcoe0555s0001.1.p, Aqcoe4G142700.1.p, Aqcoe4G142900.1.p, Aqcoe4G142900.2.p, Aqcoe4G142600.1.p, Aqcoe0021s0004.1.p, Aqcoe4G142500.1.p
OG0000329	VIT_209s0002g04130.1, VIT_209s0002g04130.2, VIT_209s0002g04130.3	Aqcoe7G166600.3.p, Aqcoe7G166600.2.p, Aqcoe7G166600.1.p, Aqcoe7G166500.1.p
OG0000329	VIT_211s0016g03600.1	Aqcoe7G141400.1.p, Aqcoe7G141500.1.p
OG0000330	VIT_204s0008g03430.3, VIT_204s0008g03430.1, VIT_204s0008g03430.2	Aqcoe7G160200.1.p
OG0000330	VIT_211s0016g03370.6, VIT_211s0016g03370.5, VIT_211s0016g03370.3, VIT_211s0016g03370.4, VIT_211s0016g03370.1, VIT_211s0016g03370.2	Aqcoe7G412500.1.p
OG0000330	VIT_211s0016g03380.1, VIT_211s0016g03380.2	Aqcoe7G160400.1.p, Aqcoe7G160400.2.p
OG0000331	VIT_208s0007g04570.1, VIT_208s0007g04570.2, VIT_208s0007g04570.3	Aqcoe1G123400.1.p
OG0000331	VIT_208s0007g04580.1, VIT_208s0007g04610.1, VIT_208s0007g04600.1, VIT_208s0007g04590.1	Aqcoe1G123600.1.p, Aqcoe1G123500.1.p
OG0000332	VIT_216s0050g02330.1, VIT_216s0050g02330.3, VIT_216s0050g02330.2, VIT_216s0050g02320.3, VIT_216s0050g02320.2, VIT_216s0050g02320.1, VIT_216s0050g02320.4, VIT_216s0050g02340.1	Aqcoe3G375700.1.p, Aqcoe3G375700.3.p, Aqcoe3G375700.2.p, Aqcoe3G376800.2.p, Aqcoe3G376800.1.p, Aqcoe3G376900.1.p, Aqcoe3G376900.3.p, Aqcoe3G376900.2.p, Aqcoe3G376900.4.p, Aqcoe3G376700.1.p
OG0000334	VIT_219s0014g00190.1	Aqcoe1G198700.1.p, Aqcoe4G286700.1.p, Aqcoe4G113100.2.p, Aqcoe4G113100.1.p, Aqcoe1G389000.1.p, Aqcoe5G096500.1.p, Aqcoe5G071000.2.p, Aqcoe5G071000.1.p, Aqcoe1G387200.3.p, Aqcoe1G387200.1.p, Aqcoe1G387200.2.p, Aqcoe2G237100.2.p, Aqcoe2G237100.1.p, Aqcoe2G237600.1.p, Aqcoe2G235600.1.p, Aqcoe2G237900.1.p, Aqcoe5G014200.1.p, Aqcoe5G014200.2.p, Aqcoe6G186600.1.p, Aqcoe6G155900.1.p, Aqcoe1G157900.1.p, Aqcoe1G157800.1.p, Aqcoe4G012300.1.p, Aqcoe4G162800.1.p, Aqcoe4G164000.1.p, Aqcoe7G021200.1.p, Aqcoe4G164300.1.p, Aqcoe1G195800.1.p, Aqcoe5G096400.1.p, Aqcoe5G071100.1.p, Aqcoe1G196300.2.p, Aqcoe1G196300.1.p, Aqcoe1G198600.1.p, Aqcoe1G194500.1.p, Aqcoe5G281600.1.p, Aqcoe1G194600.1.p, Aqcoe3G298700.1.p, Aqcoe1G179900.1.p, Aqcoe1G194400.1.p, Aqcoe1G194000.2.p, Aqcoe1G194000.1.p, Aqcoe1G179600.1.p, Aqcoe1G179600.2.p, Aqcoe2G340100.2.p, Aqcoe2G340100.4.p, Aqcoe2G340100.3.p, Aqcoe2G340100.1.p, Aqcoe1G389100.1.p, Aqcoe1G389200.1.p, Aqcoe1G388900.1.p, Aqcoe1G388700.2.p, Aqcoe1G388700.1.p, Aqcoe1G388800.2.p, Aqcoe1G388800.1.p, Aqcoe1G389300.1.p, Aqcoe1G011100.1.p, Aqcoe1G196700.1.p, Aqcoe1G196400.1.p, Aqcoe1G195900.1.p, Aqcoe1G195600.1.p, Aqcoe3G099600.1.p, Aqcoe3G099800.1.p, Aqcoe1G196600.1.p, Aqcoe1G158000.1.p, Aqcoe1G158000.2.p, Aqcoe4G012200.1.p, Aqcoe1G197000.1.p, Aqcoe3G099700.1.p, Aqcoe1G195500.1.p, Aqcoe3G171600.1.p, Aqcoe3G171700.1.p, Aqcoe3G171700.2.p, Aqcoe7G024900.1.p, Aqcoe1G182700.1.p, Aqcoe1G194700.1.p
OG0000335	VIT_201s0011g03230.1	Aqcoe3G399500.1.p
OG0000335	VIT_213s0084g00660.3, VIT_213s0084g00660.2, VIT_213s0084g00660.1	Aqcoe1G046800.1.p
OG0000335	VIT_208s0007g05170.1, VIT_208s0007g05170.3, VIT_208s0007g05170.2	Aqcoe2G043600.1.p
OG0000336	VIT_205s0020g05030.1, VIT_205s0020g05030.2	Aqcoe5G034600.2.p, Aqcoe5G034600.1.p, Aqcoe2G303400.1.p, Aqcoe5G034700.1.p
OG0000337	VIT_210s0003g02510.1, VIT_210s0003g02450.2, VIT_210s0003g02450.1, VIT_210s0003g02470.1, VIT_215s0021g00950.3, VIT_215s0021g00950.2, VIT_215s0021g00950.1	Aqcoe3G241100.1.p
OG0000337	VIT_210s0003g02410.3, VIT_210s0003g02410.2, VIT_210s0003g02410.1, VIT_210s0003g02410.4	Aqcoe4G018500.1.p, Aqcoe4G018400.1.p, Aqcoe4G018800.1.p, Aqcoe6G235800.1.p
OG0000338	VIT_218s0001g12610.1, VIT_218s0001g12530.2, VIT_218s0001g12530.1	Aqcoe6G120300.1.p
OG0000338	VIT_203s0063g02680.1, VIT_204s0023g01910.1	Aqcoe4G210500.1.p, Aqcoe6G121800.1.p
OG0000338	VIT_203s0063g02670.1	Aqcoe5G189000.1.p
OG0000339	VIT_207s0031g01410.1	Aqcoe6G053300.1.p
OG0000339	VIT_212s0055g01160.2, VIT_212s0055g01160.1, VIT_212s0055g01150.4, VIT_212s0055g01150.2, VIT_212s0055g01150.1, VIT_212s0055g01150.3, VIT_212s0121g00310.1, VIT_212s0055g01280.2, VIT_212s0055g01280.3, VIT_212s0055g01280.1, VIT_218s0164g00070.1, VIT_218s0164g00070.2	Aqcoe6G053300.2.p
OG0000340	VIT_211s0118g00360.4, VIT_211s0118g00360.6, VIT_211s0118g00360.5, VIT_211s0118g00360.2, VIT_211s0118g00360.3, VIT_211s0118g00360.1, VIT_211s0118g00370.1, VIT_211s0118g00390.4, VIT_211s0118g00390.1, VIT_211s0118g00390.2, VIT_211s0118g00390.3, VIT_211s0118g00390.5, VIT_211s0118g00390.6	Aqcoe7G376100.1.p, Aqcoe4G288600.1.p
OG0000342	VIT_204s0008g00180.2, VIT_204s0008g00180.3, VIT_211s0016g03210.2, VIT_211s0016g03210.1	Aqcoe7G408500.1.p, Aqcoe7G408500.4.p, Aqcoe7G408500.2.p, Aqcoe7G408500.3.p
OG0000342	VIT_209s0002g03620.1, VIT_209s0002g03620.3, VIT_209s0002g03620.2	Aqcoe7G148700.2.p, Aqcoe7G148700.3.p, Aqcoe7G148700.4.p, Aqcoe7G148700.1.p, Aqcoe7G408300.2.p, Aqcoe7G408300.1.p
OG0000343	VIT_218s0001g01780.2, VIT_218s0001g01780.1, VIT_218s0001g01780.3	Aqcoe5G283500.1.p, Aqcoe5G283500.2.p, Aqcoe7G232200.1.p, Aqcoe7G232200.2.p
OG0000344	VIT_213s0019g03060.1, VIT_213s0019g03040.1, VIT_213s0019g03130.1, VIT_213s0019g03120.1, VIT_213s0019g02895.1, VIT_213s0019g03020.1, VIT_213s0019g02890.1, VIT_213s0019g02990.1, VIT_213s0019g02910.1, VIT_205s0102g00990.1, VIT_205s0102g00930.1, VIT_213s0019g02940.2, VIT_213s0019g02940.1	Aqcoe5G409400.1.p, Aqcoe5G408500.1.p, Aqcoe5G303600.1.p, Aqcoe5G408200.1.p, Aqcoe5G408300.1.p, Aqcoe1G092500.1.p, Aqcoe1G092400.1.p, Aqcoe1G092300.1.p
OG0000345	VIT_219s0015g00550.6, VIT_219s0015g00550.1, VIT_219s0015g00550.2, VIT_219s0015g00550.5, VIT_219s0015g00550.7, VIT_219s0015g00550.4, VIT_219s0015g00550.3, VIT_212s0057g01100.12, VIT_212s0057g01100.11, VIT_212s0057g01100.9, VIT_212s0057g01100.10, VIT_212s0057g01100.5, VIT_212s0057g01100.8, VIT_212s0057g01100.6, VIT_212s0057g01100.4, VIT_212s0057g01100.7, VIT_212s0057g01100.2, VIT_212s0057g01100.3, VIT_212s0057g01100.1	Aqcoe1G379600.1.p, Aqcoe1G379600.2.p
OG0000346	VIT_201s0010g02550.1	Aqcoe3G189600.2.p, Aqcoe3G189600.3.p, Aqcoe3G189600.1.p
OG0000346	VIT_217s0000g01810.5, VIT_217s0000g01810.9, VIT_217s0000g01810.8, VIT_217s0000g01810.6, VIT_217s0000g01810.4, VIT_217s0000g01810.1, VIT_217s0000g01810.3, VIT_217s0000g01810.2, VIT_217s0000g01810.7	Aqcoe1G072900.10.p, Aqcoe1G072900.13.p, Aqcoe1G072900.8.p, Aqcoe1G072900.4.p, Aqcoe1G072900.5.p, Aqcoe1G072900.9.p, Aqcoe1G072900.15.p, Aqcoe1G072900.6.p, Aqcoe1G072900.11.p, Aqcoe1G072900.3.p, Aqcoe1G072900.14.p, Aqcoe1G072900.12.p, Aqcoe1G072900.16.p, Aqcoe1G072900.2.p, Aqcoe1G072900.7.p, Aqcoe1G072900.17.p, Aqcoe1G072900.1.p
OG0000349	VIT_201s0137g00050.4, VIT_201s0137g00050.3, VIT_201s0137g00050.2, VIT_201s0137g00050.1	Aqcoe3G425500.1.p
OG0000349	VIT_213s0067g01500.1, VIT_206s0004g07000.1	Aqcoe2G084900.1.p
OG0000350	VIT_208s0040g01520.1, VIT_218s0001g10110.1, VIT_203s0063g00040.1	Aqcoe6G133100.1.p, Aqcoe6G133200.1.p, Aqcoe6G132900.1.p, Aqcoe7G280800.1.p, Aqcoe6G133000.1.p, Aqcoe6G133400.1.p, Aqcoe4G049000.1.p, Aqcoe4G049000.2.p, Aqcoe4G049500.1.p
OG0000351	VIT_207s0031g03090.6, VIT_207s0031g03090.3, VIT_207s0031g03090.4, VIT_207s0031g03090.1, VIT_207s0031g03090.5, VIT_207s0031g03090.2	Aqcoe5G274700.1.p, Aqcoe5G274700.2.p
OG0000351	VIT_202s0025g02830.2, VIT_202s0025g02830.1	Aqcoe5G470500.1.p, Aqcoe5G470500.2.p
OG0000351	VIT_218s0089g01040.1	Aqcoe6G002800.2.p, Aqcoe6G002800.1.p
OG0000352	VIT_203s0038g03570.1	Aqcoe5G126000.1.p
OG0000352	VIT_210s0116g01610.1	Aqcoe0610s0001.1.p
OG0000352	VIT_212s0059g00770.1, VIT_212s0059g00770.2, VIT_212s0059g00770.4	Aqcoe1G291300.1.p, Aqcoe1G291300.2.p
OG0000353	VIT_219s0090g01870.1, VIT_219s0090g01870.2, VIT_219s0090g01870.3, VIT_219s0090g01870.4, VIT_219s0090g01870.5, VIT_219s0090g01870.7, VIT_219s0090g01870.6	Aqcoe3G156600.1.p
OG0000354	VIT_216s0022g02140.1, VIT_216s0022g02140.2	Aqcoe7G058700.1.p
OG0000354	VIT_216s0022g02150.1	Aqcoe7G223000.2.p, Aqcoe7G223000.1.p, Aqcoe7G058600.1.p
OG0000354	VIT_215s0048g01670.1, VIT_215s0048g01680.1, VIT_215s0048g01690.1	Aqcoe7G061900.1.p, Aqcoe7G061700.1.p
OG0000354	VIT_215s0048g01700.3, VIT_215s0048g01700.1, VIT_215s0048g01700.2	Aqcoe7G058900.1.p
OG0000360	VIT_208s0007g04800.3, VIT_208s0007g04800.4, VIT_208s0007g04800.5, VIT_208s0007g04800.2, VIT_208s0007g04800.1	Aqcoe1G128100.1.p, Aqcoe2G211700.1.p
OG0000360	VIT_200s0252g00120.1, VIT_200s0252g00110.1	Aqcoe2G026000.2.p, Aqcoe2G026000.4.p, Aqcoe2G026000.5.p, Aqcoe2G026000.1.p, Aqcoe2G026000.3.p, Aqcoe2G025800.1.p
OG0000360	VIT_206s0004g02590.1	Aqcoe1G139300.1.p, Aqcoe4G161400.1.p, Aqcoe4G157000.1.p, Aqcoe0090s0001.1.p, Aqcoe1G139200.1.p
OG0000361	VIT_213s0067g01850.1	Aqcoe2G200700.1.p
OG0000361	VIT_214s0006g02300.1	Aqcoe2G200800.1.p
OG0000361	VIT_211s0052g00125.1	Aqcoe7G229500.1.p, Aqcoe2G187500.1.p, Aqcoe3G235400.1.p
OG0000361	VIT_210s0003g05050.1, VIT_215s0024g01960.1, VIT_209s0002g04540.1	Aqcoe2G210700.1.p
OG0000362	VIT_206s0009g01200.2, VIT_206s0009g01200.1	Aqcoe2G004000.2.p, Aqcoe2G004000.1.p, Aqcoe2G004000.4.p, Aqcoe2G004000.3.p, Aqcoe2G004200.1.p
OG0000362	VIT_212s0059g01430.1	Aqcoe3G436200.1.p, Aqcoe5G010000.2.p, Aqcoe5G010000.1.p, Aqcoe5G010000.3.p
OG0000363	VIT_205s0062g00960.1	Aqcoe2G221800.1.p, Aqcoe2G221800.2.p, Aqcoe2G221900.1.p
OG0000363	VIT_207s0005g04420.1	Aqcoe5G013300.1.p
OG0000364	VIT_206s0004g01080.1, VIT_208s0007g06800.2, VIT_208s0007g06800.1	Aqcoe4G147700.2.p, Aqcoe4G147700.1.p, Aqcoe2G428400.2.p, Aqcoe2G428400.1.p, Aqcoe4G284400.1.p, Aqcoe6G317900.1.p
OG0000364	VIT_202s0033g00610.1, VIT_216s0039g02460.1, VIT_216s0039g02470.1	Aqcoe3G183100.2.p, Aqcoe3G183100.1.p
OG0000365	VIT_213s0064g01165.1, VIT_212s0134g00630.1, VIT_212s0134g00590.1, VIT_212s0134g00640.1, VIT_212s0134g00635.1, VIT_212s0134g00580.1, VIT_212s0134g00650.1, VIT_212s0134g00600.1, VIT_212s0134g00670.1	Aqcoe6G290900.1.p, Aqcoe5G384100.1.p, Aqcoe7G374800.1.p, Aqcoe7G374900.1.p, Aqcoe1G182800.1.p, Aqcoe1G182900.1.p, Aqcoe1G305200.1.p, Aqcoe2G375700.1.p, Aqcoe5G119000.1.p, Aqcoe1G305000.1.p
OG0000366	VIT_203s0091g00680.2, VIT_203s0091g00680.1, VIT_207s0129g00250.1, VIT_207s0129g00250.6, VIT_207s0129g00250.4, VIT_207s0129g00250.2, VIT_207s0129g00250.7, VIT_207s0129g00250.5, VIT_207s0129g00250.3	Aqcoe6G286800.3.p, Aqcoe6G286800.4.p, Aqcoe6G286800.5.p, Aqcoe6G286800.2.p, Aqcoe6G286800.1.p
OG0000367	VIT_206s0004g06010.3, VIT_206s0004g06010.4, VIT_206s0004g06010.2, VIT_206s0004g06010.1, VIT_206s0004g06010.5	Aqcoe1G085300.1.p
OG0000367	VIT_200s0264g00120.1	Aqcoe6G225600.4.p, Aqcoe6G225600.5.p, Aqcoe6G225600.1.p
OG0000368	VIT_218s0001g13060.1, VIT_204s0079g00560.1, VIT_203s0038g04400.13, VIT_203s0038g04400.8, VIT_203s0038g04400.2, VIT_203s0038g04400.4, VIT_203s0038g04400.9, VIT_203s0038g04400.11, VIT_203s0038g04400.3, VIT_203s0038g04400.1, VIT_203s0038g04400.12, VIT_203s0038g04400.7, VIT_203s0038g04400.5, VIT_203s0038g04400.10, VIT_203s0038g04400.6	Aqcoe5G186500.1.p, Aqcoe5G186500.2.p, Aqcoe6G128600.2.p, Aqcoe6G128600.1.p, Aqcoe6G128600.3.p
OG0000369	VIT_219s0014g00300.8, VIT_219s0014g00300.9, VIT_219s0014g00300.7, VIT_219s0014g00300.1, VIT_219s0014g00300.3, VIT_219s0014g00300.6, VIT_219s0014g00300.2, VIT_219s0014g00300.4, VIT_219s0014g00300.5, VIT_210s0003g02160.1	Aqcoe4G023400.3.p, Aqcoe4G023400.4.p, Aqcoe4G023400.7.p, Aqcoe4G023400.1.p, Aqcoe4G023400.6.p, Aqcoe4G023400.2.p, Aqcoe4G023400.5.p
OG0000370	VIT_211s0037g00630.3, VIT_211s0037g00630.5, VIT_211s0037g00630.8, VIT_211s0037g00630.7, VIT_211s0037g00630.6, VIT_211s0037g00630.4, VIT_211s0037g00630.2, VIT_211s0037g00630.1	Aqcoe7G220000.5.p, Aqcoe7G220000.6.p, Aqcoe7G220000.2.p, Aqcoe7G220000.4.p, Aqcoe7G220000.1.p, Aqcoe7G220000.3.p
OG0000370	VIT_214s0083g00790.3, VIT_214s0083g00790.4, VIT_214s0083g00790.2, VIT_214s0083g00790.1, VIT_201s0010g00690.1	Aqcoe7G360300.1.p
OG0000371	VIT_213s0019g03890.1, VIT_213s0019g03890.4, VIT_213s0019g03890.2, VIT_213s0019g03890.3, VIT_208s0040g02360.1, VIT_208s0040g02360.3, VIT_208s0040g02360.2	Aqcoe1G491800.1.p
OG0000372	VIT_214s0171g00380.2, VIT_214s0171g00380.6, VIT_214s0171g00380.3, VIT_214s0171g00380.4, VIT_214s0171g00380.1, VIT_214s0171g00380.5	Aqcoe5G372700.2.p, Aqcoe5G372700.4.p, Aqcoe5G372700.3.p, Aqcoe5G372700.5.p, Aqcoe5G372700.6.p, Aqcoe5G372700.1.p
OG0000372	VIT_217s0000g01830.1	Aqcoe3G188100.3.p, Aqcoe3G188100.1.p, Aqcoe3G188100.2.p, Aqcoe3G188100.4.p
OG0000375	VIT_202s0025g02980.1	Aqcoe6G023100.2.p, Aqcoe6G023100.3.p, Aqcoe6G023100.1.p, Aqcoe5G472200.1.p
OG0000375	VIT_204s0023g02050.2, VIT_204s0023g02050.4, VIT_204s0023g02050.1, VIT_204s0023g02050.3	Aqcoe5G231300.1.p
OG0000375	VIT_208s0040g02470.1	Aqcoe1G471500.2.p, Aqcoe1G471500.1.p
OG0000376	VIT_212s0028g01520.1, VIT_212s0028g01430.1, VIT_212s0028g01535.1, VIT_212s0028g01530.1	Aqcoe4G029800.1.p
OG0000376	VIT_219s0014g01075.1	Aqcoe1G361200.1.p, Aqcoe5G240600.1.p, Aqcoe4G031100.1.p, Aqcoe4G030800.1.p, Aqcoe4G030600.1.p, Aqcoe4G030100.1.p, Aqcoe4G030400.1.p, Aqcoe4G030500.1.p
OG0000376	VIT_212s0028g01440.1	Aqcoe1G361300.1.p
OG0000376	VIT_208s0032g00830.1, VIT_212s0028g01450.1, VIT_212s0028g01490.1, VIT_208s0032g00810.1, VIT_212s0028g01270.1, VIT_212s0028g01280.1, VIT_212s0028g01460.1	Aqcoe4G030900.1.p
OG0000377	VIT_214s0060g01940.1	Aqcoe2G298800.1.p
OG0000377	VIT_205s0077g01990.1, VIT_205s0077g02010.1	Aqcoe0247s0001.1.p, Aqcoe0247s0001.2.p, Aqcoe0247s0002.1.p
OG0000377	VIT_207s0005g00700.1	Aqcoe5G091600.1.p, Aqcoe2G289500.1.p, Aqcoe2G289800.1.p
OG0000378	VIT_218s0072g00950.2, VIT_218s0072g00950.1, VIT_218s0072g00950.3, VIT_218s0072g00950.4, VIT_212s0035g00720.3, VIT_212s0035g00720.2, VIT_212s0035g00720.1	Aqcoe6G013500.1.p
OG0000378	VIT_205s0029g00620.1	Aqcoe2G419100.1.p
OG0000379	VIT_205s0049g01220.1	Aqcoe5G023300.1.p
OG0000379	VIT_207s0005g03690.4, VIT_207s0005g03690.3, VIT_207s0005g03690.1, VIT_207s0005g03690.2, VIT_210s0003g05720.3	Aqcoe2G377100.3.p, Aqcoe2G377100.2.p, Aqcoe2G377100.4.p, Aqcoe2G377100.1.p
OG0000380	VIT_214s0060g01510.1, VIT_205s0077g01430.2, VIT_205s0077g01430.1, VIT_207s0005g01100.1, VIT_214s0060g00930.1	Aqcoe2G281000.1.p
OG0000381	VIT_212s0035g01350.1, VIT_204s0023g00350.1, VIT_204s0023g00350.2, VIT_204s0023g00350.10, VIT_204s0023g00350.8, VIT_204s0023g00350.5, VIT_204s0023g00350.6, VIT_204s0023g00350.3, VIT_204s0023g00350.4, VIT_204s0023g00350.11, VIT_204s0023g00350.9, VIT_204s0023g00350.7, VIT_204s0023g00350.13, VIT_204s0023g00350.12	Aqcoe2G426100.1.p, Aqcoe2G426100.2.p, Aqcoe2G426100.3.p
OG0000382	VIT_209s0002g04380.1	Aqcoe7G168900.1.p, Aqcoe7G168900.2.p, Aqcoe7G168900.3.p, Aqcoe7G168900.4.p
OG0000382	VIT_211s0016g03660.1, VIT_211s0016g03660.3, VIT_211s0016g03660.2, VIT_211s0016g03660.4	Aqcoe1G047800.1.p
OG0000383	VIT_211s0016g05520.1, VIT_211s0016g05550.1, VIT_211s0016g05540.1, VIT_209s0002g06890.1, VIT_209s0002g06900.1	Aqcoe7G385700.1.p, Aqcoe1G179700.1.p, Aqcoe7G232900.1.p
OG0000384	VIT_210s0003g01410.1	Aqcoe1G222700.2.p, Aqcoe1G222700.1.p
OG0000384	VIT_206s0004g07830.1, VIT_213s0067g02480.2, VIT_213s0067g02480.1, VIT_208s0058g01040.1	Aqcoe1G399000.1.p
OG0000385	VIT_201s0011g04430.1, VIT_201s0011g04450.2, VIT_201s0011g04450.4, VIT_201s0011g04450.5, VIT_201s0011g04450.6, VIT_201s0011g04450.1, VIT_201s0011g04450.3, VIT_214s0006g02260.1	Aqcoe3G404800.1.p, Aqcoe3G404800.2.p, Aqcoe3G404900.1.p
OG0000387	VIT_210s0003g04300.2, VIT_210s0003g04300.1	Aqcoe5G365200.1.p, Aqcoe1G172600.1.p, Aqcoe7G396900.1.p, Aqcoe7G400800.1.p, Aqcoe7G396000.1.p, Aqcoe2G100900.1.p
OG0000388	VIT_207s0005g03630.1, VIT_207s0005g03630.2, VIT_205s0049g01180.11, VIT_205s0049g01180.10, VIT_205s0049g01180.6, VIT_205s0049g01180.8, VIT_205s0049g01180.2, VIT_205s0049g01180.13, VIT_205s0049g01180.3, VIT_205s0049g01180.4, VIT_205s0049g01180.5, VIT_205s0049g01180.14, VIT_205s0049g01180.9, VIT_205s0049g01180.12, VIT_205s0049g01180.1, VIT_205s0049g01180.15, VIT_205s0049g01180.7	Aqcoe5G024000.1.p, Aqcoe5G024000.2.p, Aqcoe2G375800.1.p, Aqcoe2G375800.2.p
OG0000389	VIT_205s0020g01890.1, VIT_205s0020g01890.2, VIT_214s0030g01260.2, VIT_214s0030g01260.1, VIT_214s0030g01260.3, VIT_217s0000g00620.3, VIT_217s0000g00620.4, VIT_217s0000g00620.1, VIT_217s0000g00620.2	Aqcoe5G076100.1.p, Aqcoe2G314200.2.p, Aqcoe2G314200.1.p, Aqcoe2G314200.3.p
OG0000390	VIT_214s0081g00630.1, VIT_214s0081g00630.2, VIT_205s0049g00090.2, VIT_205s0049g00090.1, VIT_205s0049g00090.3	Aqcoe5G032500.1.p, Aqcoe2G368500.2.p, Aqcoe2G368500.1.p
OG0000391	VIT_201s0010g02345.1, VIT_218s0001g00450.1, VIT_201s0010g02320.1	Aqcoe3G182400.1.p, Aqcoe0014s0001.1.p, Aqcoe4G016600.1.p, Aqcoe4G238400.1.p, Aqcoe3G131500.1.p, Aqcoe4G218100.1.p, Aqcoe4G214900.1.p, Aqcoe7G243800.1.p, Aqcoe1G250300.1.p, Aqcoe1G462400.1.p, Aqcoe7G243700.1.p, Aqcoe6G248500.1.p, Aqcoe6G248400.1.p, Aqcoe4G153000.1.p, Aqcoe3G131600.1.p, Aqcoe4G245700.1.p, Aqcoe4G214200.1.p
OG0000392	VIT_218s0122g00700.1, VIT_218s0122g00700.5, VIT_218s0122g00700.2, VIT_218s0122g00700.4, VIT_218s0122g00700.3, VIT_202s0012g00900.1	Aqcoe6G320300.2.p, Aqcoe6G320300.3.p, Aqcoe6G320300.11.p, Aqcoe6G320300.7.p, Aqcoe6G320300.10.p, Aqcoe6G320300.6.p, Aqcoe6G320300.5.p, Aqcoe6G320300.8.p, Aqcoe6G320300.9.p, Aqcoe6G320300.4.p, Aqcoe6G320300.1.p, Aqcoe6G320700.2.p, Aqcoe6G320700.1.p
OG0000393	VIT_218s0001g07900.3, VIT_218s0001g07900.1, VIT_218s0001g07900.2, VIT_200s0211g00180.1, VIT_200s0211g00180.3, VIT_200s0211g00180.2, VIT_200s0211g00180.4, VIT_200s0211g00110.1	Aqcoe6G069700.1.p, Aqcoe6G069700.6.p, Aqcoe6G069700.4.p, Aqcoe6G069700.5.p, Aqcoe6G069700.2.p, Aqcoe6G069700.3.p
OG0000394	VIT_216s0050g00980.5, VIT_216s0050g00980.4, VIT_216s0050g00980.3, VIT_216s0050g00980.2, VIT_216s0050g00980.1, VIT_216s0050g00990.1, VIT_215s0046g01920.2, VIT_215s0046g01900.6, VIT_215s0046g01920.1, VIT_215s0046g01900.1, VIT_215s0046g01900.2, VIT_215s0046g01900.3, VIT_215s0046g01900.4, VIT_215s0046g01900.5	Aqcoe7G026200.1.p, Aqcoe7G026000.1.p, Aqcoe7G444200.1.p, Aqcoe7G026100.1.p, Aqcoe6G055000.2.p, Aqcoe6G055000.1.p, Aqcoe6G054900.1.p
OG0000395	VIT_215s0046g02900.1, VIT_215s0046g02900.2	Aqcoe7G036000.4.p, Aqcoe7G036000.2.p, Aqcoe7G036000.5.p, Aqcoe7G036000.1.p, Aqcoe7G036000.3.p
OG0000395	VIT_208s0007g01520.1	Aqcoe1G091800.1.p
OG0000395	VIT_208s0007g01520.2, VIT_208s0007g01520.3, VIT_208s0007g01520.4	Aqcoe1G091800.2.p
OG0000396	VIT_211s0016g04850.1, VIT_209s0002g06010.2, VIT_209s0002g06010.1, VIT_209s0002g06010.3, VIT_209s0002g06010.4, VIT_204s0008g05120.2, VIT_204s0008g05120.3, VIT_204s0008g05120.1	Aqcoe7G393700.1.p, Aqcoe1G339600.1.p, Aqcoe7G393700.2.p, Aqcoe7G393700.3.p, Aqcoe7G280900.4.p, Aqcoe7G280900.5.p, Aqcoe7G280900.1.p, Aqcoe7G280900.2.p, Aqcoe7G280900.3.p
OG0000397	VIT_200s0216g00030.1, VIT_200s2623g00010.1	Aqcoe3G370300.1.p
OG0000397	VIT_201s0011g00400.2, VIT_201s0011g00400.1	Aqcoe3G064000.1.p, Aqcoe3G064000.2.p
OG0000398	VIT_208s0007g05860.1	Aqcoe2G031300.1.p
OG0000398	VIT_200s0189g00070.1, VIT_200s0189g00060.1, VIT_217s0000g06210.2	Aqcoe2G396500.1.p
OG0000399	VIT_205s0020g02720.1	Aqcoe2G333100.1.p
OG0000399	VIT_214s0128g00200.1	Aqcoe5G061200.1.p
OG0000399	VIT_207s0104g00180.1, VIT_207s0005g04570.1, VIT_205s0020g02730.1	Aqcoe5G062000.1.p, Aqcoe5G060800.1.p, Aqcoe1G455100.1.p, Aqcoe5G161500.1.p, Aqcoe5G061100.1.p
OG0000400	VIT_207s0005g00050.2, VIT_207s0005g00050.1	Aqcoe2G300700.1.p
OG0000400	VIT_205s0020g02690.1, VIT_205s0020g02690.2	Aqcoe2G332700.1.p
OG0000401	VIT_205s0094g01100.1	Aqcoe7G182400.1.p
OG0000401	VIT_217s0000g06990.1	Aqcoe2G190600.1.p, Aqcoe2G190500.1.p, Aqcoe4G199800.1.p, Aqcoe3G012300.1.p
OG0000402	VIT_204s0079g00220.1	Aqcoe3G376500.1.p
OG0000402	VIT_217s0000g04940.1, VIT_211s0052g01610.1	Aqcoe2G055000.1.p, Aqcoe2G054900.1.p, Aqcoe4G052500.1.p, Aqcoe4G145400.1.p, Aqcoe4G145300.2.p, Aqcoe4G145300.3.p, Aqcoe4G145300.1.p
OG0000403	VIT_218s0041g02020.1, VIT_218s0041g02060.1, VIT_218s0041g02080.1, VIT_218s0041g02070.1, VIT_218s0041g02010.1, VIT_218s0041g02040.1, VIT_218s0041g02260.1	Aqcoe2G376600.2.p
OG0000403	VIT_218s0122g01170.1, VIT_218s0122g01170.3, VIT_218s0122g01170.2, VIT_218s0122g01160.1	Aqcoe2G376500.2.p, Aqcoe2G376500.1.p, Aqcoe2G376600.1.p, Aqcoe4G239500.1.p, Aqcoe2G376800.1.p, Aqcoe2G376700.1.p, Aqcoe2G376400.1.p, Aqcoe2G376300.1.p
OG0000404	VIT_207s0005g01490.1, VIT_207s0005g01490.3, VIT_207s0005g01490.2, VIT_207s0005g01490.4, VIT_207s0005g01490.5	Aqcoe2G273900.2.p, Aqcoe2G273900.1.p, Aqcoe2G273900.3.p
OG0000404	VIT_207s0031g00320.2, VIT_207s0031g00320.6, VIT_207s0031g00320.8, VIT_207s0031g00320.7, VIT_207s0031g00320.5, VIT_207s0031g00320.9, VIT_207s0031g00320.4, VIT_207s0031g00320.3, VIT_207s0031g00320.1	Aqcoe6G135700.1.p
OG0000405	VIT_202s0025g03380.1, VIT_202s0025g03380.2, VIT_216s0050g00750.1, VIT_216s0050g00760.5, VIT_216s0050g00760.6, VIT_216s0050g00760.2, VIT_216s0050g00760.1	Aqcoe7G030200.2.p, Aqcoe7G030200.3.p, Aqcoe7G030200.1.p, Aqcoe2G219500.2.p, Aqcoe2G219500.1.p, Aqcoe7G030100.3.p, Aqcoe7G030100.4.p, Aqcoe7G030100.1.p, Aqcoe7G030500.2.p, Aqcoe7G030500.1.p, Aqcoe7G030100.2.p
OG0000406	VIT_200s1353g00010.1	Aqcoe6G064200.1.p
OG0000406	VIT_212s0035g00990.1	Aqcoe6G009700.1.p
OG0000406	VIT_201s0010g00330.1	Aqcoe1G156800.2.p, Aqcoe1G156800.1.p, Aqcoe1G156800.3.p
OG0000406	VIT_218s0001g14610.1	Aqcoe6G222600.1.p
OG0000407	VIT_200s0463g00020.2, VIT_200s0463g00020.1, VIT_200s0463g00020.3	Aqcoe4G272800.1.p
OG0000407	VIT_212s0057g00560.1, VIT_212s0057g00560.2, VIT_219s0090g01740.1, VIT_219s0090g01740.2, VIT_219s0090g01740.4, VIT_219s0090g01740.3	Aqcoe1G390300.2.p, Aqcoe1G390300.1.p
OG0000408	VIT_211s0016g04450.6, VIT_211s0016g04450.14, VIT_211s0016g04450.15, VIT_211s0016g04450.8, VIT_211s0016g04450.7, VIT_211s0016g04450.12, VIT_211s0016g04450.13, VIT_211s0016g04450.3, VIT_211s0016g04450.5, VIT_211s0016g04450.9, VIT_211s0016g04450.16, VIT_211s0016g04450.4, VIT_211s0016g04450.2, VIT_211s0016g04450.10, VIT_211s0016g04450.11, VIT_211s0016g04450.1, VIT_204s0008g04280.1, VIT_209s0002g05120.2, VIT_209s0002g05120.5, VIT_209s0002g05120.1, VIT_209s0002g05120.3, VIT_209s0002g05120.4	Aqcoe7G194700.2.p, Aqcoe7G194700.1.p, Aqcoe7G194700.3.p
OG0000409	VIT_204s0008g04890.2, VIT_204s0008g04890.4, VIT_204s0008g04890.5, VIT_204s0008g04890.3, VIT_204s0008g04890.8, VIT_204s0008g04890.7, VIT_204s0008g04890.6, VIT_204s0008g04890.9, VIT_204s0008g04890.1, VIT_211s0016g04550.3, VIT_211s0016g04550.4, VIT_211s0016g04550.2, VIT_211s0016g04550.1	Aqcoe7G397900.2.p, Aqcoe7G397900.1.p, Aqcoe7G200300.1.p, Aqcoe7G200300.3.p, Aqcoe7G200300.4.p, Aqcoe7G200300.2.p
OG0000410	VIT_209s0018g02130.1, VIT_211s0052g00320.6, VIT_211s0052g00320.7, VIT_211s0052g00320.2, VIT_211s0052g00320.3, VIT_211s0052g00320.1, VIT_211s0052g00320.4, VIT_211s0052g00320.5	Aqcoe7G262000.2.p, Aqcoe7G262000.5.p, Aqcoe7G262000.3.p, Aqcoe7G262000.4.p, Aqcoe7G262000.1.p, Aqcoe7G262000.6.p
OG0000412	VIT_218s0001g15260.1, VIT_204s0044g01380.1	Aqcoe5G236600.2.p, Aqcoe5G236600.1.p, Aqcoe2G167600.1.p
OG0000412	VIT_217s0000g01890.2, VIT_217s0000g01890.1	Aqcoe3G412400.1.p
OG0000412	VIT_214s0108g01010.1, VIT_201s0026g02600.1	Aqcoe3G343200.2.p, Aqcoe3G343200.1.p
OG0000413	VIT_203s0038g02140.1, VIT_203s0038g02140.2	Aqcoe6G211400.1.p
OG0000413	VIT_208s0007g02030.2, VIT_208s0007g02030.1	Aqcoe2G099600.2.p, Aqcoe2G099600.1.p, Aqcoe1G427700.8.p, Aqcoe1G427700.2.p, Aqcoe1G427700.4.p, Aqcoe1G427700.3.p, Aqcoe1G427700.7.p, Aqcoe1G427700.5.p, Aqcoe1G427700.6.p, Aqcoe1G427700.1.p
OG0000414	VIT_203s0038g03710.1, VIT_203s0038g03710.3, VIT_203s0038g03710.2, VIT_218s0122g01300.1, VIT_218s0122g01290.1	Aqcoe6G176900.2.p, Aqcoe6G176900.1.p
OG0000415	VIT_207s0031g02270.1, VIT_207s0031g02270.2	Aqcoe6G166300.3.p, Aqcoe6G166300.1.p, Aqcoe6G166300.2.p
OG0000415	VIT_218s0122g00850.1, VIT_218s0122g00850.2, VIT_203s0038g03940.2, VIT_203s0038g03940.1, VIT_203s0038g03940.5, VIT_203s0038g03940.3	Aqcoe5G115000.2.p, Aqcoe5G115000.4.p, Aqcoe5G115000.3.p, Aqcoe5G115000.1.p
OG0000416	VIT_218s0001g04470.1, VIT_218s0001g04470.8, VIT_218s0001g04470.6, VIT_218s0001g04470.5, VIT_218s0001g04470.3, VIT_218s0001g04470.10, VIT_218s0001g04470.7, VIT_218s0001g04470.4, VIT_218s0001g04470.2, VIT_218s0001g04470.12, VIT_218s0001g04470.9, VIT_218s0001g04470.11, VIT_207s0031g01320.1	Aqcoe6G054700.2.p, Aqcoe6G054700.1.p, Aqcoe6G054700.3.p
OG0000417	VIT_218s0072g00080.1, VIT_207s0031g01860.2, VIT_207s0031g01860.1, VIT_207s0031g01860.4, VIT_207s0031g01860.3	Aqcoe6G044400.14.p, Aqcoe6G044400.16.p, Aqcoe6G044400.5.p, Aqcoe6G044400.10.p, Aqcoe6G044400.2.p, Aqcoe6G044400.15.p, Aqcoe6G044400.11.p, Aqcoe6G044400.17.p, Aqcoe6G044400.1.p, Aqcoe3G444100.2.p, Aqcoe3G444100.3.p, Aqcoe3G444100.1.p
OG0000418	VIT_204s0023g03650.2, VIT_204s0023g03650.1	Aqcoe6G225300.1.p, Aqcoe6G225300.2.p, Aqcoe6G222500.1.p
OG0000418	VIT_217s0000g00290.3, VIT_217s0000g00290.1, VIT_217s0000g00290.2, VIT_217s0000g03230.1, VIT_217s0000g03230.2	Aqcoe5G325300.1.p, Aqcoe5G325400.1.p
OG0000418	VIT_214s0068g01120.1, VIT_214s0068g01120.2, VIT_214s0068g01120.7, VIT_214s0068g01120.6, VIT_214s0068g01120.5, VIT_214s0068g01120.4, VIT_214s0068g01120.3	Aqcoe5G325200.1.p, Aqcoe5G325200.2.p
OG0000419	VIT_207s0141g00590.2, VIT_207s0141g00590.1, VIT_207s0141g00590.3, VIT_205s0020g04720.4, VIT_205s0020g04720.1, VIT_205s0020g04720.2, VIT_205s0020g04720.3, VIT_205s0020g04720.5	Aqcoe6G256100.4.p, Aqcoe6G256100.3.p, Aqcoe6G256100.1.p, Aqcoe6G256100.2.p, Aqcoe6G043300.1.p
OG0000420	VIT_214s0066g01040.3, VIT_214s0066g01040.4, VIT_214s0066g01040.8, VIT_214s0066g01040.2, VIT_214s0066g01040.5, VIT_214s0066g01040.1, VIT_214s0066g01040.7, VIT_214s0066g01040.6, VIT_214s0066g01040.10, VIT_214s0066g01040.9, VIT_214s0066g01040.11	Aqcoe3G285800.1.p, Aqcoe3G285800.2.p
OG0000421	VIT_215s0046g01720.1, VIT_215s0046g01700.1, VIT_215s0046g01710.1, VIT_215s0046g01690.1, VIT_214s0066g00620.1	Aqcoe5G404300.1.p
OG0000421	VIT_215s0046g01580.1	Aqcoe7G383000.1.p
OG0000421	VIT_216s0050g02210.1, VIT_216s0050g02220.1, VIT_216s0050g02230.1	Aqcoe5G441800.1.p, Aqcoe1G440700.1.p, Aqcoe3G432800.1.p
OG0000422	VIT_206s0004g01300.1	Aqcoe7G353800.1.p, Aqcoe7G353800.2.p
OG0000422	VIT_202s0012g01160.1	Aqcoe3G237900.1.p
OG0000423	VIT_215s0048g00870.1, VIT_216s0022g01810.1, VIT_202s0025g05130.2, VIT_202s0025g05130.1	Aqcoe7G067000.1.p
OG0000424	VIT_209s0002g01560.3, VIT_209s0002g01560.7, VIT_209s0002g01560.6, VIT_209s0002g01560.2, VIT_209s0002g01560.5, VIT_209s0002g01560.1, VIT_209s0002g01560.9, VIT_209s0002g01560.11, VIT_209s0002g01560.4, VIT_209s0002g01560.10, VIT_209s0002g01560.8	Aqcoe7G116600.2.p, Aqcoe7G116600.1.p
OG0000425	VIT_216s0039g00860.1, VIT_216s0039g00870.1, VIT_216s0039g00900.1, VIT_216s0039g00910.1, VIT_216s0039g00930.1, VIT_216s0039g00920.1, VIT_216s0039g01060.1, VIT_216s0039g00880.1, VIT_216s0039g00840.1, VIT_214s0036g00140.1, VIT_216s0039g00760.1, VIT_216s0039g00820.1, VIT_214s0036g00220.1	Aqcoe1G115200.1.p, Aqcoe7G262500.1.p
OG0000427	VIT_214s0066g00070.1, VIT_211s0103g00470.1, VIT_214s0066g00060.1, VIT_214s0066g00010.1, VIT_214s0066g00050.1, VIT_214s0066g00050.3, VIT_214s0066g00050.2, VIT_214s0066g00130.3, VIT_214s0066g00130.4, VIT_214s0066g00130.5, VIT_214s0066g00130.2, VIT_214s0066g00130.1, VIT_201s0137g00380.1, VIT_201s0137g00390.1, VIT_217s0000g09700.1	Aqcoe3G137400.1.p, Aqcoe5G388400.1.p, Aqcoe5G388300.1.p
OG0000428	VIT_207s0005g03410.1, VIT_207s0005g03420.1, VIT_207s0005g03420.2, VIT_207s0005g03400.1	Aqcoe5G027500.2.p, Aqcoe5G027700.1.p, Aqcoe5G027600.1.p, Aqcoe5G027500.1.p, Aqcoe5G257300.1.p
OG0000431	VIT_214s0128g00880.1, VIT_205s0020g01610.7, VIT_205s0020g01610.3, VIT_205s0020g01610.4, VIT_205s0020g01610.5, VIT_205s0020g01610.6, VIT_205s0020g01610.1, VIT_205s0020g01610.2	Aqcoe2G307100.2.p, Aqcoe2G307100.1.p
OG0000432	VIT_205s0136g00210.1, VIT_201s0026g02570.1, VIT_218s0001g09780.1, VIT_218s0001g04430.1, VIT_218s0041g00480.1, VIT_218s0072g00250.1	Aqcoe2G144100.1.p, Aqcoe6G185200.1.p
OG0000433	VIT_208s0032g00600.1, VIT_213s0073g00610.1, VIT_213s0073g00610.3, VIT_213s0073g00610.2	Aqcoe2G067400.3.p, Aqcoe2G067400.4.p, Aqcoe2G067400.1.p, Aqcoe2G067400.2.p, Aqcoe1G070600.1.p
OG0000434	VIT_207s0005g06640.7, VIT_207s0005g06640.5, VIT_207s0005g06640.8, VIT_207s0005g06640.6, VIT_207s0005g06640.4, VIT_207s0005g06640.1, VIT_207s0005g06640.3, VIT_207s0005g06640.2, VIT_207s0005g06640.9, VIT_207s0005g06640.10	Aqcoe2G397900.2.p, Aqcoe2G397900.3.p, Aqcoe2G397900.1.p, Aqcoe2G397900.4.p
OG0000435	VIT_205s0049g00080.1, VIT_205s0049g00070.1	Aqcoe2G368300.1.p
OG0000435	VIT_213s0019g02120.1, VIT_206s0004g05270.1, VIT_208s0007g00880.1	Aqcoe1G101500.1.p
OG0000435	VIT_202s0012g01190.1	Aqcoe3G231100.1.p
OG0000436	VIT_217s0000g01410.1, VIT_217s0000g01400.1	Aqcoe5G358500.1.p, Aqcoe7G104300.1.p, Aqcoe2G221000.1.p
OG0000437	VIT_204s0023g01490.1, VIT_218s0001g12310.1	Aqcoe6G114300.1.p
OG0000437	VIT_208s0007g02550.1	Aqcoe1G433800.1.p
OG0000437	VIT_211s0016g03923.1	Aqcoe7G178400.1.p
OG0000438	VIT_203s0063g00160.3, VIT_203s0063g00160.2, VIT_203s0063g00160.1, VIT_203s0063g00160.4, VIT_203s0063g00160.5, VIT_218s0001g10260.4, VIT_218s0001g10260.1, VIT_218s0001g10260.3, VIT_218s0001g10260.2	Aqcoe6G137100.4.p, Aqcoe6G137100.2.p, Aqcoe6G137100.6.p, Aqcoe6G137100.1.p, Aqcoe6G137100.3.p, Aqcoe6G137100.5.p
OG0000439	VIT_219s0014g01420.3, VIT_219s0014g01420.2, VIT_219s0014g01420.4, VIT_219s0014g01420.1, VIT_210s0003g01240.1, VIT_210s0003g01240.2, VIT_210s0003g01240.3	Aqcoe1G228000.1.p, Aqcoe1G228000.2.p
OG0000439	VIT_201s0011g00620.2, VIT_201s0011g00620.1	Aqcoe3G064800.1.p, Aqcoe3G364200.1.p
OG0000439	VIT_218s0001g05720.1	Aqcoe6G082900.1.p
OG0000440	VIT_218s0001g13420.1, VIT_204s0023g02780.1, VIT_203s0038g00310.1	Aqcoe5G181200.2.p, Aqcoe5G181200.1.p, Aqcoe6G257900.1.p
OG0000441	VIT_219s0090g01660.1, VIT_219s0090g01660.2, VIT_212s0057g00480.1, VIT_212s0057g00480.3, VIT_212s0057g00480.4, VIT_212s0057g00480.2, VIT_212s0057g00480.5	Aqcoe4G274100.4.p, Aqcoe4G274100.1.p, Aqcoe4G274100.3.p, Aqcoe4G274100.5.p, Aqcoe4G274100.6.p, Aqcoe4G274100.2.p
OG0000442	VIT_202s0154g00390.1, VIT_202s0154g00390.2, VIT_215s0048g00660.1, VIT_215s0048g00660.2	Aqcoe5G418100.1.p
OG0000442	VIT_219s0090g00580.2, VIT_219s0090g00580.1	Aqcoe1G231900.1.p, Aqcoe4G198500.1.p
OG0000443	VIT_212s0057g01210.1, VIT_219s0015g00690.1, VIT_219s0015g00690.3, VIT_219s0015g00690.2, VIT_219s0015g00690.4	Aqcoe0009s0017.1.p, Aqcoe4G309100.1.p, Aqcoe1G373000.1.p
OG0000443	VIT_217s0000g10000.4, VIT_217s0000g10000.5, VIT_217s0000g10000.2, VIT_217s0000g10000.1, VIT_217s0000g10000.3	Aqcoe3G129400.1.p, Aqcoe5G381400.1.p
OG0000444	VIT_209s0002g02450.5, VIT_209s0002g02450.7, VIT_209s0002g02450.6, VIT_209s0002g02450.4, VIT_209s0002g02450.1, VIT_209s0002g02450.3, VIT_209s0002g02450.2	Aqcoe1G177300.1.p, Aqcoe3G277200.1.p, Aqcoe3G242100.1.p, Aqcoe3G242700.1.p, Aqcoe7G321700.1.p, Aqcoe7G193600.1.p, Aqcoe5G150800.1.p, Aqcoe7G129000.1.p, Aqcoe7G130000.1.p, Aqcoe7G132800.1.p, Aqcoe7G132500.1.p
OG0000444	VIT_211s0016g02480.1, VIT_211s0016g02480.2, VIT_204s0008g00870.1	Aqcoe7G132400.3.p, Aqcoe7G132400.1.p, Aqcoe7G132400.2.p
OG0000445	VIT_211s0016g05590.2, VIT_211s0016g05590.1	Aqcoe7G386400.1.p, Aqcoe7G386400.3.p, Aqcoe7G386400.4.p, Aqcoe7G386400.2.p
OG0000445	VIT_206s0009g00880.2, VIT_206s0009g00880.3, VIT_206s0009g00880.4, VIT_206s0009g00880.1, VIT_208s0032g01110.7, VIT_208s0032g01110.8, VIT_208s0032g01110.9, VIT_208s0032g01110.3, VIT_208s0032g01110.5, VIT_208s0032g01110.6, VIT_208s0032g01110.2, VIT_208s0032g01110.4, VIT_208s0032g01110.1	Aqcoe1G074300.1.p, Aqcoe1G074300.6.p, Aqcoe1G074300.5.p, Aqcoe1G074300.3.p, Aqcoe1G074300.4.p, Aqcoe1G074300.2.p
OG0000446	VIT_201s0010g00920.1	Aqcoe3G072100.1.p, Aqcoe3G072100.2.p
OG0000446	VIT_209s0002g03930.3, VIT_209s0002g03930.2, VIT_209s0002g03930.1	Aqcoe7G412200.1.p, Aqcoe7G412200.2.p
OG0000447	VIT_210s0003g05420.1	Aqcoe3G067100.1.p, Aqcoe3G067200.1.p
OG0000447	VIT_210s0003g05415.1	Aqcoe1G171400.1.p
OG0000447	VIT_210s0003g05390.1	Aqcoe7G395100.1.p
OG0000448	VIT_213s0064g00930.2, VIT_213s0064g00930.1, VIT_213s0064g00930.3, VIT_206s0004g02140.1, VIT_208s0007g08200.8, VIT_208s0007g08200.7, VIT_208s0007g08200.6, VIT_208s0007g08200.4, VIT_208s0007g08200.2, VIT_208s0007g08200.5, VIT_208s0007g08200.1, VIT_208s0007g08200.3, VIT_208s0007g08200.9	Aqcoe1G035400.3.p, Aqcoe1G035400.1.p, Aqcoe1G035400.4.p, Aqcoe1G035400.2.p, Aqcoe1G035400.5.p, Aqcoe1G035300.1.p
OG0000449	VIT_208s0040g00230.1, VIT_213s0067g01920.1	Aqcoe1G173500.23.p, Aqcoe1G173500.19.p, Aqcoe1G173500.22.p, Aqcoe1G173500.21.p, Aqcoe1G173500.13.p, Aqcoe1G173500.10.p, Aqcoe1G173500.11.p, Aqcoe1G173500.4.p, Aqcoe1G173500.5.p, Aqcoe1G173500.12.p, Aqcoe1G173500.25.p, Aqcoe1G173500.20.p, Aqcoe1G173500.1.p, Aqcoe1G173500.14.p, Aqcoe1G173500.8.p, Aqcoe1G173500.9.p, Aqcoe1G173500.18.p, Aqcoe1G173500.16.p, Aqcoe1G173500.15.p, Aqcoe1G173500.6.p, Aqcoe1G173500.7.p, Aqcoe1G173500.17.p, Aqcoe1G173500.2.p, Aqcoe1G173500.24.p, Aqcoe5G098800.2.p, Aqcoe5G098800.1.p, Aqcoe5G098800.3.p
OG0000450	VIT_212s0028g02110.4, VIT_212s0028g02110.3, VIT_212s0028g02110.2, VIT_212s0028g02110.1, VIT_212s0028g02110.5, VIT_210s0003g01370.1	Aqcoe1G224200.2.p, Aqcoe1G224200.1.p, Aqcoe1G224200.3.p
OG0000452	VIT_213s0139g00320.1, VIT_213s0139g00340.1	Aqcoe6G065700.1.p
OG0000452	VIT_213s0158g00170.1	Aqcoe1G416400.3.p, Aqcoe1G416400.2.p, Aqcoe1G416400.4.p, Aqcoe1G416400.1.p, Aqcoe6G185400.2.p, Aqcoe6G185400.1.p, Aqcoe6G185000.1.p, Aqcoe2G292800.1.p, Aqcoe2G292800.2.p, Aqcoe5G063500.1.p, Aqcoe5G386500.1.p, Aqcoe5G386500.2.p, Aqcoe5G386600.1.p, Aqcoe4G305500.1.p, Aqcoe0016s0008.1.p, Aqcoe4G126600.1.p, Aqcoe5G071600.2.p, Aqcoe5G071600.1.p, Aqcoe5G042000.1.p, Aqcoe4G143900.1.p, Aqcoe1G279500.1.p
OG0000453	VIT_206s0004g04050.1, VIT_206s0004g04050.2, VIT_206s0004g03760.1, VIT_208s0007g00690.1, VIT_213s0019g01930.1, VIT_213s0019g01920.1, VIT_213s0019g01940.1, VIT_213s0019g02150.1, VIT_213s0019g02160.1	Aqcoe2G224900.1.p, Aqcoe2G224800.1.p, Aqcoe2G224600.1.p, Aqcoe2G225000.1.p
OG0000453	VIT_208s0007g00680.1, VIT_208s0007g00670.1	Aqcoe1G106400.1.p, Aqcoe1G106400.2.p
OG0000453	VIT_208s0007g00600.1	Aqcoe2G224300.1.p
OG0000454	VIT_206s0080g00360.6, VIT_206s0080g00360.4, VIT_206s0080g00360.1, VIT_206s0080g00360.2, VIT_206s0080g00360.5, VIT_206s0080g00360.7, VIT_206s0080g00360.3	Aqcoe2G141600.4.p, Aqcoe2G141600.3.p, Aqcoe2G141600.2.p, Aqcoe2G141600.1.p, Aqcoe1G446200.1.p
OG0000455	VIT_218s0076g00320.1	Aqcoe5G243600.1.p
OG0000455	VIT_212s0055g00860.1, VIT_212s0055g00850.1, VIT_212s0055g00870.1	Aqcoe6G172400.1.p, Aqcoe5G245100.1.p, Aqcoe5G246000.1.p, Aqcoe5G246100.1.p
OG0000456	VIT_201s0011g05000.1, VIT_201s0011g05000.2	Aqcoe3G011100.1.p
OG0000456	VIT_218s0001g03610.6, VIT_218s0001g03610.4, VIT_218s0001g03610.5, VIT_218s0001g03610.2, VIT_218s0001g03610.7, VIT_218s0001g03610.3, VIT_218s0001g03610.1	Aqcoe5G279000.1.p
OG0000457	VIT_218s0001g11820.1, VIT_218s0001g11820.2, VIT_218s0001g11820.5, VIT_218s0001g11820.6, VIT_218s0001g11820.4, VIT_218s0001g11820.3, VIT_204s0023g01030.1, VIT_204s0023g01030.4, VIT_204s0023g01030.2, VIT_204s0023g01030.5, VIT_204s0023g01030.7, VIT_204s0023g01030.3, VIT_204s0023g01030.6, VIT_204s0023g01030.9, VIT_204s0023g01030.8, VIT_204s0023g01030.12, VIT_204s0023g01030.10, VIT_204s0023g01030.11	Aqcoe6G108000.2.p, Aqcoe6G108000.8.p, Aqcoe6G108000.5.p, Aqcoe6G108000.3.p, Aqcoe6G108000.4.p, Aqcoe6G108000.7.p, Aqcoe6G108000.6.p, Aqcoe6G108000.1.p
OG0000458	VIT_207s0191g00090.1, VIT_218s0001g06330.1, VIT_218s0001g06330.2	Aqcoe6G078300.1.p, Aqcoe5G313500.1.p
OG0000458	VIT_214s0006g03230.1, VIT_214s0006g03230.2	Aqcoe3G044300.1.p
OG0000459	VIT_200s0445g00010.1	Aqcoe1G324400.2.p, Aqcoe1G324400.1.p
OG0000459	VIT_212s0059g01920.1	Aqcoe4G158500.2.p, Aqcoe4G158500.4.p, Aqcoe4G158500.5.p, Aqcoe4G158500.3.p, Aqcoe4G158500.1.p
OG0000460	VIT_219s0015g01730.1	Aqcoe1G377300.1.p
OG0000460	VIT_214s0171g00090.1, VIT_214s0171g00090.4, VIT_214s0171g00090.2, VIT_214s0171g00090.3	Aqcoe7G013000.1.p
OG0000461	VIT_216s0050g02400.1, VIT_215s0046g01390.1, VIT_202s0025g01055.1	Aqcoe5G444900.1.p, Aqcoe7G017500.1.p
OG0000462	VIT_206s0004g02750.1, VIT_206s0004g02750.3, VIT_206s0004g02750.2, VIT_206s0004g02750.5, VIT_206s0004g02750.4, VIT_208s0040g01810.2, VIT_208s0040g01810.4, VIT_208s0040g01810.1, VIT_208s0040g01810.3, VIT_213s0019g04380.3, VIT_213s0019g04380.4, VIT_213s0019g04380.2, VIT_213s0019g04380.1	Aqcoe1G142700.1.p, Aqcoe1G142700.2.p
OG0000463	VIT_216s0050g02590.1, VIT_217s0000g01150.1, VIT_201s0010g03760.1, VIT_201s0010g03760.2	Aqcoe5G354000.1.p
OG0000466	VIT_210s0116g00600.2, VIT_210s0116g00600.1, VIT_210s0116g00600.3	Aqcoe4G228600.1.p
OG0000466	VIT_205s0049g01340.1	Aqcoe2G378300.1.p, Aqcoe2G378300.2.p
OG0000467	VIT_213s0064g01050.4, VIT_213s0064g01050.3, VIT_213s0064g01050.2, VIT_206s0004g01910.2, VIT_206s0004g01910.1	Aqcoe1G021100.1.p, Aqcoe1G021100.2.p
OG0000467	VIT_212s0028g03380.3, VIT_212s0028g03380.2, VIT_212s0028g03380.1	Aqcoe1G259400.3.p, Aqcoe1G259400.1.p, Aqcoe1G259400.2.p
OG0000468	VIT_219s0093g00500.3, VIT_219s0093g00500.1, VIT_219s0093g00500.4, VIT_219s0093g00500.2, VIT_219s0093g00430.1, VIT_219s0093g00420.1	Aqcoe1G348100.1.p
OG0000469	VIT_205s0020g03730.1, VIT_205s0020g03730.2, VIT_207s0151g00760.1	Aqcoe2G348400.2.p, Aqcoe2G348400.1.p, Aqcoe5G051900.1.p
OG0000470	VIT_216s0098g00820.2, VIT_216s0098g00820.3, VIT_216s0098g00820.1	Aqcoe5G472500.1.p
OG0000470	VIT_214s0060g00510.1, VIT_214s0060g00520.1, VIT_214s0060g00540.1, VIT_207s0005g02150.1	Aqcoe2G262500.1.p, Aqcoe2G262300.1.p, Aqcoe2G262400.1.p, Aqcoe2G262700.1.p, Aqcoe2G262600.1.p, Aqcoe2G262100.1.p, Aqcoe2G262200.1.p
OG0000471	VIT_208s0007g03440.4, VIT_208s0007g03440.3, VIT_208s0007g03440.1, VIT_208s0007g03440.2	Aqcoe1G447400.1.p
OG0000471	VIT_206s0080g00310.1	Aqcoe2G140600.1.p
OG0000472	VIT_214s0066g01020.1, VIT_214s0066g01020.2, VIT_214s0066g01020.3, VIT_214s0066g01020.4	Aqcoe3G285200.1.p, Aqcoe3G124600.3.p, Aqcoe3G124600.4.p, Aqcoe3G124600.2.p, Aqcoe3G124600.1.p
OG0000472	VIT_205s0020g00470.2, VIT_205s0020g00470.5, VIT_205s0020g00470.7, VIT_205s0020g00470.11, VIT_205s0020g00470.3, VIT_205s0020g00470.10, VIT_205s0020g00470.6, VIT_205s0020g00470.1, VIT_205s0020g00470.4, VIT_205s0020g00470.9, VIT_205s0020g00470.8	Aqcoe2G257400.1.p
OG0000473	VIT_207s0104g01050.2, VIT_207s0104g01050.1	Aqcoe2G062400.1.p
OG0000474	VIT_204s0008g03820.4, VIT_204s0008g03820.3, VIT_204s0008g03820.5, VIT_204s0008g03820.1, VIT_204s0008g03820.2	Aqcoe7G175300.1.p
OG0000474	VIT_204s0023g01600.4, VIT_204s0023g01600.6, VIT_204s0023g01600.5, VIT_204s0023g01600.2, VIT_204s0023g01600.3, VIT_204s0023g01600.1	Aqcoe6G116600.1.p, Aqcoe6G116600.2.p
OG0000475	VIT_219s0015g00730.1, VIT_204s0044g00760.1, VIT_204s0044g00790.1, VIT_200s0531g00060.1, VIT_200s1213g00020.1, VIT_200s1349g00010.1, VIT_200s0469g00050.1, VIT_200s0414g00030.1, VIT_200s0469g00020.1, VIT_200s0469g00040.1, VIT_200s0414g00040.1, VIT_200s0469g00010.1, VIT_200s0469g00010.2, VIT_200s0414g00060.1, VIT_200s0414g00010.1, VIT_200s0414g00020.1	Aqcoe1G175800.1.p
OG0000475	VIT_219s0015g00710.2, VIT_219s0015g00710.1	Aqcoe5G386400.3.p, Aqcoe5G386400.2.p, Aqcoe4G233700.2.p, Aqcoe4G233700.1.p, Aqcoe0035s0004.1.p, Aqcoe0009s0021.1.p, Aqcoe0009s0021.2.p, Aqcoe4G305400.1.p, Aqcoe0009s0010.1.p, Aqcoe5G386700.1.p, Aqcoe0009s0010.2.p, Aqcoe0016s0009.1.p, Aqcoe7G206400.1.p, Aqcoe5G386400.1.p, Aqcoe0016s0006.1.p, Aqcoe0016s0006.2.p, Aqcoe4G305700.1.p
OG0000476	VIT_201s0011g00340.1	Aqcoe4G234600.1.p, Aqcoe4G278200.1.p, Aqcoe4G255900.1.p
OG0000476	VIT_212s0028g01300.1, VIT_212s0057g00350.1, VIT_212s0057g00340.1, VIT_219s0093g00060.1, VIT_219s0027g01310.1, VIT_219s0027g01300.1, VIT_212s0057g00330.1, VIT_212s0028g01290.1, VIT_212s0057g00320.1	Aqcoe1G237500.1.p, Aqcoe1G237700.1.p
OG0000477	VIT_211s0206g00140.1	Aqcoe7G362100.1.p
OG0000477	VIT_219s0090g01490.2, VIT_219s0090g01490.3, VIT_219s0090g01490.1, VIT_219s0090g01490.4	Aqcoe4G279300.1.p
OG0000478	VIT_200s0181g00195.1, VIT_200s0181g00150.1, VIT_200s0181g00175.1, VIT_216s0013g00750.1, VIT_200s0181g00170.1	Aqcoe7G120600.2.p, Aqcoe7G120600.1.p, Aqcoe7G119800.1.p, Aqcoe7G119600.1.p, Aqcoe7G119700.1.p, Aqcoe7G120000.1.p, Aqcoe7G119900.1.p
OG0000480	VIT_204s0008g00130.1, VIT_209s0002g03690.1, VIT_211s0016g03240.1	Aqcoe7G409500.1.p, Aqcoe7G409500.2.p, Aqcoe7G157100.1.p, Aqcoe7G156800.1.p, Aqcoe7G156900.1.p, Aqcoe7G156700.1.p
OG0000481	VIT_211s0016g02850.3, VIT_211s0016g02850.1, VIT_211s0016g02850.2, VIT_211s0016g02850.4, VIT_216s0013g01140.3, VIT_216s0013g01140.1, VIT_216s0013g01140.2, VIT_204s0008g00520.1, VIT_204s0008g00520.2	Aqcoe7G144600.1.p, Aqcoe7G144600.2.p
OG0000482	VIT_217s0000g05860.4, VIT_217s0000g05860.6, VIT_217s0000g05860.7, VIT_217s0000g05860.5, VIT_217s0000g05860.3, VIT_217s0000g05860.1, VIT_217s0000g05860.2, VIT_217s0000g05860.8	Aqcoe3G426000.1.p, Aqcoe3G426000.2.p, Aqcoe3G086700.1.p
OG0000483	VIT_206s0004g03590.1, VIT_206s0004g03590.2, VIT_206s0004g03590.3, VIT_208s0040g03180.1	Aqcoe1G487700.3.p, Aqcoe1G487700.2.p, Aqcoe1G487700.1.p
OG0000484	VIT_208s0040g01950.2, VIT_208s0040g01950.6, VIT_208s0040g01950.7, VIT_208s0040g01950.5, VIT_208s0040g01950.4, VIT_208s0040g01950.3, VIT_208s0040g01950.1, VIT_206s0004g02930.4, VIT_206s0004g02930.5, VIT_206s0004g02930.6, VIT_206s0004g02930.3, VIT_206s0004g02930.2, VIT_206s0004g02930.1	Aqcoe5G447700.2.p, Aqcoe5G447700.1.p, Aqcoe5G332900.2.p, Aqcoe5G332900.1.p
OG0000485	VIT_201s0011g02480.1, VIT_201s0011g02480.3, VIT_201s0011g02480.2	Aqcoe3G389500.2.p, Aqcoe3G389500.1.p, Aqcoe3G051500.1.p, Aqcoe3G051500.2.p
OG0000485	VIT_217s0000g04450.1, VIT_214s0066g01180.1	Aqcoe3G122200.1.p, Aqcoe3G122200.2.p, Aqcoe3G289900.1.p, Aqcoe3G289900.2.p
OG0000488	VIT_216s0013g00330.1, VIT_207s0129g00790.1	Aqcoe6G209200.1.p
OG0000488	VIT_212s0055g00520.1, VIT_212s0055g00530.1	Aqcoe2G201800.1.p
OG0000488	VIT_207s0031g03000.1	Aqcoe2G194100.1.p
OG0000489	VIT_218s0041g01350.4, VIT_218s0041g01350.1, VIT_218s0041g01350.3, VIT_218s0041g01350.2	Aqcoe6G009900.1.p, Aqcoe6G009900.2.p, Aqcoe6G009900.4.p, Aqcoe6G009900.3.p, Aqcoe1G335900.1.p
OG0000489	VIT_200s0373g00020.1, VIT_200s0373g00030.1	Aqcoe6G158700.1.p
OG0000489	VIT_207s0005g04390.1	Aqcoe2G385300.1.p, Aqcoe5G016000.1.p
OG0000490	VIT_207s0151g00430.1	Aqcoe5G049800.2.p, Aqcoe5G049800.1.p, Aqcoe2G350700.1.p
OG0000491	VIT_207s0005g00200.1, VIT_207s0005g00200.3, VIT_207s0005g00200.2	Aqcoe2G296900.1.p
OG0000491	VIT_207s0005g00190.1, VIT_217s0000g01550.3, VIT_217s0000g01550.2, VIT_217s0000g01550.1	Aqcoe5G085400.1.p, Aqcoe6G232600.1.p, Aqcoe6G232800.1.p
OG0000492	VIT_206s0004g06100.1, VIT_213s0019g03370.1, VIT_213s0019g03370.2, VIT_208s0007g01920.2, VIT_208s0007g01920.1	Aqcoe2G103600.2.p, Aqcoe2G103600.3.p, Aqcoe2G103600.1.p, Aqcoe1G083200.1.p
OG0000493	VIT_200s0253g00140.1, VIT_200s0253g00140.2	Aqcoe6G097800.2.p, Aqcoe6G097800.1.p, Aqcoe6G098000.1.p
OG0000493	VIT_200s0253g00150.1	Aqcoe6G097900.1.p
OG0000494	VIT_204s0023g01450.1, VIT_204s0023g01450.4, VIT_204s0023g01450.3, VIT_204s0023g01450.2	Aqcoe5G197000.3.p, Aqcoe5G197000.2.p, Aqcoe5G197000.1.p, Aqcoe6G112900.1.p, Aqcoe6G112900.2.p
OG0000494	VIT_200s0561g00030.8, VIT_200s0561g00030.7, VIT_200s0561g00030.6, VIT_200s0561g00030.2, VIT_200s0561g00030.5, VIT_200s0561g00030.4, VIT_200s0561g00030.1, VIT_200s0561g00030.3	Aqcoe1G313300.2.p, Aqcoe1G313300.1.p, Aqcoe1G313300.3.p
OG0000495	VIT_218s0001g09220.1, VIT_218s0001g09220.2	Aqcoe6G285800.1.p
OG0000495	VIT_209s0002g07120.3, VIT_209s0002g07120.1, VIT_209s0002g07120.2, VIT_204s0008g05620.2, VIT_204s0008g05620.4, VIT_204s0008g05620.5, VIT_204s0008g05620.1, VIT_204s0008g05620.3	Aqcoe7G382700.1.p
OG0000497	VIT_216s0100g00380.1, VIT_202s0025g04460.1	Aqcoe4G238900.1.p, Aqcoe7G049200.1.p, Aqcoe7G049100.1.p, Aqcoe7G049000.1.p, Aqcoe4G274900.1.p
OG0000498	VIT_211s0016g03780.2, VIT_211s0016g03780.1, VIT_211s0016g03780.3	Aqcoe7G404300.1.p
OG0000498	VIT_218s0001g12380.2, VIT_218s0001g12380.5, VIT_218s0001g12380.3, VIT_218s0001g12380.4, VIT_218s0001g12380.1	Aqcoe5G194100.1.p
OG0000499	VIT_204s0008g01670.1, VIT_211s0016g01500.1, VIT_209s0002g01600.1, VIT_212s0035g01980.2, VIT_212s0035g01980.1	Aqcoe7G116900.1.p, Aqcoe7G116900.2.p, Aqcoe7G116900.3.p, Aqcoe7G428700.1.p
OG0000500	VIT_213s0139g00360.3, VIT_213s0139g00360.4, VIT_213s0139g00360.2, VIT_213s0139g00360.1	Aqcoe1G039500.1.p, Aqcoe1G039500.2.p, Aqcoe1G039500.3.p
OG0000501	VIT_214s0030g00780.1	Aqcoe5G074200.3.p, Aqcoe5G074200.4.p, Aqcoe5G074200.1.p, Aqcoe5G074200.2.p
OG0000501	VIT_217s0000g00390.5, VIT_217s0000g00390.4, VIT_217s0000g00390.2, VIT_217s0000g00390.3, VIT_217s0000g00390.1	Aqcoe3G206400.2.p, Aqcoe3G206400.3.p, Aqcoe3G206400.1.p, Aqcoe5G340000.3.p, Aqcoe5G340000.2.p, Aqcoe5G340000.1.p
OG0000502	VIT_204s0023g00980.3, VIT_204s0023g00980.6, VIT_204s0023g00980.5, VIT_204s0023g00980.1, VIT_204s0023g00980.2, VIT_204s0023g00980.4, VIT_204s0023g00980.7	Aqcoe5G202400.3.p, Aqcoe5G202400.6.p, Aqcoe5G202400.5.p, Aqcoe5G202400.8.p, Aqcoe5G202400.4.p, Aqcoe5G202400.2.p, Aqcoe5G202400.1.p, Aqcoe5G202400.7.p
OG0000503	VIT_201s0026g01670.1, VIT_201s0026g01680.1	Aqcoe3G090100.1.p
OG0000504	VIT_214s0066g00980.1, VIT_214s0066g00980.2, VIT_214s0066g00980.4, VIT_214s0066g00980.3, VIT_201s0127g00290.1	Aqcoe3G126200.2.p, Aqcoe3G126200.1.p
OG0000504	VIT_217s0000g08590.1, VIT_217s0000g08590.3, VIT_217s0000g08590.2, VIT_217s0000g08590.8, VIT_217s0000g08590.5, VIT_217s0000g08590.4, VIT_217s0000g08590.7, VIT_217s0000g08590.6	Aqcoe3G282900.2.p, Aqcoe3G282900.1.p, Aqcoe3G282900.3.p
OG0000508	VIT_206s0004g03240.1, VIT_206s0004g03240.2, VIT_206s0004g03220.1, VIT_206s0004g03220.2, VIT_208s0040g02330.2, VIT_208s0040g02330.1, VIT_213s0019g03920.2, VIT_213s0019g03920.1	Aqcoe2G367600.1.p, Aqcoe2G367600.2.p, Aqcoe1G492200.1.p
OG0000509	VIT_213s0019g04600.2, VIT_213s0019g04600.4, VIT_213s0019g04600.5, VIT_213s0019g04600.6, VIT_213s0019g04600.1, VIT_213s0019g04600.3	Aqcoe1G137500.2.p, Aqcoe1G137500.1.p
OG0000509	VIT_206s0004g02490.1, VIT_208s0040g01620.1	Aqcoe2G144000.1.p
OG0000510	VIT_219s0090g01470.1, VIT_200s0187g00235.1	Aqcoe4G281000.1.p
OG0000510	VIT_200s0333g00050.1	Aqcoe2G409000.1.p
OG0000511	VIT_205s0062g01000.1, VIT_205s0062g01000.4, VIT_205s0062g01000.3, VIT_205s0062g01000.5, VIT_205s0062g01000.2, VIT_205s0062g00980.1	Aqcoe6G306000.1.p, Aqcoe6G306200.1.p, Aqcoe6G306300.1.p
OG0000512	VIT_207s0197g00080.1, VIT_207s0197g00080.2	Aqcoe5G206800.2.p
OG0000512	VIT_203s0063g01080.2, VIT_203s0063g01080.1	Aqcoe6G096100.1.p, Aqcoe6G096100.2.p, Aqcoe5G206800.1.p
OG0000513	VIT_218s0001g10350.1	Aqcoe6G138700.2.p, Aqcoe6G138700.1.p, Aqcoe5G149100.1.p
OG0000513	VIT_218s0001g10330.1, VIT_218s0001g10340.1	Aqcoe6G138600.1.p, Aqcoe5G148900.1.p, Aqcoe5G149000.1.p, Aqcoe5G148800.1.p, Aqcoe5G148600.1.p, Aqcoe5G148700.1.p
OG0000513	VIT_203s0063g00220.1, VIT_203s0063g00250.1, VIT_203s0063g00260.1, VIT_203s0063g00240.1	Aqcoe5G149700.1.p, Aqcoe5G149600.1.p, Aqcoe5G149500.1.p, Aqcoe5G149400.1.p, Aqcoe5G149900.1.p, Aqcoe5G149800.1.p, Aqcoe5G149300.1.p
OG0000514	VIT_204s0044g00110.1	Aqcoe5G119900.1.p, Aqcoe6G174500.1.p
OG0000515	VIT_212s0055g00940.1, VIT_212s0055g00940.2, VIT_212s0055g00940.4, VIT_212s0055g00940.3, VIT_218s0001g04910.1	Aqcoe6G059800.5.p, Aqcoe6G059800.3.p, Aqcoe6G059800.1.p, Aqcoe6G059800.6.p, Aqcoe6G059800.4.p, Aqcoe6G059800.2.p
OG0000516	VIT_219s0014g01390.3, VIT_219s0014g01390.2, VIT_219s0014g01390.1, VIT_212s0028g02180.1, VIT_212s0028g02180.4, VIT_212s0028g02180.5, VIT_212s0028g02180.3, VIT_212s0028g02180.2	Aqcoe1G226300.2.p, Aqcoe1G226300.4.p, Aqcoe1G226300.3.p, Aqcoe1G226300.1.p, Aqcoe1G226300.5.p, Aqcoe4G046500.1.p
OG0000517	VIT_212s0057g00250.1	Aqcoe4G259800.1.p
OG0000517	VIT_212s0057g00260.1	Aqcoe1G306100.2.p, Aqcoe1G306100.1.p, Aqcoe1G306100.3.p, Aqcoe1G306100.4.p, Aqcoe1G306200.2.p, Aqcoe1G306200.3.p, Aqcoe1G306200.1.p
OG0000518	VIT_202s0025g02880.1, VIT_216s0098g01160.4, VIT_216s0098g01160.5, VIT_202s0025g02860.1, VIT_216s0098g01160.2, VIT_216s0098g01160.3, VIT_216s0098g01160.1, VIT_216s0098g01160.7, VIT_216s0098g01160.6, VIT_216s0098g00950.1, VIT_216s0098g00970.4, VIT_216s0098g00970.3, VIT_216s0098g00970.2, VIT_216s0098g00970.1, VIT_202s0025g02870.1, VIT_212s0121g00375.1, VIT_202s0025g02850.1, VIT_203s0038g00470.1, VIT_203s0038g00470.2, VIT_203s0038g00470.3	Aqcoe7G061300.1.p
OG0000519	VIT_209s0002g04810.1, VIT_211s0016g04180.3, VIT_211s0016g04180.5, VIT_211s0016g04180.6, VIT_211s0016g04180.2, VIT_211s0016g04180.1, VIT_211s0016g04180.4	Aqcoe7G189300.2.p, Aqcoe7G189300.1.p, Aqcoe7G189300.3.p, Aqcoe7G395300.1.p, Aqcoe7G395300.3.p, Aqcoe7G395300.2.p
OG0000520	VIT_207s0141g00540.1	Aqcoe5G002600.1.p
OG0000520	VIT_216s0022g00680.1, VIT_202s0154g00080.1	Aqcoe7G078500.3.p, Aqcoe7G078500.2.p, Aqcoe7G078500.1.p
OG0000521	VIT_215s0046g00490.1, VIT_215s0046g00590.1, VIT_215s0046g00660.1, VIT_215s0046g00520.1, VIT_215s0046g00480.1, VIT_215s0046g00480.4, VIT_215s0046g00480.3, VIT_215s0046g00480.2, VIT_215s0046g00710.1, VIT_216s0098g00380.1	Aqcoe5G419100.1.p
OG0000522	VIT_201s0026g01340.2, VIT_201s0026g01340.1, VIT_201s0026g01330.1, VIT_201s0026g01380.1	Aqcoe3G320700.1.p, Aqcoe3G320900.1.p, Aqcoe3G320800.1.p, Aqcoe3G320600.1.p, Aqcoe3G321100.1.p, Aqcoe3G321000.1.p
OG0000523	VIT_201s0010g00750.1, VIT_214s0083g00730.1, VIT_214s0083g00730.4, VIT_214s0083g00730.3, VIT_214s0083g00730.2, VIT_214s0083g00730.5, VIT_214s0083g00730.6	Aqcoe3G070700.1.p, Aqcoe3G382300.1.p, Aqcoe3G382300.6.p, Aqcoe3G382300.2.p, Aqcoe3G382300.4.p, Aqcoe3G382300.5.p, Aqcoe3G382300.3.p
OG0000528	VIT_213s0019g00480.1	Aqcoe1G471100.1.p
OG0000528	VIT_206s0004g04180.1	Aqcoe2G179300.1.p, Aqcoe2G179500.1.p
OG0000529	VIT_202s0012g00110.1	Aqcoe2G407500.1.p, Aqcoe3G247900.1.p, Aqcoe3G096800.1.p
OG0000530	VIT_214s0081g00480.1, VIT_205s0020g04880.1, VIT_205s0020g04880.2, VIT_205s0020g04880.3	Aqcoe2G363900.2.p, Aqcoe2G363900.1.p
OG0000531	VIT_217s0000g00580.1	Aqcoe3G407000.1.p
OG0000531	VIT_208s0040g00470.6	Aqcoe2G004500.1.p
OG0000531	VIT_206s0009g01910.1	Aqcoe1G010600.1.p
OG0000532	VIT_207s0005g03220.1	Aqcoe2G371800.1.p
OG0000532	VIT_205s0049g00490.1	Aqcoe5G028100.1.p
OG0000533	VIT_215s0046g02940.1, VIT_215s0046g03010.1, VIT_215s0046g02950.1, VIT_209s0002g06860.1, VIT_215s0046g02960.1, VIT_215s0046g02990.1, VIT_215s0046g03000.1, VIT_209s0002g06840.1, VIT_209s0002g06850.1, VIT_206s0004g02540.1, VIT_206s0004g02560.1, VIT_206s0004g02550.1, VIT_206s0004g02570.1	Aqcoe2G112100.1.p
OG0000534	VIT_213s0106g00690.1, VIT_208s0007g03480.1	Aqcoe1G448600.3.p, Aqcoe1G448600.2.p, Aqcoe1G448600.1.p
OG0000534	VIT_202s0025g05030.1	Aqcoe7G064000.1.p
OG0000534	VIT_215s0048g00740.1	Aqcoe5G106300.1.p, Aqcoe2G139400.1.p
OG0000535	VIT_201s0011g04200.3, VIT_201s0011g04200.1, VIT_201s0011g04200.2, VIT_201s0011g04200.4, VIT_201s0011g04200.5, VIT_201s0011g04200.6, VIT_201s0011g04200.8, VIT_201s0011g04200.7	Aqcoe2G153100.1.p, Aqcoe3G023600.7.p, Aqcoe3G023600.6.p, Aqcoe3G023600.2.p
OG0000535	VIT_207s0031g02400.1	Aqcoe6G032900.1.p
OG0000535	VIT_218s0001g01850.1	Aqcoe6G033200.1.p
OG0000536	VIT_206s0061g00440.1, VIT_206s0061g00440.2	Aqcoe2G204300.1.p
OG0000536	VIT_208s0040g01370.1	Aqcoe1G134300.3.p, Aqcoe1G134300.2.p, Aqcoe1G134300.1.p
OG0000537	VIT_201s0010g01530.1, VIT_203s0088g00600.1, VIT_203s0088g00550.1, VIT_203s0088g00510.1, VIT_201s0010g01500.1, VIT_203s0088g00610.1, VIT_203s0088g00590.1	Aqcoe2G336000.1.p, Aqcoe3G433800.1.p
OG0000538	VIT_205s0049g01240.4, VIT_205s0049g01240.3, VIT_207s0005g03710.3	Aqcoe5G023200.2.p, Aqcoe5G023200.1.p
OG0000538	VIT_205s0049g01240.2, VIT_205s0049g01240.1, VIT_207s0005g03710.2, VIT_207s0005g03710.1	Aqcoe2G377800.1.p
OG0000539	VIT_218s0001g06790.1, VIT_200s0477g00030.1	Aqcoe6G073800.1.p, Aqcoe6G073600.1.p, Aqcoe6G073500.2.p, Aqcoe6G073500.1.p
OG0000539	VIT_218s0001g06820.5, VIT_218s0001g06820.2, VIT_218s0001g06820.1, VIT_218s0001g06820.3, VIT_218s0001g06820.4	Aqcoe6G073700.1.p, Aqcoe6G073400.1.p, Aqcoe6G073400.2.p
OG0000540	VIT_214s0006g01290.1, VIT_214s0006g01340.1, VIT_214s0006g01280.1, VIT_202s0033g00370.1, VIT_202s0033g00440.1, VIT_202s0033g00410.2, VIT_202s0033g00410.1, VIT_202s0033g00390.1, VIT_202s0033g00400.1, VIT_202s0033g00460.1, VIT_202s0033g00430.1, VIT_202s0033g00450.2, VIT_202s0033g00450.1, VIT_201s0011g01190.1, VIT_201s0011g01200.1, VIT_202s0033g00380.1	Aqcoe6G143800.1.p, Aqcoe6G143600.1.p, Aqcoe6G143700.1.p, Aqcoe1G362500.1.p
OG0000541	VIT_200s1351g00010.1	Aqcoe6G079500.1.p
OG0000541	VIT_216s0039g02780.1	Aqcoe3G242900.1.p
OG0000541	VIT_203s0017g01220.2, VIT_203s0017g01220.3, VIT_203s0017g01220.1	Aqcoe6G079700.1.p
OG0000542	VIT_218s0001g07850.1, VIT_218s0001g07850.2	Aqcoe6G070700.1.p, Aqcoe6G070800.2.p, Aqcoe6G070800.1.p, Aqcoe6G070900.1.p, Aqcoe6G070900.2.p
OG0000543	VIT_218s0157g00190.3, VIT_218s0157g00190.2, VIT_218s0157g00190.4, VIT_218s0157g00190.5, VIT_218s0157g00190.1	Aqcoe6G046500.1.p, Aqcoe6G046500.2.p, Aqcoe6G046500.3.p
OG0000544	VIT_217s0000g09290.1	Aqcoe5G398800.1.p, Aqcoe3G143600.1.p
OG0000544	VIT_204s0023g01350.1	Aqcoe6G111600.1.p
OG0000544	VIT_208s0058g01180.1, VIT_208s0058g01180.2	Aqcoe1G401900.2.p, Aqcoe1G401900.3.p, Aqcoe1G401900.1.p, Aqcoe1G401900.4.p
OG0000545	VIT_210s0071g00780.6, VIT_210s0071g00780.7, VIT_210s0071g00780.4, VIT_210s0071g00780.3, VIT_210s0071g00780.5, VIT_210s0071g00780.2, VIT_210s0071g00780.1	Aqcoe4G058700.1.p, Aqcoe3G440500.1.p
OG0000546	VIT_219s0014g03840.1, VIT_203s0017g00930.1, VIT_219s0014g03770.2, VIT_219s0014g03770.1, VIT_219s0014g03780.1	Aqcoe1G235800.1.p, Aqcoe1G235800.2.p, Aqcoe4G300100.1.p, Aqcoe4G290400.1.p
OG0000546	VIT_205s0102g00970.1, VIT_205s0102g00900.1, VIT_205s0102g00920.1, VIT_205s0102g00980.1, VIT_219s0027g01005.1, VIT_219s0027g01010.1, VIT_205s0102g01130.1, VIT_205s0102g01080.1, VIT_205s0102g00830.1, VIT_205s0102g00810.1, VIT_205s0102g00800.1, VIT_205s0102g00790.1, VIT_205s0102g00850.1, VIT_205s0102g01090.1, VIT_205s0102g01036.1, VIT_205s0102g01060.1	Aqcoe4G263800.1.p, Aqcoe4G251900.1.p, Aqcoe7G395800.1.p
OG0000547	VIT_215s0046g01810.1	Aqcoe5G434000.1.p
OG0000547	VIT_212s0134g00450.1	Aqcoe5G355000.1.p, Aqcoe5G354900.1.p, Aqcoe5G354800.1.p, Aqcoe4G303000.1.p, Aqcoe4G303600.1.p
OG0000547	VIT_219s0014g02620.1, VIT_212s0028g03510.1, VIT_212s0028g03520.1	Aqcoe3G156900.1.p, Aqcoe4G097600.1.p, Aqcoe4G099000.1.p, Aqcoe4G097500.1.p
OG0000548	VIT_201s0026g00250.1, VIT_201s0026g00250.2	Aqcoe3G114400.1.p, Aqcoe3G298800.1.p
OG0000548	VIT_204s0069g00800.11, VIT_204s0069g00800.5, VIT_204s0069g00800.6, VIT_204s0069g00800.7, VIT_204s0069g00800.3, VIT_204s0069g00800.12, VIT_204s0069g00800.8, VIT_204s0069g00800.2, VIT_204s0069g00800.9, VIT_204s0069g00800.1, VIT_204s0069g00800.4	Aqcoe7G255100.2.p, Aqcoe7G255100.4.p, Aqcoe7G255100.3.p, Aqcoe7G255100.7.p, Aqcoe7G255100.9.p, Aqcoe7G255100.6.p, Aqcoe7G255100.5.p, Aqcoe7G255100.1.p, Aqcoe7G255100.8.p
OG0000549	VIT_218s0001g15620.1, VIT_211s0052g01470.1, VIT_211s0052g00340.1, VIT_211s0052g01460.1, VIT_211s0052g00350.1, VIT_209s0002g08640.1	Aqcoe7G256900.1.p
OG0000550	VIT_208s0056g00570.1, VIT_206s0004g08250.4, VIT_206s0004g08250.7, VIT_206s0004g08250.8, VIT_206s0004g08250.1, VIT_206s0004g08250.3, VIT_206s0004g08250.2, VIT_206s0004g08250.5, VIT_206s0004g08250.6	Aqcoe1G498800.3.p, Aqcoe1G498800.2.p, Aqcoe1G498800.1.p, Aqcoe1G498900.2.p, Aqcoe1G498900.3.p, Aqcoe1G498900.1.p
OG0000551	VIT_206s0004g02370.1, VIT_206s0004g02380.1, VIT_213s0047g00540.1, VIT_213s0101g00240.1, VIT_213s0064g00290.1, VIT_213s0067g00580.1, VIT_213s0047g00940.1, VIT_213s0064g00270.1, VIT_215s0107g00210.1, VIT_213s0067g00620.1, VIT_213s0067g00590.1, VIT_203s0110g00350.1	Aqcoe1G024100.1.p, Aqcoe1G024100.2.p, Aqcoe1G024400.1.p, Aqcoe1G024600.1.p, Aqcoe1G024500.1.p
OG0000552	VIT_212s0059g01170.1	Aqcoe1G343200.1.p, Aqcoe1G343200.2.p
OG0000552	VIT_201s0010g02350.1, VIT_214s0171g00530.1, VIT_214s0171g00530.5, VIT_214s0171g00530.4, VIT_214s0171g00530.2, VIT_214s0171g00530.3, VIT_214s0171g00530.6	Aqcoe5G376000.2.p, Aqcoe5G376000.1.p
OG0000558	VIT_207s0151g00590.1	Aqcoe5G050400.1.p, Aqcoe5G050400.2.p, Aqcoe2G349900.1.p, Aqcoe2G349900.3.p, Aqcoe2G349900.2.p
OG0000559	VIT_207s0005g05100.2, VIT_207s0005g05100.3, VIT_207s0005g05100.4, VIT_207s0005g05100.6, VIT_207s0005g05100.5, VIT_207s0005g05100.1	Aqcoe2G393900.1.p
OG0000560	VIT_213s0158g00370.3, VIT_213s0158g00370.2, VIT_213s0158g00370.4, VIT_213s0158g00370.5, VIT_213s0158g00370.1, VIT_206s0061g00150.4, VIT_206s0061g00150.3, VIT_206s0061g00150.1, VIT_206s0061g00150.2	Aqcoe2G001800.2.p, Aqcoe2G001800.1.p, Aqcoe2G001800.3.p, Aqcoe1G002200.1.p, Aqcoe1G002200.3.p, Aqcoe1G002200.2.p
OG0000561	VIT_219s0014g00160.1, VIT_210s0003g02890.1, VIT_210s0003g02900.1, VIT_207s0005g02220.1	Aqcoe2G043000.1.p, Aqcoe4G047100.1.p, Aqcoe5G131000.1.p, Aqcoe1G200900.1.p, Aqcoe1G200500.1.p, Aqcoe2G325600.1.p, Aqcoe1G200700.1.p
OG0000561	VIT_212s0028g00320.1	Aqcoe4G015200.1.p
OG0000562	VIT_205s0049g01800.1, VIT_207s0005g04190.6, VIT_207s0005g04190.3, VIT_207s0005g04190.1, VIT_207s0005g04190.9, VIT_207s0005g04190.7, VIT_207s0005g04190.4, VIT_207s0005g04190.5, VIT_207s0005g04190.2, VIT_207s0005g04190.8	Aqcoe2G383400.6.p, Aqcoe2G383400.2.p, Aqcoe2G383400.1.p, Aqcoe2G383400.3.p, Aqcoe2G383400.4.p, Aqcoe2G383400.5.p, Aqcoe5G017700.3.p, Aqcoe5G017700.1.p, Aqcoe5G017700.2.p
OG0000563	VIT_211s0052g01680.1	Aqcoe6G209100.1.p, Aqcoe2G156100.1.p, Aqcoe7G435400.1.p
OG0000563	VIT_208s0058g01080.1	Aqcoe3G177500.1.p, Aqcoe6G171800.1.p
OG0000564	VIT_213s0067g00170.1	Aqcoe0017s0008.1.p, Aqcoe0017s0008.2.p
OG0000564	VIT_207s0104g01780.4, VIT_207s0104g01780.1, VIT_207s0104g01780.3, VIT_207s0104g01780.2, VIT_207s0104g01790.1, VIT_214s0060g02380.3, VIT_214s0060g02380.4, VIT_214s0060g02380.2, VIT_214s0060g02380.1	Aqcoe5G083000.1.p, Aqcoe2G057800.1.p
OG0000565	VIT_208s0007g05250.4, VIT_208s0007g05250.2, VIT_208s0007g05250.3, VIT_208s0007g05250.1, VIT_206s0009g03330.8, VIT_206s0009g03330.6, VIT_206s0009g03330.7, VIT_206s0009g03330.5, VIT_206s0009g03330.3, VIT_206s0009g03330.4, VIT_206s0009g03330.1, VIT_206s0009g03330.2	Aqcoe2G041700.1.p, Aqcoe2G041700.2.p
OG0000566	VIT_212s0059g01370.1	Aqcoe1G338100.1.p, Aqcoe4G297300.1.p
OG0000566	VIT_200s0186g00090.1, VIT_200s0186g00090.3, VIT_200s0186g00090.4, VIT_200s0186g00090.2	Aqcoe5G004800.1.p, Aqcoe2G394800.2.p, Aqcoe2G394800.1.p, Aqcoe2G394800.4.p, Aqcoe2G394800.3.p
OG0000567	VIT_206s0004g02300.1, VIT_208s0007g08300.1, VIT_208s0007g08300.2, VIT_205s0102g00170.1	Aqcoe1G032700.1.p, Aqcoe2G020600.1.p, Aqcoe2G020600.2.p
OG0000568	VIT_205s0020g01320.3, VIT_205s0020g01320.2, VIT_205s0020g01320.1	Aqcoe5G077000.2.p, Aqcoe5G077000.1.p
OG0000568	VIT_207s0104g01590.2, VIT_207s0104g01590.1	Aqcoe2G306200.1.p
OG0000569	VIT_214s0108g01230.6, VIT_214s0108g01230.2, VIT_214s0108g01230.3, VIT_214s0108g01230.4, VIT_214s0108g01230.5, VIT_214s0108g01230.1	Aqcoe3G351400.1.p, Aqcoe3G351400.2.p, Aqcoe6G026700.1.p, Aqcoe5G413900.1.p, Aqcoe5G413900.2.p, Aqcoe5G413900.3.p
OG0000569	VIT_208s0040g00720.5, VIT_208s0040g00720.4, VIT_208s0040g00720.3, VIT_208s0040g00720.2, VIT_208s0040g00720.1, VIT_208s0040g00720.7, VIT_208s0040g00720.6	Aqcoe6G250500.1.p
OG0000570	VIT_218s0001g08030.2, VIT_218s0001g08030.1	Aqcoe5G313100.1.p
OG0000571	VIT_207s0005g06680.1	Aqcoe6G235300.1.p, Aqcoe6G235300.2.p
OG0000572	VIT_204s0008g00280.1, VIT_204s0008g00240.1	Aqcoe3G427800.1.p
OG0000572	VIT_218s0001g02020.1, VIT_218s0001g02020.2	Aqcoe6G034500.2.p, Aqcoe6G034500.1.p
OG0000572	VIT_207s0031g02340.1, VIT_207s0031g02340.2, VIT_207s0031g02340.3, VIT_207s0031g02340.4	Aqcoe5G258400.1.p, Aqcoe5G258400.2.p
OG0000572	VIT_203s0038g02290.2, VIT_203s0038g02290.4, VIT_203s0038g02290.1	Aqcoe6G222800.1.p, Aqcoe6G222800.3.p, Aqcoe6G222800.2.p
OG0000573	VIT_207s0031g02630.4, VIT_207s0031g02630.6, VIT_207s0031g02630.2, VIT_207s0031g02630.7, VIT_207s0031g02630.1, VIT_207s0031g02630.3, VIT_207s0031g02630.5, VIT_218s0001g02440.9, VIT_218s0001g02440.10, VIT_218s0001g02440.7, VIT_218s0001g02440.12, VIT_218s0001g02440.11, VIT_218s0001g02440.13, VIT_218s0001g02440.8, VIT_218s0001g02440.1, VIT_218s0001g02440.4, VIT_218s0001g02440.5, VIT_218s0001g02440.2, VIT_218s0001g02440.6, VIT_218s0001g02440.3	Aqcoe6G025500.3.p, Aqcoe6G025500.2.p, Aqcoe6G025500.1.p
OG0000574	VIT_201s0010g01010.2, VIT_201s0010g01010.5, VIT_201s0010g01010.3, VIT_201s0010g01010.4, VIT_201s0010g01010.1	Aqcoe3G384900.3.p, Aqcoe3G384900.1.p, Aqcoe3G384900.2.p
OG0000574	VIT_201s0010g01030.2, VIT_201s0010g01030.1, VIT_214s0083g00630.9, VIT_214s0083g00630.8, VIT_214s0083g00630.2, VIT_214s0083g00630.10, VIT_214s0083g00630.7, VIT_214s0083g00630.5, VIT_214s0083g00630.1, VIT_214s0083g00630.6, VIT_214s0083g00630.3, VIT_214s0083g00630.4	Aqcoe6G107000.1.p
OG0000574	VIT_218s0001g11770.1	Aqcoe5G271800.1.p
OG0000575	VIT_200s0299g00080.1	Aqcoe3G274200.1.p, Aqcoe3G274200.2.p
OG0000575	VIT_201s0011g03760.1, VIT_201s0011g03760.2, VIT_201s0011g03760.3	Aqcoe3G032700.1.p, Aqcoe4G083600.1.p, Aqcoe3G032700.2.p
OG0000576	VIT_209s0002g02120.1, VIT_211s0016g02200.5, VIT_211s0016g02200.1, VIT_211s0016g02200.2	Aqcoe7G427600.2.p, Aqcoe7G427600.1.p, Aqcoe7G128300.1.p
OG0000577	VIT_200s0229g00080.6, VIT_200s0229g00080.7, VIT_200s0229g00080.4, VIT_200s0229g00080.3, VIT_200s0229g00080.2, VIT_200s0229g00080.1, VIT_200s0229g00080.5, VIT_200s0459g00030.1, VIT_200s0459g00030.2	Aqcoe7G085100.1.p, Aqcoe7G085100.8.p, Aqcoe7G085100.10.p, Aqcoe7G085100.4.p, Aqcoe7G085100.5.p, Aqcoe7G085100.7.p, Aqcoe7G085100.2.p, Aqcoe7G085100.3.p, Aqcoe7G085100.9.p, Aqcoe7G085100.6.p
OG0000578	VIT_209s0002g01760.2, VIT_209s0002g01760.1, VIT_211s0016g01920.2, VIT_211s0016g01920.3, VIT_211s0016g01920.1, VIT_204s0008g01000.1	Aqcoe7G123300.1.p, Aqcoe7G426500.1.p, Aqcoe5G335300.1.p
OG0000579	VIT_215s0046g01020.1, VIT_215s0046g01020.5, VIT_215s0046g01020.2, VIT_215s0046g01020.3, VIT_215s0046g01020.4	Aqcoe5G455200.1.p, Aqcoe5G455200.2.p
OG0000579	VIT_216s0050g02610.4, VIT_216s0050g02610.1, VIT_216s0050g02610.3, VIT_216s0050g02610.5, VIT_216s0050g02610.2, VIT_216s0050g02610.6	Aqcoe7G013200.22.p, Aqcoe7G013200.21.p, Aqcoe7G013200.8.p, Aqcoe7G013200.5.p, Aqcoe7G013200.10.p, Aqcoe7G013200.14.p, Aqcoe7G013200.9.p, Aqcoe7G013200.13.p, Aqcoe7G013200.4.p, Aqcoe7G013200.20.p, Aqcoe7G013200.12.p, Aqcoe7G013200.7.p, Aqcoe7G013200.11.p, Aqcoe7G013200.6.p, Aqcoe7G013200.18.p, Aqcoe7G013200.19.p, Aqcoe7G013200.3.p, Aqcoe7G013200.17.p, Aqcoe7G013200.1.p, Aqcoe7G013200.16.p, Aqcoe7G013200.2.p, Aqcoe7G013200.15.p
OG0000580	VIT_215s0048g02720.1	Aqcoe5G470100.1.p
OG0000580	VIT_205s0020g04540.1	Aqcoe5G044700.1.p
OG0000580	VIT_204s0008g04710.1	Aqcoe7G209000.1.p
OG0000581	VIT_215s0046g02280.2, VIT_215s0046g02280.1	Aqcoe7G028000.1.p
OG0000581	VIT_217s0000g07960.2, VIT_217s0000g07960.1	Aqcoe1G482100.1.p
OG0000582	VIT_219s0085g00550.5, VIT_219s0085g00550.7, VIT_219s0085g00550.6, VIT_219s0085g00550.4, VIT_219s0085g00550.2, VIT_219s0085g00550.1, VIT_219s0085g00550.3, VIT_201s0011g01490.1, VIT_201s0011g01490.2, VIT_201s0011g01490.3	Aqcoe5G021700.2.p, Aqcoe5G021700.1.p
OG0000583	VIT_217s0000g04990.1, VIT_214s0083g01030.5, VIT_214s0083g01030.2, VIT_214s0083g01030.4, VIT_214s0083g01030.1, VIT_214s0083g01030.3, VIT_201s0011g00100.1	Aqcoe3G374000.1.p, Aqcoe3G374000.2.p, Aqcoe3G373600.1.p
OG0000584	VIT_200s0394g00040.2, VIT_200s0225g00230.1, VIT_200s0394g00040.3, VIT_200s0394g00040.1	Aqcoe3G275900.1.p, Aqcoe3G275900.2.p, Aqcoe3G276300.1.p, Aqcoe3G274600.1.p
OG0000584	VIT_217s0000g08990.4, VIT_217s0000g08990.1, VIT_218s0001g15430.1, VIT_217s0000g08990.5, VIT_217s0000g08990.6, VIT_217s0000g08990.3, VIT_217s0000g08990.2	Aqcoe3G276800.1.p, Aqcoe3G276800.2.p
OG0000585	VIT_217s0000g08160.1, VIT_201s0127g00850.1, VIT_201s0127g00870.1	Aqcoe3G118700.1.p
OG0000586	VIT_201s0026g00310.2, VIT_201s0026g00310.1, VIT_201s0026g00310.4, VIT_201s0026g00310.3	Aqcoe3G113800.2.p, Aqcoe3G113800.1.p, Aqcoe3G113800.3.p, Aqcoe3G113800.4.p
OG0000593	VIT_213s0019g00080.1	Aqcoe1G473500.1.p, Aqcoe1G473500.2.p
OG0000594	VIT_203s0091g01140.1, VIT_203s0091g01140.2, VIT_203s0091g01140.3, VIT_203s0091g01130.1, VIT_203s0091g01170.1, VIT_203s0091g01120.1, VIT_203s0091g01110.1	Aqcoe3G074400.1.p, Aqcoe3G073800.1.p, Aqcoe3G074000.1.p, Aqcoe3G074100.1.p, Aqcoe3G074200.1.p, Aqcoe3G078300.1.p, Aqcoe3G074600.1.p
OG0000595	VIT_213s0084g00830.1, VIT_204s0008g06170.1, VIT_206s0009g03360.1	Aqcoe1G042900.4.p, Aqcoe1G042900.2.p, Aqcoe1G042900.1.p, Aqcoe1G042900.5.p, Aqcoe1G042900.3.p, Aqcoe1G042900.6.p, Aqcoe2G041100.1.p
OG0000596	VIT_200s1206g00020.1	Aqcoe1G383100.1.p
OG0000596	VIT_219s0015g01750.2, VIT_219s0015g01750.4, VIT_219s0015g01750.1, VIT_219s0015g01750.3, VIT_219s0015g01750.6, VIT_219s0015g01750.8	Aqcoe1G383000.1.p
OG0000596	VIT_205s0062g01060.2, VIT_205s0062g01060.3, VIT_205s0062g01060.4, VIT_205s0062g01060.1, VIT_205s0062g01060.5	Aqcoe5G004500.2.p, Aqcoe5G004500.1.p
OG0000597	VIT_218s0122g00750.1, VIT_218s0122g00770.5, VIT_218s0122g00770.7, VIT_218s0122g00770.9, VIT_218s0122g00770.4, VIT_218s0122g00770.2, VIT_218s0122g00770.8, VIT_218s0122g00770.3, VIT_218s0122g00770.1, VIT_218s0122g00770.6, VIT_214s0128g00270.1, VIT_214s0128g00260.2, VIT_214s0128g00260.1, VIT_214s0128g00260.3, VIT_214s0128g00280.1	Aqcoe6G164700.1.p, Aqcoe6G164800.1.p
OG0000598	VIT_218s0001g07470.3, VIT_218s0001g07470.1, VIT_218s0001g07470.2	Aqcoe6G094300.1.p, Aqcoe6G094300.5.p, Aqcoe6G094300.4.p, Aqcoe6G094300.3.p, Aqcoe6G094300.2.p
OG0000599	VIT_210s0003g01690.1, VIT_219s0014g01050.4, VIT_219s0014g01050.1, VIT_219s0014g01050.2, VIT_219s0014g01050.3	Aqcoe4G028700.1.p
OG0000600	VIT_219s0014g01820.1, VIT_210s0003g00550.1	Aqcoe1G245900.1.p
OG0000600	VIT_219s0014g01160.2	Aqcoe4G031300.1.p
OG0000601	VIT_208s0007g02530.5, VIT_208s0007g02530.4, VIT_208s0007g02530.3, VIT_208s0007g02530.2, VIT_208s0007g02530.1	Aqcoe1G433600.1.p, Aqcoe1G433600.2.p
OG0000601	VIT_218s0001g14100.1, VIT_218s0001g14100.3, VIT_218s0001g14100.2	Aqcoe7G304400.1.p, Aqcoe7G304400.3.p, Aqcoe7G304400.2.p
OG0000602	VIT_202s0025g04310.1, VIT_202s0025g04300.1, VIT_202s0025g04280.1, VIT_202s0025g04260.1, VIT_202s0025g04250.1, VIT_202s0025g04230.1, VIT_202s0025g04270.1, VIT_202s0025g04290.1	Aqcoe7G040400.1.p, Aqcoe3G114100.1.p
OG0000602	VIT_202s0025g04330.1, VIT_202s0025g04320.1, VIT_202s0025g04340.1	Aqcoe3G114200.1.p, Aqcoe7G040800.1.p, Aqcoe7G040600.1.p, Aqcoe7G040700.1.p
OG0000603	VIT_204s0008g00720.1	Aqcoe7G415500.1.p
OG0000603	VIT_200s0323g00100.1	Aqcoe7G077700.1.p
OG0000604	VIT_202s0012g00650.1, VIT_202s0012g00640.1, VIT_202s0012g00660.1, VIT_219s0014g03970.1	Aqcoe1G352900.1.p
OG0000604	VIT_219s0014g04650.1	Aqcoe1G244500.1.p
OG0000605	VIT_208s0007g08210.1, VIT_206s0004g02160.1, VIT_206s0004g02160.2, VIT_213s0064g00920.1	Aqcoe1G030100.2.p, Aqcoe1G030100.1.p, Aqcoe1G030100.3.p
OG0000606	VIT_219s0014g02660.3, VIT_219s0014g02660.4, VIT_219s0014g02660.6, VIT_219s0014g02660.2, VIT_219s0014g02660.5, VIT_219s0014g02660.1	Aqcoe1G262400.5.p, Aqcoe1G262400.3.p, Aqcoe1G262400.15.p, Aqcoe1G262400.13.p, Aqcoe1G262400.14.p, Aqcoe1G262400.7.p, Aqcoe1G262400.8.p, Aqcoe1G262400.11.p, Aqcoe1G262400.12.p, Aqcoe1G262400.10.p, Aqcoe1G262400.9.p, Aqcoe1G262400.4.p, Aqcoe1G262400.1.p, Aqcoe1G262400.6.p, Aqcoe1G262400.2.p
OG0000607	VIT_213s0019g05240.1, VIT_206s0004g03315.1, VIT_213s0019g05240.2, VIT_213s0019g05240.3, VIT_205s0077g00260.1, VIT_213s0019g05240.5, VIT_213s0019g05240.4	Aqcoe1G126700.1.p, Aqcoe1G126700.3.p, Aqcoe1G126700.2.p
OG0000608	VIT_218s0001g10450.1, VIT_218s0001g10450.2, VIT_203s0063g00310.1	Aqcoe5G151400.10.p, Aqcoe5G151400.8.p, Aqcoe5G151400.3.p, Aqcoe5G151400.6.p, Aqcoe5G151400.5.p, Aqcoe5G151400.1.p, Aqcoe5G151400.9.p, Aqcoe5G151400.2.p, Aqcoe5G151400.12.p, Aqcoe5G151400.13.p, Aqcoe5G151400.14.p, Aqcoe5G151400.11.p, Aqcoe5G151400.4.p, Aqcoe5G151400.7.p
OG0000609	VIT_214s0068g01450.4, VIT_214s0068g01450.1, VIT_214s0068g01450.2, VIT_214s0068g01450.3, VIT_214s0068g01450.5, VIT_217s0000g00570.5, VIT_217s0000g00570.2, VIT_217s0000g00570.6, VIT_217s0000g00570.4, VIT_217s0000g00570.3, VIT_217s0000g00570.7, VIT_217s0000g00570.8, VIT_217s0000g00570.1	Aqcoe5G343300.1.p, Aqcoe5G343300.5.p, Aqcoe5G343300.4.p, Aqcoe5G343300.2.p, Aqcoe5G343300.3.p
OG0000610	VIT_201s0127g00160.1, VIT_201s0127g00160.2, VIT_201s0127g00140.1, VIT_201s0127g00160.4, VIT_201s0127g00190.1, VIT_201s0127g00160.3	Aqcoe3G149500.2.p, Aqcoe3G149500.3.p, Aqcoe3G149500.1.p, Aqcoe3G149200.2.p, Aqcoe3G149200.1.p, Aqcoe3G280000.1.p
OG0000610	VIT_217s0000g08770.2, VIT_217s0000g08770.1, VIT_214s0066g00910.1	Aqcoe3G279900.1.p
OG0000611	VIT_214s0068g00300.1	Aqcoe3G370600.1.p
OG0000611	VIT_201s0011g00410.1	Aqcoe3G064600.1.p
OG0000612	VIT_205s0094g00020.9, VIT_205s0094g00020.11, VIT_205s0094g00020.10, VIT_205s0094g00020.7, VIT_205s0094g00020.8, VIT_205s0094g00020.3, VIT_205s0094g00020.6, VIT_205s0094g00020.5, VIT_205s0094g00020.2, VIT_205s0094g00020.1, VIT_205s0094g00020.4	Aqcoe3G052100.1.p
OG0000613	VIT_217s0000g04780.4, VIT_217s0000g04780.3, VIT_217s0000g04780.2, VIT_217s0000g04780.5, VIT_217s0000g04780.1, VIT_214s0083g00880.7, VIT_214s0083g00880.4, VIT_214s0083g00880.5, VIT_214s0083g00880.6, VIT_214s0083g00880.1, VIT_214s0083g00880.8, VIT_214s0083g00880.9, VIT_214s0083g00880.2, VIT_214s0083g00880.3, VIT_201s0010g00600.1	Aqcoe3G378800.1.p, Aqcoe3G068200.2.p, Aqcoe3G068200.1.p
OG0000614	VIT_200s1675g00010.1, VIT_202s0234g00050.1, VIT_202s0234g00020.1, VIT_216s0013g00860.1	Aqcoe3G266000.1.p, Aqcoe3G266000.2.p, Aqcoe3G266000.3.p
OG0000620	VIT_203s0091g00210.1	Aqcoe6G303600.2.p, Aqcoe6G303600.1.p
OG0000620	VIT_205s0094g00480.4, VIT_205s0094g00480.2, VIT_205s0094g00480.3, VIT_205s0094g00480.1	Aqcoe2G435000.5.p, Aqcoe2G435000.6.p, Aqcoe2G435000.4.p, Aqcoe2G435000.3.p, Aqcoe2G435000.2.p, Aqcoe2G435000.1.p, Aqcoe2G425900.1.p
OG0000621	VIT_207s0005g00850.3, VIT_207s0005g00850.1, VIT_207s0005g00850.2, VIT_207s0005g00850.4	Aqcoe2G285900.1.p, Aqcoe3G077200.2.p, Aqcoe3G077200.1.p
OG0000621	VIT_219s0093g00580.4, VIT_219s0093g00580.2, VIT_219s0093g00580.1, VIT_219s0093g00580.3, VIT_219s0093g00580.5	Aqcoe6G298300.2.p, Aqcoe6G298300.1.p
OG0000622	VIT_211s0037g01330.1, VIT_211s0037g01265.1, VIT_211s0037g01345.1, VIT_211s0037g01365.1, VIT_207s0255g00070.1	Aqcoe2G125400.1.p, Aqcoe6G299200.1.p, Aqcoe6G299200.2.p, Aqcoe2G102400.1.p, Aqcoe2G102300.1.p, Aqcoe2G102300.2.p, Aqcoe6G101300.2.p, Aqcoe6G101300.7.p, Aqcoe6G101300.1.p, Aqcoe6G101300.6.p, Aqcoe6G101300.5.p, Aqcoe6G101300.4.p, Aqcoe6G101300.3.p, Aqcoe1G451800.1.p
OG0000623	VIT_206s0061g00760.1, VIT_213s0019g05170.1, VIT_208s0007g04770.1	Aqcoe1G127500.1.p, Aqcoe2G212600.1.p
OG0000624	VIT_205s0077g01370.5, VIT_205s0077g01370.6, VIT_205s0077g01370.7, VIT_205s0077g01370.3, VIT_205s0077g01370.2, VIT_205s0077g01370.4, VIT_205s0077g01370.1, VIT_214s0060g01430.2, VIT_214s0060g01430.8, VIT_214s0060g01430.1, VIT_214s0060g01430.4, VIT_214s0060g01430.3, VIT_214s0060g01430.7, VIT_214s0060g01430.5, VIT_214s0060g01430.9, VIT_214s0060g01430.6	Aqcoe2G279500.2.p, Aqcoe2G279500.1.p
OG0000625	VIT_205s0051g00050.1, VIT_205s0051g00050.2	Aqcoe2G391200.1.p, Aqcoe2G391200.3.p, Aqcoe2G391200.2.p, Aqcoe2G391200.4.p, Aqcoe1G241900.1.p
OG0000627	VIT_212s0035g01150.3, VIT_212s0035g01150.1	Aqcoe6G008100.1.p
OG0000627	VIT_216s0013g00520.1	Aqcoe3G265400.1.p, Aqcoe7G093400.1.p
OG0000628	VIT_203s0063g00200.2, VIT_203s0063g00200.3, VIT_203s0063g00200.1	Aqcoe5G148300.1.p, Aqcoe5G148400.1.p
OG0000628	VIT_207s0031g00490.6, VIT_207s0031g00490.1, VIT_207s0031g00490.4, VIT_207s0031g00490.3, VIT_207s0031g00490.5, VIT_207s0031g00490.2	Aqcoe6G138500.4.p, Aqcoe6G138500.3.p, Aqcoe6G138500.2.p, Aqcoe6G191500.2.p, Aqcoe6G191500.1.p, Aqcoe6G138500.1.p
OG0000629	VIT_218s0001g14810.1, VIT_218s0001g14780.1, VIT_218s0001g14760.3, VIT_218s0001g14760.1, VIT_218s0001g14760.2, VIT_218s0001g14780.2	Aqcoe6G220300.1.p, Aqcoe6G220300.2.p
OG0000630	VIT_203s0038g00230.1, VIT_203s0038g00250.3, VIT_203s0038g00250.2, VIT_203s0038g00220.1, VIT_203s0038g00220.2, VIT_203s0038g00220.3	Aqcoe6G313000.1.p
OG0000631	VIT_218s0001g03950.1, VIT_218s0001g03950.2, VIT_212s0034g00960.2, VIT_212s0034g00960.5, VIT_212s0034g00960.7, VIT_212s0034g00960.4, VIT_212s0034g00960.3, VIT_212s0034g00960.6, VIT_212s0034g00960.1	Aqcoe5G278100.1.p, Aqcoe6G017000.1.p, Aqcoe6G017000.4.p, Aqcoe6G017000.2.p, Aqcoe6G017000.3.p
OG0000632	VIT_200s0218g00150.1, VIT_200s0218g00160.1, VIT_200s0218g00130.1, VIT_200s0218g00140.1	Aqcoe6G090700.1.p, Aqcoe6G091300.1.p, Aqcoe6G090800.1.p, Aqcoe4G219700.1.p, Aqcoe6G090600.1.p
OG0000632	VIT_211s0016g01850.1	Aqcoe5G141500.1.p, Aqcoe5G141400.1.p, Aqcoe6G090500.1.p, Aqcoe6G091100.1.p, Aqcoe6G091400.1.p, Aqcoe5G409800.1.p
OG0000633	VIT_203s0063g02090.1, VIT_204s0023g01180.1	Aqcoe5G199400.1.p, Aqcoe5G199400.2.p, Aqcoe6G109700.2.p, Aqcoe6G109700.1.p, Aqcoe6G109700.3.p, Aqcoe6G109700.4.p
OG0000634	VIT_218s0001g12940.1	Aqcoe6G126900.1.p, Aqcoe6G126900.3.p, Aqcoe6G126900.2.p
OG0000634	VIT_218s0075g01010.1, VIT_203s0038g04500.2, VIT_203s0038g04500.1, VIT_203s0038g04500.3	Aqcoe5G174600.1.p, Aqcoe5G174600.2.p, Aqcoe5G174600.5.p, Aqcoe5G174600.8.p, Aqcoe5G174600.6.p, Aqcoe5G174600.7.p, Aqcoe5G174600.4.p, Aqcoe5G174600.3.p
OG0000635	VIT_203s0038g00610.1	Aqcoe6G253600.1.p
OG0000636	VIT_218s0001g13110.1	Aqcoe5G185500.1.p
OG0000636	VIT_204s0023g02570.2, VIT_204s0023g02570.1	Aqcoe6G129400.1.p, Aqcoe5G185400.1.p
OG0000637	VIT_218s0001g08450.1, VIT_218s0001g08430.1	Aqcoe7G150500.1.p
OG0000638	VIT_213s0106g00190.1, VIT_213s0106g00145.1, VIT_213s0106g00060.2, VIT_213s0106g00060.1, VIT_213s0106g00030.1, VIT_213s0106g00200.1, VIT_213s0106g00080.1, VIT_213s0106g00230.4, VIT_213s0106g00230.5, VIT_213s0106g00230.2, VIT_213s0106g00230.6, VIT_213s0106g00230.3, VIT_213s0106g00230.1, VIT_204s0044g00910.2, VIT_204s0044g00910.1, VIT_204s0044g00920.1, VIT_219s0015g02230.1, VIT_219s0135g00300.1	Aqcoe5G237300.1.p, Aqcoe4G101300.1.p
OG0000640	VIT_202s0025g02390.3, VIT_202s0025g02390.2, VIT_216s0098g01350.1, VIT_219s0015g00880.1, VIT_200s0259g00140.1, VIT_202s0025g02390.1	Aqcoe5G468700.1.p
OG0000641	VIT_212s0035g02190.5, VIT_212s0035g02190.4, VIT_212s0035g02190.1, VIT_212s0035g02190.2, VIT_212s0035g02190.3	Aqcoe7G009300.1.p
OG0000641	VIT_200s0227g00140.1, VIT_200s0227g00140.3, VIT_200s0227g00140.4, VIT_200s0227g00140.5, VIT_200s0227g00140.6, VIT_200s0227g00140.2	Aqcoe1G427500.2.p, Aqcoe1G427500.3.p, Aqcoe1G427500.4.p, Aqcoe1G427500.5.p, Aqcoe1G427500.1.p, Aqcoe7G286500.1.p
OG0000642	VIT_214s0108g00050.1, VIT_201s0026g01690.1	Aqcoe3G328100.1.p, Aqcoe3G089900.1.p
OG0000642	VIT_213s0047g00340.1	Aqcoe1G010100.1.p, Aqcoe1G010100.2.p
OG0000642	VIT_209s0018g01650.1, VIT_209s0018g01650.2, VIT_209s0018g01650.3, VIT_211s0037g00870.1	Aqcoe7G221500.1.p, Aqcoe7G345400.1.p
OG0000643	VIT_205s0094g00220.1, VIT_205s0094g00260.1, VIT_205s0094g00340.1, VIT_205s0094g00330.1, VIT_205s0094g00350.1, VIT_205s0094g00280.1, VIT_205s0094g00270.1, VIT_205s0094g00240.1, VIT_205s0094g00250.1, VIT_205s0094g00320.1, VIT_205s0094g00300.1, VIT_205s0094g00360.1, VIT_205s0094g00200.1	Aqcoe7G269900.1.p, Aqcoe7G270100.1.p
OG0000644	VIT_215s0048g02410.1	Aqcoe7G000100.3.p, Aqcoe7G000100.1.p, Aqcoe7G000100.2.p
OG0000645	VIT_206s0004g07960.3, VIT_206s0004g07960.4, VIT_206s0004g07960.1, VIT_206s0004g07960.2, VIT_213s0067g02970.1, VIT_213s0067g02970.2, VIT_213s0067g02970.3	Aqcoe1G401700.1.p, Aqcoe1G401700.2.p
OG0000645	VIT_206s0004g02710.1, VIT_206s0004g02710.3	Aqcoe1G142000.1.p
OG0000646	VIT_214s0030g01870.2, VIT_214s0030g01870.3, VIT_214s0030g01870.4, VIT_214s0030g01870.1, VIT_207s0151g00310.3, VIT_207s0151g00310.4, VIT_207s0151g00310.5, VIT_207s0151g00310.2, VIT_207s0151g00310.1	Aqcoe5G049200.2.p, Aqcoe5G049200.1.p
OG0000647	VIT_202s0025g00260.1, VIT_215s0046g02000.1, VIT_215s0046g02000.2	Aqcoe5G435100.1.p
OG0000648	VIT_202s0012g00570.1, VIT_213s0101g00320.1	Aqcoe3G249500.4.p, Aqcoe3G249500.3.p, Aqcoe3G249500.2.p, Aqcoe3G249500.1.p
OG0000649	VIT_201s0010g02150.3, VIT_201s0010g02150.2, VIT_201s0010g02150.1, VIT_201s0010g02150.4	Aqcoe3G428100.1.p, Aqcoe3G428100.2.p
OG0000649	VIT_217s0053g00710.2, VIT_217s0053g00710.1, VIT_217s0053g00720.1	Aqcoe3G194400.1.p
OG0000650	VIT_208s0007g04010.1, VIT_214s0068g00380.1, VIT_214s0068g00380.2, VIT_214s0068g00380.4, VIT_214s0068g00380.5, VIT_214s0068g00380.3	Aqcoe3G369800.1.p
OG0000659	VIT_207s0005g05790.1	Aqcoe2G386500.1.p
OG0000659	VIT_205s0020g01430.1	Aqcoe2G301100.1.p
OG0000660	VIT_213s0019g02000.1, VIT_206s0004g05100.1, VIT_206s0004g05100.2	Aqcoe2G226100.1.p, Aqcoe1G104900.1.p
OG0000661	VIT_205s0077g01830.6, VIT_205s0077g01830.7, VIT_205s0077g01830.5, VIT_205s0077g01830.3, VIT_205s0077g01830.1, VIT_205s0077g01830.2, VIT_205s0077g01830.4	Aqcoe2G286200.3.p, Aqcoe2G286200.5.p, Aqcoe2G286200.4.p, Aqcoe2G286200.2.p, Aqcoe2G286200.1.p
OG0000662	VIT_205s0077g01950.1, VIT_214s0060g01950.1	Aqcoe2G214000.1.p
OG0000663	VIT_213s0019g00530.1	Aqcoe2G178500.1.p, Aqcoe1G471600.1.p, Aqcoe5G297700.1.p
OG0000663	VIT_209s0002g02520.2, VIT_209s0002g02520.1	Aqcoe7G137400.1.p, Aqcoe7G137100.2.p, Aqcoe7G137100.1.p, Aqcoe1G108700.1.p
OG0000664	VIT_201s0011g00530.1	Aqcoe3G366400.1.p, Aqcoe5G369800.1.p, Aqcoe3G061500.1.p, Aqcoe3G061500.2.p, Aqcoe3G061500.6.p, Aqcoe3G061500.5.p, Aqcoe3G061500.4.p, Aqcoe3G061500.3.p, Aqcoe6G034100.1.p
OG0000665	VIT_218s0001g11050.2, VIT_218s0001g11050.1, VIT_207s0031g00880.3, VIT_207s0031g00880.5, VIT_207s0031g00880.4, VIT_207s0031g00880.2, VIT_207s0031g00880.1, VIT_203s0063g00840.1, VIT_203s0063g00840.2	Aqcoe6G147200.1.p, Aqcoe5G157500.1.p
OG0000666	VIT_203s0180g00040.1	Aqcoe5G142000.1.p
OG0000666	VIT_207s0129g01100.1, VIT_207s0129g01100.2, VIT_218s0001g09920.1	Aqcoe6G309900.2.p, Aqcoe6G309900.1.p
OG0000667	VIT_211s0016g00310.1	Aqcoe7G442000.1.p
OG0000668	VIT_218s0122g01080.2, VIT_218s0122g01080.1, VIT_203s0038g03870.1	Aqcoe6G172100.2.p, Aqcoe6G172100.1.p
OG0000669	VIT_204s0023g02690.1	Aqcoe5G182400.1.p, Aqcoe5G182400.3.p, Aqcoe6G131200.1.p
OG0000669	VIT_218s0001g13230.1, VIT_218s0001g13230.2, VIT_218s0001g13230.3	Aqcoe5G182400.2.p
OG0000670	VIT_209s0002g06125.1	Aqcoe7G390400.1.p, Aqcoe4G217300.1.p, Aqcoe7G279600.1.p, Aqcoe4G142400.1.p
OG0000670	VIT_204s0008g05176.1, VIT_204s0008g05160.1, VIT_204s0008g05170.1, VIT_204s0008g05173.1	Aqcoe4G300500.1.p
OG0000671	VIT_204s0210g00170.1	Aqcoe1G258000.1.p
OG0000671	VIT_219s0014g02350.1	Aqcoe4G093200.1.p
OG0000672	VIT_219s0090g01430.1, VIT_212s0059g00530.1, VIT_212s0059g00530.2	Aqcoe7G109700.3.p, Aqcoe7G109700.1.p, Aqcoe7G109700.2.p, Aqcoe7G109700.4.p, Aqcoe7G196100.3.p, Aqcoe7G196100.1.p, Aqcoe7G196100.2.p
OG0000673	VIT_202s0154g00250.1, VIT_202s0154g00250.2, VIT_202s0154g00240.5, VIT_202s0154g00240.4, VIT_202s0154g00240.1, VIT_202s0154g00240.2, VIT_202s0154g00240.3	Aqcoe7G080100.1.p
OG0000674	VIT_211s0016g03440.1, VIT_204s0008g03560.1	Aqcoe7G162800.1.p, Aqcoe7G162800.2.p
OG0000674	VIT_210s0116g01660.1	Aqcoe1G230500.2.p, Aqcoe1G230500.1.p, Aqcoe1G230500.3.p
OG0000675	VIT_214s0108g00380.1	Aqcoe3G326300.2.p, Aqcoe3G326300.1.p, Aqcoe3G091700.1.p
OG0000675	VIT_211s0016g05720.1	Aqcoe7G382800.1.p
OG0000676	VIT_213s0067g02270.1, VIT_213s0067g02320.1	Aqcoe1G052000.1.p
OG0000677	VIT_210s0003g02120.1, VIT_209s0054g00850.1, VIT_210s0003g02090.1, VIT_210s0003g02080.1	Aqcoe1G209800.2.p, Aqcoe1G209800.1.p, Aqcoe1G209700.1.p
OG0000678	VIT_206s0004g00820.1	Aqcoe1G050500.2.p, Aqcoe1G050500.1.p
OG0000678	VIT_212s0028g00960.1	Aqcoe1G178400.1.p
OG0000678	VIT_204s0079g00680.6, VIT_204s0079g00680.11, VIT_204s0079g00680.12, VIT_204s0079g00680.13, VIT_204s0079g00680.5, VIT_204s0079g00680.15, VIT_204s0079g00680.10, VIT_204s0079g00680.14, VIT_204s0079g00680.8, VIT_204s0079g00680.9, VIT_204s0079g00680.7, VIT_204s0079g00680.4, VIT_204s0079g00680.3	Aqcoe3G009300.1.p, Aqcoe3G009300.2.p
OG0000679	VIT_213s0019g04100.1, VIT_208s0040g02160.1	Aqcoe1G496300.2.p, Aqcoe1G496300.1.p
OG0000680	VIT_201s0010g01080.2, VIT_201s0010g01080.1, VIT_201s0010g01080.3, VIT_217s0000g04650.3, VIT_217s0000g04650.4, VIT_217s0000g04650.2, VIT_217s0000g04650.1	Aqcoe3G074900.2.p, Aqcoe3G074900.1.p, Aqcoe3G384800.1.p, Aqcoe3G384800.2.p, Aqcoe3G384800.4.p
OG0000684	VIT_200s0317g00080.1, VIT_206s0004g04035.1	Aqcoe1G476500.1.p
OG0000684	VIT_200s0317g00070.1	Aqcoe1G476400.1.p
OG0000684	VIT_205s0051g00390.1, VIT_205s0051g00400.1	Aqcoe2G392700.1.p
OG0000685	VIT_207s0005g00250.1	Aqcoe2G296300.1.p, Aqcoe5G086900.1.p
OG0000685	VIT_213s0047g00110.4, VIT_213s0047g00110.6, VIT_213s0047g00110.1, VIT_213s0047g00110.9, VIT_213s0047g00110.3, VIT_213s0047g00110.5, VIT_213s0047g00110.7, VIT_213s0047g00110.2, VIT_213s0047g00110.10, VIT_213s0047g00110.8	Aqcoe5G453400.1.p, Aqcoe5G453400.2.p
OG0000686	VIT_208s0007g03950.2, VIT_208s0007g03950.3, VIT_208s0007g03950.1, VIT_208s0007g03950.4, VIT_208s0007g03950.5, VIT_208s0007g03950.6	Aqcoe1G111900.2.p, Aqcoe1G111900.1.p, Aqcoe1G111900.3.p
OG0000686	VIT_218s0122g00480.1	Aqcoe5G086100.1.p, Aqcoe5G086000.1.p
OG0000687	VIT_213s0156g00070.1	Aqcoe2G054100.1.p, Aqcoe2G054100.2.p
OG0000687	VIT_208s0007g07070.2, VIT_208s0007g07070.4, VIT_208s0007g07070.3, VIT_208s0007g07070.1, VIT_206s0004g00840.2, VIT_206s0004g00840.1, VIT_206s0004g00840.4, VIT_206s0004g00840.3	Aqcoe1G050300.1.p, Aqcoe1G050300.3.p, Aqcoe1G050300.2.p, Aqcoe1G050300.4.p
OG0000687	VIT_211s0016g05090.1	Aqcoe6G171600.1.p, Aqcoe7G275300.1.p
OG0000688	VIT_214s0068g01430.2, VIT_214s0068g01430.3, VIT_214s0068g01430.1, VIT_214s0068g01440.1	Aqcoe5G342400.1.p
OG0000688	VIT_214s0030g01340.1	Aqcoe2G311400.1.p, Aqcoe6G259500.2.p, Aqcoe6G259500.1.p, Aqcoe6G259600.8.p, Aqcoe6G259600.7.p, Aqcoe6G259600.1.p, Aqcoe6G259600.5.p, Aqcoe6G259600.9.p, Aqcoe6G259600.6.p, Aqcoe6G259600.2.p, Aqcoe6G259600.4.p, Aqcoe6G259600.10.p, Aqcoe6G259600.3.p, Aqcoe6G259600.11.p
OG0000689	VIT_208s0007g07950.2, VIT_208s0007g07950.10, VIT_208s0007g07950.5, VIT_208s0007g07950.3, VIT_208s0007g07950.6, VIT_208s0007g07950.4, VIT_208s0007g07950.7, VIT_208s0007g07950.8, VIT_207s0095g00230.1, VIT_208s0007g07950.9, VIT_208s0007g07950.1, VIT_213s0064g01210.1, VIT_206s0004g01820.4, VIT_206s0004g01820.3, VIT_206s0004g01820.5, VIT_206s0004g01820.2, VIT_206s0004g01820.1	Aqcoe1G061100.1.p, Aqcoe2G061100.1.p
OG0000690	VIT_217s0000g02900.2, VIT_217s0000g02900.1, VIT_201s0011g04490.1	Aqcoe3G404200.1.p, Aqcoe3G404100.1.p
OG0000690	VIT_200s0332g00060.1, VIT_214s0068g01700.1	Aqcoe2G188400.1.p
OG0000690	VIT_212s0055g00540.1	Aqcoe3G147200.1.p
OG0000691	VIT_201s0127g00470.1	Aqcoe3G123800.1.p
OG0000691	VIT_207s0005g01980.1, VIT_207s0005g01970.1	Aqcoe2G257100.1.p
OG0000692	VIT_208s0007g07340.2, VIT_208s0007g07340.1	Aqcoe2G049700.1.p
OG0000692	VIT_204s0008g00710.3, VIT_204s0008g00710.2, VIT_204s0008g00710.1, VIT_204s0008g00710.4	Aqcoe7G141600.2.p, Aqcoe7G141600.1.p
OG0000693	VIT_202s0012g00730.1, VIT_210s0003g02850.1, VIT_210s0003g02850.2, VIT_210s0003g02840.1	Aqcoe6G042600.1.p
OG0000694	VIT_218s0122g01430.1, VIT_203s0038g03130.3, VIT_203s0038g03160.3, VIT_203s0038g03140.1, VIT_203s0038g03160.1, VIT_203s0038g03160.2, VIT_203s0038g03180.1, VIT_203s0038g03130.1, VIT_203s0038g03130.2, VIT_203s0038g03150.1, VIT_203s0038g03170.1	Aqcoe6G186400.1.p, Aqcoe6G186100.1.p, Aqcoe6G186200.2.p, Aqcoe6G186200.1.p, Aqcoe6G194500.1.p
OG0000695	VIT_218s0001g08090.1	Aqcoe6G066700.1.p, Aqcoe6G066700.2.p
OG0000697	VIT_218s0157g00210.3, VIT_218s0157g00210.7, VIT_218s0157g00210.1, VIT_218s0157g00210.6, VIT_218s0157g00210.2, VIT_218s0157g00210.9, VIT_218s0157g00210.5, VIT_218s0157g00210.8, VIT_218s0157g00210.4, VIT_218s0157g00210.18, VIT_218s0157g00210.16, VIT_218s0157g00210.12, VIT_218s0157g00210.13, VIT_218s0157g00210.11, VIT_218s0157g00210.15, VIT_218s0157g00210.14, VIT_218s0157g00210.10, VIT_218s0157g00210.17	Aqcoe5G255700.4.p, Aqcoe5G255700.3.p, Aqcoe5G255700.2.p, Aqcoe5G255700.1.p, Aqcoe6G046700.1.p
OG0000698	VIT_210s0003g04470.1, VIT_210s0003g04470.2, VIT_210s0003g04460.1, VIT_210s0003g04460.2, VIT_210s0003g04390.1, VIT_210s0003g04390.2, VIT_210s0003g04390.4, VIT_210s0003g04390.3, VIT_210s0003g04390.5	Aqcoe4G245300.1.p, Aqcoe4G245300.2.p, Aqcoe4G002100.1.p
OG0000699	VIT_215s0046g01310.4, VIT_215s0046g01310.5, VIT_215s0046g01310.3, VIT_215s0046g01310.1, VIT_215s0046g01310.2, VIT_202s0025g01110.6, VIT_202s0025g01110.3, VIT_202s0025g01110.4, VIT_202s0025g01110.7, VIT_202s0025g01110.8, VIT_202s0025g01110.5, VIT_202s0025g01110.2, VIT_202s0025g01110.1	Aqcoe5G447100.2.p, Aqcoe5G447100.1.p, Aqcoe5G447100.3.p, Aqcoe7G016600.1.p
OG0000700	VIT_209s0002g00590.4, VIT_209s0002g00590.3, VIT_209s0002g00590.2, VIT_209s0002g00590.1, VIT_211s0016g00440.1	Aqcoe7G105400.1.p, Aqcoe7G439600.2.p, Aqcoe7G439600.1.p
OG0000701	VIT_213s0067g01960.2, VIT_213s0067g01960.1, VIT_218s0001g13320.1, VIT_204s0043g00610.1	Aqcoe7G076500.2.p, Aqcoe7G076500.1.p, Aqcoe1G150000.1.p
OG0000702	VIT_219s0015g01320.12, VIT_219s0015g01320.10, VIT_219s0015g01320.9, VIT_219s0015g01320.11, VIT_219s0015g01320.8, VIT_219s0015g01320.6, VIT_219s0015g01320.5, VIT_219s0015g01320.7, VIT_219s0015g01320.4, VIT_219s0015g01320.3, VIT_219s0015g01320.13, VIT_219s0015g01320.1, VIT_219s0015g01320.2, VIT_209s0018g01840.1, VIT_214s0083g00390.1	Aqcoe7G443300.1.p
OG0000703	VIT_215s0046g02500.3, VIT_215s0046g02500.1, VIT_215s0046g02500.2	Aqcoe7G031800.4.p, Aqcoe7G031800.3.p, Aqcoe7G031800.1.p, Aqcoe7G031800.2.p, Aqcoe7G031800.5.p
OG0000704	VIT_211s0103g00550.3, VIT_211s0103g00550.1, VIT_211s0103g00550.4, VIT_211s0103g00550.2, VIT_211s0103g00550.5	Aqcoe7G293700.1.p, Aqcoe7G293700.3.p, Aqcoe7G293700.2.p
OG0000704	VIT_200s0204g00120.1	Aqcoe3G243300.1.p
OG0000705	VIT_204s0069g00790.2, VIT_204s0069g00790.1, VIT_204s0069g00790.3	Aqcoe7G335000.1.p
OG0000705	VIT_214s0066g01560.4, VIT_214s0066g01560.1, VIT_214s0066g01560.2, VIT_214s0066g01560.3, VIT_217s0000g08060.1	Aqcoe3G114800.1.p
OG0000706	VIT_216s0050g00080.1, VIT_215s0046g03180.3, VIT_215s0046g03180.2, VIT_215s0046g03180.1	Aqcoe7G038100.1.p
OG0000707	VIT_211s0118g00570.1, VIT_209s0002g08540.1, VIT_204s0008g06250.1	Aqcoe7G374500.1.p
OG0000708	VIT_202s0025g00780.1, VIT_202s0025g00780.2	Aqcoe1G180300.1.p
OG0000708	VIT_205s0020g01150.1, VIT_205s0020g01150.2	Aqcoe5G064500.1.p
OG0000709	VIT_212s0028g00110.11, VIT_212s0028g00110.14, VIT_212s0028g00110.8, VIT_212s0028g00110.10, VIT_212s0028g00110.6, VIT_212s0028g00110.3, VIT_212s0028g00110.1, VIT_212s0028g00110.12, VIT_212s0028g00110.9, VIT_212s0028g00110.4, VIT_212s0028g00110.13, VIT_212s0028g00110.5, VIT_212s0028g00110.2, VIT_212s0028g00110.7	Aqcoe3G105600.1.p, Aqcoe3G105600.2.p, Aqcoe3G105600.3.p, Aqcoe3G105600.4.p
OG0000710	VIT_202s0025g02500.3, VIT_202s0025g02500.1, VIT_202s0025g02500.2, VIT_202s0025g02510.1, VIT_216s0098g01250.1	Aqcoe5G461900.5.p, Aqcoe5G461900.2.p, Aqcoe5G461900.3.p, Aqcoe5G461900.4.p, Aqcoe5G461900.1.p, Aqcoe1G434700.1.p
OG0000711	VIT_217s0000g05840.2, VIT_217s0000g05840.5, VIT_217s0000g05840.9, VIT_217s0000g05840.8, VIT_217s0000g05840.11, VIT_217s0000g05840.10, VIT_217s0000g05840.7, VIT_217s0000g05840.4, VIT_217s0000g05840.6, VIT_217s0000g05840.3, VIT_217s0000g05840.1, VIT_214s0108g00150.5, VIT_214s0108g00150.1, VIT_214s0108g00150.4, VIT_214s0108g00150.2, VIT_214s0108g00150.3, VIT_201s0026g01790.5, VIT_201s0026g01790.4, VIT_201s0026g01790.6, VIT_201s0026g01790.3, VIT_201s0026g01790.2, VIT_201s0026g01790.1, VIT_201s0026g01824.1	Aqcoe3G086900.1.p, Aqcoe3G330500.1.p
OG0000712	VIT_214s0066g01340.1	Aqcoe3G118800.1.p
OG0000712	VIT_201s0127g00840.4, VIT_201s0127g00840.2, VIT_201s0127g00840.3, VIT_201s0127g00840.1, VIT_210s0003g00190.1, VIT_212s0028g03180.1	Aqcoe3G293300.1.p
OG0000713	VIT_201s0026g01640.2	Aqcoe3G326800.1.p
OG0000713	VIT_217s0000g05680.3, VIT_217s0000g05680.9, VIT_217s0000g05680.6, VIT_217s0000g05680.5, VIT_217s0000g05680.2, VIT_217s0000g05680.7, VIT_217s0000g05680.4, VIT_217s0000g05680.1	Aqcoe3G091500.2.p, Aqcoe3G091500.1.p, Aqcoe3G091400.1.p
OG0000714	VIT_214s0108g01260.1, VIT_214s0108g01260.2	Aqcoe3G352900.1.p, Aqcoe3G352900.2.p
OG0000715	VIT_214s0068g00430.2, VIT_214s0068g00430.3, VIT_214s0068g00430.1, VIT_217s0000g07150.5, VIT_217s0000g07150.12, VIT_217s0000g07150.9, VIT_217s0000g07150.8, VIT_217s0000g07150.1, VIT_217s0000g07150.10, VIT_217s0000g07150.11, VIT_217s0000g07150.6, VIT_217s0000g07150.2, VIT_217s0000g07150.3, VIT_217s0000g07150.4, VIT_217s0000g07150.7, VIT_215s0045g00150.1	Aqcoe3G364100.2.p, Aqcoe3G364100.1.p, Aqcoe3G364100.3.p
OG0000722	VIT_206s0061g00590.1, VIT_206s0061g00600.1	Aqcoe2G252300.1.p, Aqcoe2G208900.1.p, Aqcoe2G209000.1.p, Aqcoe1G130000.1.p
OG0000722	VIT_208s0007g04860.1, VIT_213s0019g05070.1, VIT_213s0019g05010.1, VIT_213s0019g05050.1	Aqcoe1G130400.1.p
OG0000723	VIT_206s0004g03680.1	Aqcoe2G168900.1.p
OG0000724	VIT_214s0030g02310.3, VIT_214s0030g02310.2, VIT_214s0030g02310.1, VIT_205s0020g04670.2, VIT_205s0020g04670.1, VIT_207s0141g00270.1	Aqcoe2G360500.1.p, Aqcoe5G040600.1.p
OG0000725	VIT_201s0150g00540.1	Aqcoe6G217500.1.p, Aqcoe2G280500.3.p, Aqcoe2G280500.1.p, Aqcoe2G280500.2.p, Aqcoe5G310400.1.p, Aqcoe7G396100.1.p
OG0000726	VIT_215s0046g01760.5, VIT_215s0046g01760.6, VIT_215s0046g01760.3, VIT_215s0046g01760.4, VIT_215s0046g01760.1, VIT_215s0046g01760.2, VIT_202s0025g00640.2, VIT_202s0025g00640.1	Aqcoe5G439200.1.p, Aqcoe2G147200.1.p, Aqcoe5G439000.2.p, Aqcoe5G439000.1.p
OG0000727	VIT_202s0025g04925.1, VIT_208s0032g00105.1, VIT_200s0131g00256.1, VIT_200s0380g00006.1, VIT_200s0131g00314.1, VIT_213s0139g00432.1, VIT_200s0131g00186.1, VIT_213s0139g00426.1, VIT_213s0139g00473.1, VIT_213s0139g00462.1, VIT_200s0131g00254.1, VIT_213s0139g00438.1, VIT_200s0610g00005.1, VIT_200s0815g00005.1, VIT_200s0380g00012.1, VIT_213s0139g00444.1, VIT_200s0131g00090.1, VIT_200s0131g00345.1, VIT_213s0139g00464.1, VIT_200s0131g00160.1, VIT_200s0131g00240.1, VIT_200s0131g00316.1, VIT_213s0139g00476.1	Aqcoe1G066800.1.p, Aqcoe1G066700.1.p, Aqcoe1G066900.1.p, Aqcoe2G065800.1.p, Aqcoe2G066100.1.p, Aqcoe2G065900.1.p, Aqcoe1G067300.1.p, Aqcoe2G240100.1.p
OG0000727	VIT_200s0131g00183.1, VIT_200s0131g00312.1	Aqcoe7G062100.1.p, Aqcoe3G008200.1.p
OG0000728	VIT_205s0020g04350.1, VIT_219s0014g01620.1	Aqcoe2G354000.1.p, Aqcoe2G354000.2.p
OG0000728	VIT_214s0030g02090.1, VIT_214s0030g02080.1, VIT_205s0020g04390.1, VIT_205s0020g04360.1, VIT_205s0020g04380.1, VIT_205s0020g04280.1, VIT_205s0020g04300.1, VIT_205s0020g04260.1, VIT_205s0020g04240.1, VIT_200s0179g00260.1	Aqcoe5G046300.1.p
OG0000729	VIT_218s0122g01260.6, VIT_218s0122g01260.1, VIT_218s0122g01260.4, VIT_218s0122g01260.2, VIT_218s0122g01260.3, VIT_218s0122g01260.5	Aqcoe6G175400.1.p
OG0000729	VIT_203s0038g03800.1	Aqcoe5G121300.1.p, Aqcoe5G121300.2.p
OG0000730	VIT_204s0044g00010.7, VIT_204s0044g00010.6, VIT_204s0044g00010.5, VIT_204s0044g00010.2, VIT_204s0044g00010.11, VIT_204s0044g00010.1, VIT_204s0044g00010.4, VIT_204s0044g00010.9, VIT_204s0044g00010.12, VIT_204s0044g00010.8, VIT_204s0044g00010.10, VIT_204s0044g00010.3	Aqcoe5G122000.1.p, Aqcoe5G122000.2.p
OG0000730	VIT_218s0001g14190.4, VIT_218s0001g14190.6, VIT_218s0001g14190.3, VIT_218s0001g14190.7, VIT_218s0001g14190.2, VIT_218s0001g14190.1, VIT_218s0001g14190.5	Aqcoe6G181700.2.p, Aqcoe6G181700.4.p, Aqcoe6G181700.1.p, Aqcoe6G181700.5.p, Aqcoe6G181700.3.p, Aqcoe6G181800.1.p
OG0000731	VIT_210s0116g01800.1	Aqcoe1G236600.1.p
OG0000731	VIT_218s0001g00990.1	Aqcoe6G235900.1.p, Aqcoe6G235900.2.p
OG0000732	VIT_200s0455g00050.1	Aqcoe4G035500.1.p
OG0000732	VIT_209s0096g00885.1	Aqcoe0031s0001.1.p
OG0000732	VIT_203s0038g01400.3, VIT_203s0038g01400.2, VIT_203s0038g01400.1, VIT_213s0067g00760.1, VIT_213s0067g00760.2, VIT_213s0067g00740.1, VIT_213s0067g00830.1, VIT_213s0067g00830.2, VIT_213s0067g00830.3, VIT_213s0067g00830.4, VIT_213s0067g00800.1, VIT_213s0067g00790.1	Aqcoe4G166700.1.p, Aqcoe4G021600.4.p, Aqcoe4G021600.1.p, Aqcoe4G021600.5.p, Aqcoe4G021600.6.p, Aqcoe4G021600.3.p, Aqcoe4G021600.2.p, Aqcoe4G067700.1.p, Aqcoe0031s0004.1.p, Aqcoe4G021400.1.p, Aqcoe4G035400.1.p, Aqcoe4G021500.1.p, Aqcoe4G115100.1.p, Aqcoe4G067900.1.p, Aqcoe4G022300.1.p, Aqcoe4G021800.2.p, Aqcoe4G021800.1.p, Aqcoe4G286100.1.p, Aqcoe4G229000.1.p, Aqcoe4G039600.1.p, Aqcoe4G039600.2.p, Aqcoe4G054900.3.p, Aqcoe4G054900.2.p, Aqcoe4G054900.1.p, Aqcoe4G040200.1.p, Aqcoe4G146800.1.p, Aqcoe4G146800.3.p, Aqcoe4G146800.2.p, Aqcoe4G147200.1.p
OG0000733	VIT_206s0004g01380.1, VIT_206s0004g01400.1, VIT_206s0004g01390.1, VIT_206s0004g01410.1, VIT_202s0033g01085.1	Aqcoe3G225300.3.p, Aqcoe3G225300.2.p, Aqcoe3G225300.1.p, Aqcoe3G225600.1.p, Aqcoe3G235200.1.p, Aqcoe3G225500.1.p, Aqcoe3G235100.1.p
OG0000733	VIT_205s0020g03290.1, VIT_205s0020g03300.1	Aqcoe4G309700.1.p
OG0000735	VIT_208s0007g02210.1, VIT_208s0007g02210.9, VIT_208s0007g02210.6, VIT_208s0007g02210.10, VIT_208s0007g02210.3, VIT_208s0007g02210.7, VIT_208s0007g02210.5, VIT_208s0007g02210.4, VIT_208s0007g02210.2, VIT_208s0007g02210.8, VIT_208s0007g02210.11, VIT_200s0583g00040.3	Aqcoe1G424000.2.p
OG0000735	VIT_206s0004g06530.1	Aqcoe1G424000.1.p
OG0000735	VIT_200s0583g00040.1, VIT_200s0583g00040.2	Aqcoe4G134500.1.p
OG0000736	VIT_207s0095g00030.1, VIT_204s0008g03850.2, VIT_204s0008g03850.1, VIT_204s0008g03850.3, VIT_204s0008g03850.5, VIT_204s0008g03850.4, VIT_211s0016g03830.1	Aqcoe7G404400.1.p, Aqcoe7G404400.3.p, Aqcoe7G404400.2.p
OG0000737	VIT_211s0016g03080.1, VIT_215s0024g01270.1, VIT_204s0008g00290.1, VIT_204s0008g00310.1, VIT_204s0008g00300.1, VIT_204s0008g00920.1, VIT_204s0008g00370.1, VIT_204s0008g00390.1, VIT_204s0008g00400.1, VIT_204s0008g00430.1, VIT_204s0008g00440.1, VIT_204s0008g00420.1, VIT_204s0008g00350.1, VIT_204s0008g00410.1, VIT_204s0008g00320.1, VIT_204s0008g00330.1, VIT_204s0008g00915.1, VIT_204s0008g00340.1	Aqcoe7G151600.1.p, Aqcoe7G151600.2.p, Aqcoe7G151700.1.p, Aqcoe7G421000.1.p
OG0000738	VIT_216s0098g01420.1, VIT_202s0025g02250.1, VIT_215s0046g00150.1, VIT_215s0046g00150.3, VIT_215s0046g00150.4, VIT_215s0046g00150.2	Aqcoe7G005100.1.p, Aqcoe7G005100.3.p, Aqcoe7G005100.2.p
OG0000739	VIT_215s0048g00770.5, VIT_215s0048g00770.4, VIT_215s0048g00770.7, VIT_215s0048g00770.6, VIT_215s0048g00770.3, VIT_215s0048g00770.1, VIT_215s0048g00770.2, VIT_202s0025g05090.1, VIT_202s0025g05060.1, VIT_202s0025g05090.3, VIT_202s0025g05090.2	Aqcoe1G345000.1.p, Aqcoe7G064200.1.p, Aqcoe7G064200.2.p
OG0000740	VIT_209s0002g06650.1, VIT_209s0002g06630.1, VIT_209s0096g00850.1, VIT_209s0002g06580.1, VIT_209s0002g06610.1	Aqcoe3G217800.3.p, Aqcoe3G217800.2.p, Aqcoe3G217800.1.p
OG0000741	VIT_207s0129g00360.1	Aqcoe5G104900.1.p
OG0000741	VIT_214s0068g01920.1, VIT_214s0068g01910.1, VIT_211s0052g00650.2, VIT_211s0052g00650.1	Aqcoe7G315100.1.p
OG0000742	VIT_209s0002g03740.1, VIT_204s0008g03250.2, VIT_204s0008g03250.1	Aqcoe7G157600.3.p, Aqcoe7G157600.4.p, Aqcoe7G157600.1.p, Aqcoe7G157600.2.p
OG0000743	VIT_212s0055g00980.1, VIT_212s0055g01030.1, VIT_212s0055g01010.1, VIT_212s0055g01020.1, VIT_212s0055g01000.1	Aqcoe5G226000.1.p, Aqcoe5G226300.1.p
OG0000743	VIT_212s0055g00810.1, VIT_218s0001g15390.1	Aqcoe5G234000.1.p
OG0000743	VIT_211s0016g05280.1, VIT_211s0016g05320.1	Aqcoe7G267100.1.p
OG0000744	VIT_203s0038g00750.6, VIT_203s0038g00750.2, VIT_203s0038g00750.5, VIT_203s0038g00750.1, VIT_203s0038g00750.4, VIT_203s0038g00750.3	Aqcoe5G177500.4.p, Aqcoe5G177500.3.p, Aqcoe5G177500.1.p, Aqcoe5G177500.2.p, Aqcoe1G012200.1.p
OG0000745	VIT_215s0048g02540.1, VIT_215s0048g02540.4, VIT_215s0048g02540.2, VIT_215s0048g02540.7, VIT_215s0048g02540.6, VIT_215s0048g02540.5, VIT_215s0048g02540.3, VIT_216s0098g00900.3, VIT_216s0098g00900.1, VIT_216s0098g00900.2	Aqcoe1G081200.1.p
OG0000746	VIT_213s0074g00450.3, VIT_213s0074g00450.4, VIT_213s0074g00450.5, VIT_213s0074g00450.1, VIT_213s0074g00450.2, VIT_213s0074g00450.6, VIT_208s0007g03920.3, VIT_208s0007g03920.1, VIT_208s0007g03920.2, VIT_208s0007g03920.4	Aqcoe1G111100.3.p, Aqcoe1G111100.2.p, Aqcoe1G111100.4.p, Aqcoe1G111100.5.p, Aqcoe1G111100.1.p
OG0000747	VIT_202s0025g01940.1, VIT_202s0025g01920.1, VIT_202s0025g01880.1, VIT_202s0025g01860.1, VIT_202s0025g01980.1, VIT_202s0025g01870.1, VIT_202s0025g01910.1, VIT_202s0025g01770.2, VIT_202s0025g01810.1, VIT_202s0025g01760.1, VIT_202s0025g01852.1, VIT_202s0025g01890.1, VIT_202s0025g01950.1, VIT_202s0025g01980.4, VIT_202s0025g01980.3, VIT_202s0025g01980.2, VIT_202s0025g01850.2, VIT_202s0025g01850.1, VIT_202s0025g01790.1, VIT_202s0025g01850.4, VIT_202s0025g01850.3, VIT_202s0025g01770.1, VIT_202s0025g01875.1, VIT_202s0025g01900.1, VIT_202s0025g01750.1	Aqcoe5G450200.3.p, Aqcoe5G450200.2.p, Aqcoe5G450200.1.p, Aqcoe5G450100.1.p
OG0000748	VIT_217s0000g01050.1	Aqcoe3G182300.1.p
OG0000748	VIT_201s0146g00070.3, VIT_201s0146g00070.2, VIT_201s0146g00070.1	Aqcoe5G348100.1.p, Aqcoe5G348800.1.p, Aqcoe5G348500.1.p, Aqcoe5G348300.1.p, Aqcoe5G348300.2.p, Aqcoe5G348300.3.p, Aqcoe5G363400.2.p, Aqcoe5G363400.1.p, Aqcoe5G363400.3.p, Aqcoe5G363400.4.p, Aqcoe5G348700.1.p, Aqcoe5G348400.1.p, Aqcoe5G348400.2.p, Aqcoe5G349000.1.p, Aqcoe5G348900.1.p, Aqcoe5G348000.1.p
OG0000749	VIT_201s0011g03840.1	Aqcoe3G402000.1.p
OG0000749	VIT_201s0011g03850.1, VIT_217s0000g03400.1, VIT_217s0000g03410.1	Aqcoe3G029700.2.p, Aqcoe3G029700.1.p
OG0000749	VIT_217s0000g03420.1	Aqcoe3G029800.1.p
OG0000753	VIT_210s0003g00990.3, VIT_210s0003g00990.1, VIT_210s0003g00990.2	Aqcoe1G283000.1.p
OG0000754	VIT_218s0001g08640.2, VIT_218s0001g08640.1	Aqcoe6G259700.1.p
OG0000754	VIT_205s0049g01660.1, VIT_205s0049g01660.2	Aqcoe5G019400.1.p
OG0000755	VIT_200s0181g00010.2, VIT_200s0181g00010.1, VIT_200s0181g00010.3	Aqcoe6G290600.1.p, Aqcoe4G260600.1.p
OG0000756	VIT_205s0049g00510.1, VIT_207s0005g03230.1, VIT_207s0005g03260.1, VIT_207s0005g03280.1, VIT_207s0005g03270.1	Aqcoe2G371900.1.p
OG0000756	VIT_214s0081g00730.1	Aqcoe5G027900.1.p
OG0000757	VIT_206s0004g07420.1	Aqcoe1G336000.1.p, Aqcoe7G129500.1.p, Aqcoe6G255600.1.p
OG0000757	VIT_213s0067g01970.1	Aqcoe2G082900.1.p, Aqcoe1G149600.1.p
OG0000758	VIT_205s0020g03710.1, VIT_205s0020g03690.1	Aqcoe2G348100.1.p, Aqcoe2G107500.1.p
OG0000758	VIT_214s0030g01410.1, VIT_214s0030g01420.1, VIT_214s0030g01430.1, VIT_214s0030g01425.1, VIT_205s0020g03680.1	Aqcoe2G347900.1.p
OG0000759	VIT_201s0026g02170.1	Aqcoe3G334600.1.p
OG0000759	VIT_213s0067g03380.1, VIT_206s0009g03550.1, VIT_206s0009g03550.2	Aqcoe2G038200.1.p
OG0000760	VIT_208s0040g02170.1, VIT_208s0040g02170.2, VIT_208s0040g02170.3, VIT_208s0040g02170.4, VIT_206s0004g03100.3, VIT_206s0004g03100.2, VIT_206s0004g03100.1	Aqcoe1G495700.1.p
OG0000760	VIT_213s0019g04060.1, VIT_213s0019g04060.2, VIT_213s0019g04070.1	Aqcoe2G136100.1.p, Aqcoe2G136100.2.p
OG0000761	VIT_208s0007g01430.1	Aqcoe1G093500.1.p
OG0000761	VIT_204s0079g00610.1, VIT_204s0079g00610.2	Aqcoe3G423200.1.p, Aqcoe3G423100.1.p
OG0000761	VIT_205s0077g01070.2, VIT_205s0077g01070.1	Aqcoe2G272700.1.p
OG0000762	VIT_205s0020g00720.2, VIT_205s0020g00720.3, VIT_205s0020g00720.1, VIT_205s0020g00720.4, VIT_207s0005g02270.3, VIT_207s0005g02270.1, VIT_207s0005g02270.2	Aqcoe2G252500.2.p, Aqcoe2G252500.3.p, Aqcoe2G252500.1.p, Aqcoe5G293500.3.p, Aqcoe5G293500.2.p, Aqcoe5G293500.1.p
OG0000763	VIT_213s0156g00320.1, VIT_213s0156g00320.2, VIT_213s0156g00320.3, VIT_206s0004g01290.2, VIT_206s0004g01290.1, VIT_211s0016g04280.1, VIT_208s0007g06400.2, VIT_208s0007g06400.1	Aqcoe1G003700.2.p, Aqcoe1G003700.1.p, Aqcoe2G008600.1.p, Aqcoe2G008600.2.p
OG0000764	VIT_207s0151g00290.1, VIT_205s0020g04020.1, VIT_205s0020g04020.2, VIT_205s0020g04020.3, VIT_205s0020g04020.4	Aqcoe2G352200.2.p, Aqcoe2G352200.1.p
OG0000765	VIT_205s0049g01140.1	Aqcoe5G025100.1.p
OG0000765	VIT_218s0166g00210.1	Aqcoe5G244000.1.p
OG0000767	VIT_200s0304g00080.2, VIT_200s0304g00080.1, VIT_218s0001g05300.2, VIT_218s0001g05300.3, VIT_218s0001g05300.1	Aqcoe6G063400.1.p
OG0000768	VIT_218s0001g07720.1, VIT_218s0001g07720.2, VIT_218s0001g07720.3, VIT_203s0038g00480.1	Aqcoe6G090000.1.p, Aqcoe5G165700.1.p
OG0000768	VIT_209s0054g00440.2, VIT_209s0054g00440.1, VIT_209s0054g00440.3	Aqcoe7G263600.2.p, Aqcoe7G263600.1.p
OG0000769	VIT_207s0031g00210.1, VIT_218s0001g10170.1	Aqcoe6G134200.1.p, Aqcoe5G145800.1.p
OG0000769	VIT_218s0001g02490.1	Aqcoe6G047400.1.p, Aqcoe5G256700.1.p
OG0000770	VIT_218s0001g11120.4, VIT_218s0001g11120.3, VIT_218s0001g11120.1, VIT_200s0804g00020.2, VIT_200s0804g00020.1	Aqcoe5G159300.3.p, Aqcoe5G159300.1.p, Aqcoe5G159300.2.p, Aqcoe6G150300.1.p
OG0000771	VIT_203s0038g04570.4, VIT_203s0038g04570.2, VIT_203s0038g04570.1	Aqcoe6G124800.1.p
OG0000771	VIT_207s0005g02800.2, VIT_207s0005g02800.1, VIT_207s0005g02800.3, VIT_207s0005g02800.5, VIT_207s0005g02800.4	Aqcoe5G289800.1.p
OG0000772	VIT_217s0000g06340.2, VIT_217s0000g06340.3, VIT_217s0000g06340.1, VIT_201s0026g02610.1	Aqcoe6G242600.7.p, Aqcoe6G242600.4.p, Aqcoe6G242600.1.p, Aqcoe6G242600.8.p, Aqcoe6G242600.9.p, Aqcoe6G242600.2.p, Aqcoe6G242600.6.p, Aqcoe6G242600.3.p, Aqcoe6G242600.5.p
OG0000773	VIT_200s0187g00110.1, VIT_200s0187g00040.1	Aqcoe4G276700.1.p
OG0000775	VIT_219s0090g00790.1, VIT_219s0090g00800.1, VIT_219s0090g00770.1, VIT_210s0116g01450.1, VIT_210s0116g01440.1, VIT_210s0116g01330.1, VIT_200s1386g00010.1, VIT_200s1386g00020.1, VIT_210s0116g01390.1, VIT_210s0116g01337.1, VIT_210s0116g01316.1, VIT_210s0116g01270.1, VIT_210s0116g01290.1, VIT_210s0116g01351.1, VIT_210s0116g01360.1, VIT_210s0116g01322.1, VIT_210s0116g01310.1, VIT_210s0116g01344.1, VIT_210s0116g01375.1	Aqcoe4G204000.1.p
OG0000776	VIT_200s0301g00030.1	Aqcoe4G163700.1.p, Aqcoe4G163700.2.p
OG0000776	VIT_218s0157g00150.1, VIT_212s0059g01930.1	Aqcoe1G324800.2.p, Aqcoe1G324800.1.p, Aqcoe1G324800.4.p, Aqcoe1G324800.3.p
OG0000777	VIT_201s0137g00430.1, VIT_201s0137g00430.3, VIT_201s0137g00430.2, VIT_219s0014g02880.1, VIT_219s0014g02870.1, VIT_219s0014g02860.3, VIT_219s0014g02860.4, VIT_219s0014g02860.2, VIT_219s0014g02860.1	Aqcoe7G140500.1.p, Aqcoe7G140500.2.p, Aqcoe5G391100.1.p
OG0000778	VIT_209s0002g02140.1	Aqcoe7G428300.1.p
OG0000778	VIT_204s0008g06640.1	Aqcoe7G357400.1.p
OG0000779	VIT_211s0016g04035.1	Aqcoe7G181400.1.p
OG0000779	VIT_200s0291g00020.1	Aqcoe3G143300.1.p
OG0000779	VIT_219s0015g01030.1	Aqcoe1G373100.1.p
OG0000780	VIT_211s0016g02400.1, VIT_211s0016g02400.2, VIT_211s0016g02400.3, VIT_211s0016g02400.4, VIT_211s0016g02400.5	Aqcoe7G131600.1.p
OG0000780	VIT_216s0022g02060.1	Aqcoe7G060700.3.p, Aqcoe7G060700.2.p, Aqcoe7G060700.1.p
OG0000781	VIT_216s0050g02360.2, VIT_216s0050g02360.1, VIT_216s0050g02360.3, VIT_215s0046g01370.3, VIT_215s0046g01370.1, VIT_215s0046g01370.6, VIT_215s0046g01370.7, VIT_215s0046g01370.5, VIT_215s0046g01370.2, VIT_215s0046g01370.4	Aqcoe7G017200.1.p, Aqcoe7G017200.2.p
OG0000782	VIT_211s0065g00170.3, VIT_211s0065g00170.1, VIT_211s0065g00170.4, VIT_211s0065g00170.2, VIT_211s0065g00170.7, VIT_211s0065g00170.5, VIT_211s0065g00170.10, VIT_211s0065g00170.6, VIT_211s0065g00170.9, VIT_211s0065g00170.11, VIT_211s0065g00170.8, VIT_211s0065g00170.12, VIT_201s0010g03710.4, VIT_201s0010g03710.1, VIT_201s0010g03710.3, VIT_201s0010g03710.6, VIT_201s0010g03710.5, VIT_201s0010g03710.2	Aqcoe7G241600.2.p, Aqcoe7G241600.3.p, Aqcoe7G241600.1.p, Aqcoe7G241600.4.p, Aqcoe7G241600.5.p, Aqcoe7G241600.6.p
OG0000783	VIT_213s0156g00120.1	Aqcoe1G016600.1.p
OG0000783	VIT_212s0059g00360.1, VIT_212s0059g00320.1, VIT_212s0059g00340.1, VIT_212s0059g00370.1, VIT_212s0059g00420.1, VIT_212s0059g00310.1, VIT_212s0059g00400.1, VIT_212s0059g00350.1, VIT_212s0059g00430.1, VIT_214s0030g01690.1	Aqcoe1G016400.1.p
OG0000784	VIT_200s0372g00060.1, VIT_200s0522g00020.1, VIT_200s0384g00025.1	Aqcoe1G371700.2.p, Aqcoe1G371700.1.p
OG0000784	VIT_200s0372g00070.1, VIT_200s0572g00020.1, VIT_200s0266g00010.1, VIT_200s0847g00020.1, VIT_200s0372g00040.1, VIT_200s0572g00010.1, VIT_200s0385g00010.1, VIT_200s0385g00020.1, VIT_200s0271g00010.1, VIT_200s0266g00070.1, VIT_200s0372g00020.1, VIT_200s0266g00020.1, VIT_200s0271g00060.1, VIT_200s0271g00030.1, VIT_200s0266g00035.1	Aqcoe1G372000.2.p, Aqcoe1G372000.1.p, Aqcoe1G371400.1.p, Aqcoe1G370100.1.p, Aqcoe1G313700.1.p, Aqcoe1G371800.1.p
OG0000785	VIT_206s0009g01562.1, VIT_208s0007g05910.1, VIT_213s0019g02390.3, VIT_213s0019g02390.1, VIT_213s0019g02390.2, VIT_213s0019g02390.5, VIT_213s0019g02390.4	Aqcoe1G096900.3.p, Aqcoe1G096900.1.p, Aqcoe1G096900.2.p
OG0000786	VIT_214s0171g00400.1, VIT_201s0010g02490.1, VIT_201s0010g02520.1, VIT_201s0010g02700.1, VIT_201s0010g02660.1	Aqcoe5G373400.5.p, Aqcoe5G373300.1.p, Aqcoe5G373200.1.p, Aqcoe5G373500.1.p, Aqcoe3G187800.1.p
OG0000787	VIT_216s0050g02430.2, VIT_216s0050g02430.1, VIT_202s0025g01040.3, VIT_202s0025g01040.1, VIT_202s0025g01040.4, VIT_202s0025g01040.2	Aqcoe5G443900.2.p, Aqcoe5G443900.1.p
OG0000788	VIT_214s0171g00180.1	Aqcoe3G191200.1.p
OG0000788	VIT_217s0000g01700.2, VIT_217s0000g01700.7, VIT_217s0000g01700.5, VIT_217s0000g01700.9, VIT_217s0000g01700.6, VIT_217s0000g01700.8, VIT_217s0000g01700.3, VIT_217s0000g01700.1, VIT_217s0000g01700.4	Aqcoe5G365400.1.p
OG0000789	VIT_214s0108g00840.4, VIT_214s0108g00840.6, VIT_214s0108g00840.5, VIT_214s0108g00840.2, VIT_214s0108g00840.1, VIT_214s0108g00840.3, VIT_201s0026g02420.3, VIT_201s0026g02420.1, VIT_201s0026g02420.2	Aqcoe3G337800.2.p, Aqcoe3G337800.1.p
OG0000797	VIT_201s0011g06290.4, VIT_201s0011g06290.3, VIT_201s0011g06290.2	Aqcoe2G402100.1.p, Aqcoe2G402100.2.p, Aqcoe2G402000.1.p, Aqcoe2G402000.2.p
OG0000798	VIT_206s0080g00120.3, VIT_206s0080g00120.2, VIT_206s0080g00120.1, VIT_206s0080g00110.1, VIT_208s0058g00180.1	Aqcoe2G134700.1.p, Aqcoe2G135400.1.p, Aqcoe2G136000.1.p
OG0000799	VIT_207s0104g00300.2, VIT_207s0104g00300.1, VIT_205s0020g02610.1	Aqcoe2G331400.1.p, Aqcoe5G062100.3.p, Aqcoe5G062100.2.p, Aqcoe5G062100.1.p
OG0000800	VIT_213s0067g01630.1, VIT_206s0009g02480.4, VIT_206s0009g02480.2, VIT_206s0009g02480.1, VIT_206s0009g02480.3	Aqcoe2G003200.3.p, Aqcoe2G003200.4.p, Aqcoe2G003200.1.p, Aqcoe2G003200.2.p
OG0000801	VIT_214s0108g01640.1	Aqcoe7G228200.1.p
OG0000802	VIT_208s0007g04750.3, VIT_208s0007g04750.2	Aqcoe1G127200.1.p
OG0000802	VIT_208s0040g02490.3, VIT_208s0040g02490.1, VIT_208s0040g02490.2	Aqcoe4G024700.1.p
OG0000802	VIT_213s0019g00520.2, VIT_213s0019g00520.4, VIT_213s0019g00520.1, VIT_213s0019g00520.3	Aqcoe2G178800.1.p
OG0000803	VIT_205s0020g04690.3, VIT_205s0020g04690.2, VIT_205s0020g04690.1, VIT_207s0141g00290.2, VIT_207s0141g00290.1, VIT_214s0081g00010.1	Aqcoe2G360200.1.p, Aqcoe5G040500.1.p
OG0000804	VIT_203s0091g01030.2, VIT_203s0091g01030.4, VIT_203s0091g01030.1, VIT_203s0091g01030.3, VIT_200s1311g00020.1, VIT_207s0151g00480.1	Aqcoe6G276000.1.p, Aqcoe6G276000.2.p, Aqcoe2G123400.1.p, Aqcoe2G123400.2.p
OG0000805	VIT_213s0158g00360.1, VIT_213s0158g00360.3, VIT_213s0158g00360.2, VIT_208s0007g08960.8, VIT_208s0007g08960.6, VIT_208s0007g08960.13, VIT_208s0007g08960.3, VIT_208s0007g08960.7, VIT_208s0007g08960.12, VIT_208s0007g08960.2, VIT_208s0007g08960.1	Aqcoe2G027400.1.p
OG0000806	VIT_214s0030g00390.1, VIT_214s0030g00390.2, VIT_207s0104g00850.3, VIT_207s0104g00850.2, VIT_207s0104g00850.1	Aqcoe5G067500.1.p, Aqcoe2G321100.1.p, Aqcoe2G321100.2.p
OG0000807	VIT_207s0005g02060.1	Aqcoe2G258900.3.p, Aqcoe2G258900.2.p, Aqcoe2G258900.1.p
OG0000807	VIT_205s0020g00440.5, VIT_205s0020g00440.3, VIT_205s0020g00440.1, VIT_205s0020g00440.6, VIT_205s0020g00440.2, VIT_217s0000g08530.2, VIT_217s0000g08530.1, VIT_217s0000g08530.3	Aqcoe3G124400.1.p
OG0000809	VIT_218s0001g14860.3, VIT_218s0001g14860.2	Aqcoe6G217700.1.p
OG0000809	VIT_203s0038g02500.1	Aqcoe4G236100.1.p, Aqcoe1G463700.1.p, Aqcoe1G012000.1.p, Aqcoe7G426600.1.p, Aqcoe3G361200.1.p, Aqcoe6G308700.1.p, Aqcoe5G086500.1.p, Aqcoe7G327900.1.p, Aqcoe5G065700.1.p, Aqcoe5G070800.1.p, Aqcoe5G070700.1.p, Aqcoe5G065600.1.p, Aqcoe5G065500.1.p, Aqcoe4G107000.1.p, Aqcoe4G127500.1.p, Aqcoe4G108700.1.p, Aqcoe4G109000.1.p
OG0000810	VIT_209s0002g02080.1, VIT_209s0002g02080.2	Aqcoe5G448000.3.p, Aqcoe5G448000.2.p, Aqcoe5G448000.4.p, Aqcoe5G448000.1.p, Aqcoe5G448000.5.p
OG0000810	VIT_204s0023g02650.1, VIT_204s0023g02650.3, VIT_204s0023g02650.4, VIT_204s0023g02650.2	Aqcoe6G130300.9.p, Aqcoe6G130300.10.p, Aqcoe6G130300.7.p, Aqcoe6G130300.8.p, Aqcoe6G130300.6.p, Aqcoe6G130300.2.p, Aqcoe6G130300.5.p, Aqcoe6G130300.4.p, Aqcoe6G130300.3.p, Aqcoe6G130300.1.p
OG0000811	VIT_218s0001g06670.1, VIT_214s0128g00120.1	Aqcoe5G219200.1.p, Aqcoe5G219200.2.p, Aqcoe6G074600.1.p
OG0000812	VIT_204s0023g02880.1, VIT_203s0038g00490.2, VIT_203s0038g00490.1	Aqcoe6G255000.1.p, Aqcoe5G180100.1.p
OG0000813	VIT_200s0199g00210.1, VIT_200s0199g00210.2, VIT_205s0136g00190.1, VIT_218s0001g07220.1, VIT_218s0001g07220.3, VIT_218s0001g07220.2	Aqcoe6G156200.1.p, Aqcoe5G162800.1.p
OG0000814	VIT_215s0046g00100.2, VIT_215s0046g00100.1	Aqcoe6G171200.1.p
OG0000814	VIT_217s0000g09380.1, VIT_217s0000g09380.2	Aqcoe5G397200.3.p, Aqcoe5G397200.2.p, Aqcoe5G397200.1.p
OG0000815	VIT_218s0001g08530.2, VIT_218s0001g08530.5, VIT_218s0001g08530.4, VIT_218s0001g08530.7, VIT_218s0001g08530.1, VIT_218s0001g08530.3, VIT_218s0001g08530.6, VIT_200s0771g00020.1, VIT_203s0088g00960.1, VIT_203s0088g00960.3, VIT_203s0088g00960.2	Aqcoe6G316700.1.p, Aqcoe6G316700.2.p, Aqcoe3G134900.1.p
OG0000816	VIT_206s0004g00180.1	Aqcoe5G473400.1.p, Aqcoe5G473400.2.p, Aqcoe4G096400.1.p, Aqcoe4G099200.1.p, Aqcoe6G199300.1.p, Aqcoe4G111700.1.p
OG0000817	VIT_218s0001g12540.3, VIT_218s0001g12540.4, VIT_218s0001g12540.5, VIT_218s0001g12540.8, VIT_218s0001g12540.6, VIT_218s0001g12540.7, VIT_218s0001g12540.2, VIT_218s0001g12540.1, VIT_204s0023g01800.9, VIT_204s0023g01800.1, VIT_204s0023g01800.2, VIT_204s0023g01800.5, VIT_204s0023g01800.3, VIT_204s0023g01800.8, VIT_204s0023g01800.7, VIT_204s0023g01800.4, VIT_204s0023g01800.6	Aqcoe6G120400.1.p, Aqcoe6G120400.2.p, Aqcoe6G120400.3.p
OG0000818	VIT_206s0004g00250.2, VIT_206s0004g00250.1, VIT_206s0004g00250.4, VIT_206s0004g00250.7, VIT_206s0004g00250.8, VIT_206s0004g00250.6, VIT_206s0004g00250.5, VIT_206s0004g00250.3	Aqcoe1G060300.1.p, Aqcoe1G060300.2.p
OG0000819	VIT_212s0059g02680.1, VIT_219s0014g05040.1, VIT_219s0014g05040.2, VIT_219s0014g05040.3	Aqcoe1G368200.1.p, Aqcoe4G250900.1.p
OG0000820	VIT_212s0035g01430.1	Aqcoe7G013600.1.p, Aqcoe7G013600.3.p, Aqcoe7G013600.2.p
OG0000820	VIT_207s0130g00460.1	Aqcoe4G179900.16.p, Aqcoe4G179900.17.p, Aqcoe4G179900.15.p, Aqcoe5G164800.4.p, Aqcoe5G164800.3.p, Aqcoe5G164800.1.p, Aqcoe5G164800.2.p, Aqcoe5G164800.6.p, Aqcoe5G164800.5.p, Aqcoe4G179900.2.p, Aqcoe4G179900.5.p, Aqcoe4G179900.7.p, Aqcoe4G179900.4.p, Aqcoe4G179900.6.p, Aqcoe4G179900.1.p, Aqcoe4G179900.3.p, Aqcoe4G179900.8.p, Aqcoe4G179900.11.p, Aqcoe4G179900.10.p, Aqcoe4G179900.14.p, Aqcoe4G179900.13.p, Aqcoe4G179900.12.p, Aqcoe4G179900.9.p, Aqcoe4G150000.1.p, Aqcoe4G150000.3.p, Aqcoe4G150000.2.p
OG0000821	VIT_209s0054g01780.2, VIT_200s2310g00005.1, VIT_212s0034g00573.1, VIT_209s0054g01780.1	Aqcoe7G248400.5.p, Aqcoe7G248400.4.p, Aqcoe7G248400.2.p, Aqcoe7G248400.3.p, Aqcoe7G248400.1.p, Aqcoe7G248400.8.p, Aqcoe7G248400.6.p, Aqcoe7G248400.7.p, Aqcoe7G250300.1.p
OG0000822	VIT_219s0014g00290.1	Aqcoe0724s0001.1.p, Aqcoe1G209100.1.p
OG0000822	VIT_204s0069g00830.1	Aqcoe7G338100.1.p, Aqcoe7G338100.3.p, Aqcoe7G338100.5.p, Aqcoe7G338100.2.p, Aqcoe7G338100.6.p, Aqcoe7G338100.4.p
OG0000823	VIT_214s0081g00610.1, VIT_209s0002g01880.1	Aqcoe5G033300.1.p
OG0000823	VIT_211s0016g01750.1, VIT_211s0016g01750.2	Aqcoe7G121300.2.p, Aqcoe7G121300.1.p
OG0000824	VIT_208s0058g00690.2, VIT_208s0058g00690.3, VIT_208s0058g00690.1, VIT_206s0004g07500.1	Aqcoe1G392900.1.p
OG0000825	VIT_200s0527g00010.1, VIT_200s0527g00010.3, VIT_200s0527g00010.4, VIT_200s0527g00010.6, VIT_200s0527g00010.7, VIT_200s0527g00010.5, VIT_200s0527g00010.2	Aqcoe1G260000.5.p, Aqcoe1G260000.1.p, Aqcoe1G260000.6.p, Aqcoe1G260000.3.p, Aqcoe1G260000.2.p, Aqcoe1G260000.4.p
OG0000826	VIT_202s0025g03000.1, VIT_215s0048g02370.1	Aqcoe5G472800.1.p
OG0000826	VIT_208s0007g02810.1	Aqcoe1G437200.1.p
OG0000827	VIT_219s0085g01200.3, VIT_219s0085g01200.2, VIT_219s0085g01200.1, VIT_201s0010g00240.5, VIT_201s0010g00240.1, VIT_201s0010g00240.4, VIT_201s0010g00240.2, VIT_201s0010g00240.3, VIT_207s0005g01150.4	Aqcoe1G155900.1.p, Aqcoe1G155900.2.p
OG0000828	VIT_218s0086g00710.3, VIT_218s0086g00710.4, VIT_218s0086g00710.5, VIT_218s0086g00710.2, VIT_218s0086g00710.1	Aqcoe5G272300.2.p, Aqcoe5G272300.1.p
OG0000829	VIT_217s0000g06140.1, VIT_217s0000g06150.1, VIT_217s0000g06110.2, VIT_217s0000g06110.1, VIT_217s0000g06110.3, VIT_217s0000g06145.1, VIT_217s0000g06120.1, VIT_201s0026g02400.1, VIT_201s0026g02370.1, VIT_201s0026g02390.1	Aqcoe3G337600.1.p
OG0000835	VIT_213s0067g01420.1, VIT_213s0067g01420.2, VIT_208s0040g00930.1, VIT_208s0040g00930.3, VIT_208s0040g00930.2	Aqcoe1G049900.1.p, Aqcoe1G049900.2.p, Aqcoe2G054400.2.p, Aqcoe2G054400.1.p, Aqcoe2G054400.3.p
OG0000836	VIT_217s0000g04595.1, VIT_217s0000g04610.1, VIT_217s0000g04590.1, VIT_217s0000g04600.1, VIT_217s0000g04585.1, VIT_217s0000g04580.1, VIT_210s0071g00020.1, VIT_200s0575g00010.1, VIT_210s0042g00020.1, VIT_210s0042g00010.1, VIT_200s0575g00020.1, VIT_210s0042g00050.1, VIT_210s0071g00010.1, VIT_213s0074g00080.1, VIT_213s0074g00070.1, VIT_210s0042g00030.1, VIT_210s0071g00250.1	Aqcoe4G020800.1.p, Aqcoe7G306800.1.p, Aqcoe2G074200.1.p, Aqcoe2G310800.1.p, Aqcoe3G385400.1.p, Aqcoe3G385800.1.p
OG0000837	VIT_207s0151g00840.1	Aqcoe2G346500.1.p, Aqcoe2G346300.1.p
OG0000837	VIT_205s0020g03530.1	Aqcoe5G054500.1.p, Aqcoe2G346200.1.p, Aqcoe2G346400.1.p
OG0000838	VIT_206s0004g04190.3, VIT_206s0004g04190.1, VIT_206s0004g04190.4, VIT_206s0004g04190.2, VIT_206s0004g04190.5, VIT_208s0040g02510.2, VIT_208s0040g02510.3, VIT_208s0040g02510.6, VIT_208s0040g02510.7, VIT_208s0040g02510.1, VIT_208s0040g02510.5, VIT_208s0040g02510.4	Aqcoe4G025300.1.p, Aqcoe2G179100.1.p, Aqcoe2G179100.2.p
OG0000839	VIT_208s0040g01250.1	Aqcoe1G047400.1.p, Aqcoe2G048500.1.p
OG0000840	VIT_200s0733g00010.1	Aqcoe2G196200.1.p
OG0000841	VIT_207s0005g02560.1	Aqcoe2G242200.1.p
OG0000841	VIT_204s0008g00120.1, VIT_204s0008g00140.1, VIT_203s0038g03400.1	Aqcoe6G193200.1.p
OG0000842	VIT_206s0004g07930.1, VIT_208s0058g01140.3, VIT_208s0058g01140.4, VIT_208s0058g01140.1, VIT_208s0058g01140.2	Aqcoe2G076500.5.p, Aqcoe2G076500.2.p, Aqcoe2G076500.1.p, Aqcoe2G076500.4.p, Aqcoe2G076500.3.p, Aqcoe2G076500.7.p, Aqcoe2G076500.6.p
OG0000843	VIT_216s0039g01800.1	Aqcoe3G164900.1.p
OG0000843	VIT_218s0001g06150.1	Aqcoe6G080600.1.p, Aqcoe6G080700.1.p
OG0000844	VIT_200s0313g00080.2, VIT_200s0313g00080.3, VIT_200s0313g00080.1	Aqcoe6G153300.2.p, Aqcoe6G153300.1.p
OG0000845	VIT_218s0001g00720.3, VIT_218s0001g00720.2, VIT_218s0001g00720.6, VIT_218s0001g00720.1, VIT_218s0001g00720.4, VIT_218s0001g00720.5	Aqcoe5G127300.1.p
OG0000845	VIT_203s0038g03040.1	Aqcoe6G227000.1.p
OG0000846	VIT_216s0115g00460.1, VIT_210s0116g01350.1, VIT_200s0279g00030.1, VIT_215s0045g00250.1, VIT_200s0279g00040.1, VIT_200s0188g00190.1, VIT_207s0031g02350.1, VIT_200s0230g00050.1, VIT_207s0031g02350.2	Aqcoe1G371900.2.p, Aqcoe1G371900.1.p
OG0000846	VIT_210s0116g01370.1	Aqcoe6G034000.1.p
OG0000847	VIT_218s0001g14480.2, VIT_218s0001g14480.1, VIT_203s0038g02160.1, VIT_204s0023g03540.1	Aqcoe6G211700.1.p
OG0000848	VIT_200s0207g00150.2, VIT_200s0207g00150.1, VIT_200s0207g00120.1, VIT_200s0207g00120.2, VIT_203s0063g01990.2, VIT_203s0063g01990.1	Aqcoe5G202600.2.p, Aqcoe5G202600.3.p, Aqcoe5G202600.1.p, Aqcoe4G015000.1.p, Aqcoe6G105300.1.p, Aqcoe6G105300.2.p
OG0000849	VIT_217s0000g03700.1	Aqcoe6G252200.1.p
OG0000849	VIT_202s0025g03480.4, VIT_202s0025g03480.3, VIT_202s0025g03480.2, VIT_202s0025g03480.1, VIT_202s0025g03480.5, VIT_202s0025g03480.6	Aqcoe7G034400.1.p, Aqcoe7G034400.2.p
OG0000850	VIT_200s0253g00050.2, VIT_200s0253g00050.1	Aqcoe6G096900.1.p, Aqcoe5G173000.1.p
OG0000850	VIT_200s0253g00040.1, VIT_200s0253g00040.2	Aqcoe5G173100.1.p
OG0000851	VIT_202s0012g01450.1	Aqcoe3G223800.2.p, Aqcoe3G223800.1.p, Aqcoe3G223800.3.p
OG0000851	VIT_207s0191g00240.1, VIT_218s0001g06650.1, VIT_218s0001g06650.2, VIT_214s0128g00110.1, VIT_214s0128g00110.2	Aqcoe6G075100.1.p
OG0000852	VIT_208s0056g01250.1, VIT_208s0056g01250.3, VIT_208s0056g01250.2	Aqcoe4G002400.3.p, Aqcoe4G002400.7.p, Aqcoe4G002400.4.p, Aqcoe4G002400.2.p, Aqcoe4G002400.5.p, Aqcoe4G002400.6.p, Aqcoe4G002400.1.p, Aqcoe5G147700.4.p, Aqcoe5G147700.1.p, Aqcoe5G147700.2.p, Aqcoe5G147700.3.p, Aqcoe4G002400.8.p, Aqcoe5G147700.5.p, Aqcoe4G046400.1.p
OG0000853	VIT_206s0004g06340.1	Aqcoe1G425900.2.p, Aqcoe1G425900.1.p, Aqcoe1G426000.2.p, Aqcoe1G426000.1.p
OG0000853	VIT_219s0014g04660.1	Aqcoe4G268800.1.p, Aqcoe4G268800.2.p
OG0000854	VIT_212s0059g00640.4, VIT_212s0059g00640.8	Aqcoe4G195900.1.p
OG0000854	VIT_212s0059g00640.3, VIT_212s0059g00640.2, VIT_212s0059g00640.1, VIT_212s0059g00640.9, VIT_212s0059g00640.7, VIT_212s0059g00640.6, VIT_212s0059g00640.5, VIT_210s0116g01710.3, VIT_210s0116g01710.1, VIT_219s0090g00560.1	Aqcoe1G232100.1.p, Aqcoe1G232100.2.p
OG0000855	VIT_219s0014g04670.1, VIT_219s0014g04670.5, VIT_219s0014g04670.6, VIT_219s0014g04670.4, VIT_219s0014g04670.2, VIT_219s0014g04670.3, VIT_200s0274g00070.3, VIT_200s0274g00070.6, VIT_200s0274g00070.2, VIT_200s0274g00070.4, VIT_200s0274g00070.1, VIT_200s0274g00070.5, VIT_200s0274g00070.7	Aqcoe4G268900.1.p, Aqcoe4G268900.2.p
OG0000856	VIT_205s0062g00010.8, VIT_205s0062g00010.9, VIT_205s0062g00010.3, VIT_205s0062g00010.4, VIT_205s0062g00010.2, VIT_205s0062g00010.6, VIT_205s0062g00010.10, VIT_205s0062g00010.12, VIT_205s0062g00010.11, VIT_205s0062g00010.5, VIT_205s0062g00010.7, VIT_205s0062g00010.1, VIT_211s0078g00460.1	Aqcoe7G290200.1.p, Aqcoe7G290200.2.p, Aqcoe7G290200.3.p
OG0000857	VIT_215s0024g01500.1, VIT_211s0118g00800.1, VIT_211s0118g00800.4, VIT_211s0118g00800.2, VIT_211s0118g00800.3, VIT_204s0008g06130.2, VIT_204s0008g06130.1, VIT_204s0008g06130.3	Aqcoe7G369600.2.p, Aqcoe7G369600.1.p
OG0000858	VIT_211s0016g03860.13, VIT_211s0016g03860.11, VIT_211s0016g03860.12, VIT_211s0016g03860.15, VIT_211s0016g03860.16, VIT_211s0016g03860.9, VIT_211s0016g03860.17, VIT_211s0016g03860.6, VIT_211s0016g03860.8, VIT_211s0016g03860.10, VIT_211s0016g03860.14, VIT_211s0016g03860.7, VIT_211s0016g03860.5, VIT_211s0016g03860.4, VIT_211s0016g03860.2, VIT_211s0016g03860.3, VIT_211s0016g03860.1	Aqcoe7G404700.1.p, Aqcoe7G404700.2.p, Aqcoe7G404700.3.p
OG0000859	VIT_209s0002g06760.1, VIT_209s0002g06760.3	Aqcoe7G388100.2.p, Aqcoe7G388100.1.p, Aqcoe1G164700.1.p
OG0000860	VIT_204s0008g02550.3, VIT_204s0008g02550.2, VIT_204s0008g02550.1, VIT_204s0008g02550.4	Aqcoe7G222300.4.p, Aqcoe7G222300.10.p, Aqcoe7G222300.6.p, Aqcoe7G222300.7.p, Aqcoe7G222300.12.p, Aqcoe7G222300.5.p, Aqcoe7G222300.8.p, Aqcoe7G222300.13.p, Aqcoe7G222300.3.p, Aqcoe7G222300.9.p, Aqcoe7G222300.11.p, Aqcoe7G222300.2.p, Aqcoe7G222300.1.p
OG0000861	VIT_215s0046g01140.3, VIT_215s0046g01140.2, VIT_215s0046g01140.1, VIT_202s0025g01280.1, VIT_216s0050g02510.1	Aqcoe7G014800.1.p
OG0000862	VIT_201s0011g02040.1	Aqcoe7G377300.2.p, Aqcoe7G377300.1.p, Aqcoe7G377300.3.p, Aqcoe5G375500.1.p
OG0000863	VIT_213s0019g02440.1, VIT_213s0019g02440.15, VIT_213s0019g02440.11, VIT_213s0019g02440.5, VIT_213s0019g02440.7, VIT_213s0019g02440.10, VIT_213s0019g02440.9, VIT_213s0019g02440.3, VIT_213s0019g02440.4, VIT_213s0019g02440.2, VIT_213s0019g02440.6, VIT_213s0019g02440.16, VIT_213s0019g02440.13, VIT_213s0019g02440.8, VIT_213s0019g02440.12, VIT_213s0019g02440.14, VIT_208s0007g01280.2, VIT_208s0007g01280.3, VIT_208s0007g01280.1	Aqcoe1G095700.2.p, Aqcoe1G095700.3.p, Aqcoe1G095700.1.p, Aqcoe1G095800.1.p
OG0000864	VIT_212s0057g00680.1, VIT_212s0057g00680.2, VIT_212s0057g00680.3, VIT_212s0057g00680.4	Aqcoe1G387800.1.p, Aqcoe1G387800.2.p
OG0000865	VIT_212s0028g01170.1, VIT_210s0003g04100.2, VIT_210s0003g04100.1	Aqcoe1G185500.2.p, Aqcoe1G185500.3.p, Aqcoe1G185500.1.p
OG0000866	VIT_209s0018g00410.1, VIT_211s0037g00230.1	Aqcoe1G353700.2.p, Aqcoe1G353700.1.p
OG0000867	VIT_201s0150g00110.1, VIT_201s0150g00110.2, VIT_214s0068g01060.2, VIT_214s0068g01060.1	Aqcoe5G326100.3.p, Aqcoe5G326100.1.p, Aqcoe5G326100.2.p, Aqcoe5G326100.4.p
OG0000867	VIT_214s0030g00575.1, VIT_214s0030g00560.1, VIT_214s0030g00620.2, VIT_214s0030g00620.3, VIT_214s0030g00620.1	Aqcoe5G075100.1.p
OG0000868	VIT_203s0038g01940.1, VIT_203s0038g01940.2, VIT_218s0086g00190.1, VIT_218s0086g00190.7, VIT_218s0086g00190.2, VIT_218s0086g00190.3, VIT_218s0086g00190.4, VIT_218s0086g00190.5, VIT_218s0086g00190.6, VIT_207s0031g02960.5, VIT_207s0031g02960.2, VIT_207s0031g02960.1, VIT_207s0031g02960.4, VIT_207s0031g02960.3	Aqcoe5G303000.2.p, Aqcoe5G303000.1.p, Aqcoe5G303000.3.p, Aqcoe5G303000.4.p
OG0000869	VIT_200s0220g00160.2, VIT_200s0220g00160.3, VIT_200s0220g00160.4, VIT_200s0220g00160.1	Aqcoe3G437600.1.p
OG0000869	VIT_205s0094g01330.2, VIT_205s0094g01330.1	Aqcoe3G008400.1.p
OG0000870	VIT_214s0108g00980.1, VIT_217s0000g06310.1, VIT_201s0026g02580.1	Aqcoe3G342600.1.p
OG0000871	VIT_201s0026g00690.4, VIT_201s0026g00690.2, VIT_201s0026g00690.1, VIT_201s0026g00690.5, VIT_201s0026g00690.6, VIT_201s0026g00690.3, VIT_214s0066g01765.6, VIT_214s0066g01765.5, VIT_214s0066g01765.4, VIT_214s0066g01765.2, VIT_214s0066g01765.3, VIT_214s0066g01765.1	Aqcoe3G304200.1.p, Aqcoe3G304200.2.p, Aqcoe3G304200.4.p, Aqcoe3G304200.3.p
OG0000872	VIT_214s0083g00940.3, VIT_214s0083g00940.1, VIT_214s0083g00940.2, VIT_217s0000g04810.1	Aqcoe3G378300.1.p, Aqcoe3G068000.2.p, Aqcoe3G068000.1.p
OG0000878	VIT_206s0009g03240.1, VIT_206s0009g03240.2	Aqcoe2G042200.1.p, Aqcoe1G043100.1.p
OG0000878	VIT_218s0001g07310.2, VIT_218s0001g07310.1, VIT_218s0001g07310.3, VIT_215s0024g00670.1, VIT_200s0199g00070.1	Aqcoe7G258000.3.p, Aqcoe7G258000.1.p, Aqcoe7G258000.2.p
OG0000879	VIT_213s0067g03470.2, VIT_213s0067g03470.3, VIT_213s0067g03470.1	Aqcoe2G169200.2.p, Aqcoe2G169200.1.p, Aqcoe2G169200.3.p, Aqcoe4G092400.1.p, Aqcoe5G192600.1.p, Aqcoe5G194800.1.p
OG0000879	VIT_206s0004g03690.2, VIT_206s0004g03690.4, VIT_206s0004g03690.3, VIT_206s0004g03690.6, VIT_206s0004g03690.5, VIT_206s0004g03690.1	Aqcoe2G169100.1.p
OG0000880	VIT_211s0016g01140.1, VIT_213s0019g03580.1	Aqcoe2G326700.1.p, Aqcoe2G329900.1.p, Aqcoe1G484700.1.p, Aqcoe1G488700.1.p, Aqcoe1G474300.1.p, Aqcoe1G488900.1.p
OG0000881	VIT_201s0127g00340.1	Aqcoe3G283300.1.p, Aqcoe3G125700.1.p
OG0000881	VIT_200s0317g00030.1, VIT_200s0317g00030.2, VIT_200s0317g00020.2, VIT_200s0317g00020.1, VIT_214s0036g00440.1	Aqcoe1G475900.1.p
OG0000882	VIT_205s0124g00030.1	Aqcoe2G429100.2.p, Aqcoe2G429100.1.p
OG0000883	VIT_215s0045g00540.2, VIT_215s0045g00540.1	Aqcoe3G208900.2.p, Aqcoe3G208900.1.p
OG0000883	VIT_205s0062g00130.2, VIT_205s0062g00130.1	Aqcoe2G428000.1.p
OG0000884	VIT_203s0017g01010.1	Aqcoe2G162900.1.p
OG0000884	VIT_215s0021g00990.1, VIT_215s0021g00990.2	Aqcoe3G258500.1.p, Aqcoe3G258500.2.p
OG0000885	VIT_204s0008g02610.1	Aqcoe7G320700.1.p
OG0000885	VIT_205s0020g01420.1	Aqcoe2G301200.1.p
OG0000886	VIT_219s0027g01670.1, VIT_219s0027g01670.2, VIT_200s0125g00270.5, VIT_200s0125g00270.9, VIT_200s0125g00270.10, VIT_200s0125g00270.7, VIT_200s0125g00270.8, VIT_200s0125g00270.11, VIT_200s0125g00270.4, VIT_200s0125g00270.3, VIT_200s0125g00270.6, VIT_200s0125g00270.1, VIT_200s0125g00270.2	Aqcoe6G120800.2.p, Aqcoe6G120800.1.p, Aqcoe5G190500.2.p, Aqcoe5G190500.1.p, Aqcoe5G190500.4.p, Aqcoe5G190500.3.p
OG0000887	VIT_216s0098g01860.1	Aqcoe7G008700.3.p, Aqcoe7G008700.1.p, Aqcoe7G008700.2.p
OG0000887	VIT_218s0089g01240.2, VIT_218s0089g01240.1	Aqcoe6G002600.1.p, Aqcoe6G002600.2.p
OG0000888	VIT_204s0008g00820.1, VIT_204s0008g00820.2	Aqcoe7G133500.2.p
OG0000889	VIT_219s0014g05070.1, VIT_219s0014g05070.2, VIT_200s0532g00020.1, VIT_200s0532g00020.4, VIT_200s0532g00020.2, VIT_200s0532g00020.3	Aqcoe4G248800.1.p, Aqcoe4G248800.6.p, Aqcoe4G248800.5.p, Aqcoe4G248800.4.p, Aqcoe4G248800.3.p, Aqcoe4G248800.2.p, Aqcoe4G249000.1.p, Aqcoe6G017900.1.p
OG0000890	VIT_212s0028g02130.1	Aqcoe4G042700.4.p, Aqcoe4G042700.1.p, Aqcoe4G042700.2.p, Aqcoe4G042700.3.p
OG0000891	VIT_219s0014g02710.4, VIT_219s0014g02710.6, VIT_219s0014g02710.5, VIT_219s0014g02710.3, VIT_219s0014g02710.1, VIT_219s0014g02710.2, VIT_200s2564g00010.1, VIT_200s0265g00120.1	Aqcoe1G263200.1.p, Aqcoe1G263200.2.p, Aqcoe4G100500.1.p
OG0000892	VIT_210s0116g00500.1, VIT_212s0059g02360.1, VIT_212s0059g02360.3, VIT_212s0059g02360.2	Aqcoe4G239000.1.p
OG0000892	VIT_210s0116g01760.2, VIT_210s0116g01760.1	Aqcoe1G235300.1.p, Aqcoe1G235200.1.p
OG0000892	VIT_215s0046g01130.1	Aqcoe7G014600.1.p, Aqcoe7G014700.2.p, Aqcoe7G014700.1.p, Aqcoe7G014700.3.p, Aqcoe5G451500.1.p, Aqcoe4G279900.1.p
OG0000893	VIT_215s0046g00440.1, VIT_202s0025g01610.1, VIT_202s0025g01610.2, VIT_216s0098g01890.2, VIT_216s0098g01890.1	Aqcoe5G460000.1.p, Aqcoe7G009500.1.p
OG0000894	VIT_209s0002g06880.1, VIT_209s0002g06880.2	Aqcoe7G232500.1.p
OG0000894	VIT_211s0016g05560.6, VIT_211s0016g05560.5, VIT_211s0016g05560.1, VIT_211s0016g05560.4, VIT_211s0016g05560.3, VIT_211s0016g05560.2	Aqcoe7G385800.3.p, Aqcoe7G385800.1.p, Aqcoe7G385800.2.p
OG0000895	VIT_202s0025g00980.1, VIT_202s0025g00990.1, VIT_202s0025g00970.1, VIT_216s0050g02480.3, VIT_216s0050g02480.7, VIT_216s0050g02480.6, VIT_216s0050g02480.2, VIT_216s0050g02480.1, VIT_216s0050g02480.5, VIT_216s0050g02480.4, VIT_216s0050g02280.1	Aqcoe7G022300.1.p, Aqcoe7G022300.2.p, Aqcoe7G022400.1.p, Aqcoe7G022500.2.p, Aqcoe7G022500.3.p, Aqcoe7G022500.1.p
OG0000896	VIT_215s0046g01820.1, VIT_215s0046g01820.3, VIT_215s0046g01820.5, VIT_215s0046g01820.2, VIT_215s0046g01820.7, VIT_215s0046g01820.6, VIT_215s0046g01820.8, VIT_215s0046g01820.4, VIT_202s0025g00030.1	Aqcoe7G027800.1.p
OG0000897	VIT_211s0016g00710.2, VIT_211s0016g00710.1, VIT_209s0002g00890.1, VIT_209s0002g00890.3, VIT_209s0002g00890.2, VIT_209s0002g00890.4	Aqcoe7G108800.1.p
OG0000898	VIT_200s0734g00010.1, VIT_202s0025g02240.1, VIT_202s0025g02240.5, VIT_202s0025g02240.3, VIT_202s0025g02240.4, VIT_202s0025g02240.2, VIT_215s0046g00160.2, VIT_215s0046g00160.1, VIT_216s0098g01520.1	Aqcoe7G005400.1.p
OG0000899	VIT_207s0031g00480.1, VIT_218s0001g10310.2, VIT_218s0001g10310.1, VIT_218s0001g10310.3	Aqcoe5G148000.1.p, Aqcoe5G148000.2.p
OG0000899	VIT_215s0046g02030.1, VIT_215s0046g02030.2	Aqcoe7G024400.1.p
OG0000900	VIT_215s0021g00980.2, VIT_215s0021g00980.3, VIT_215s0021g00980.1, VIT_215s0021g00980.4, VIT_212s0099g00008.1	Aqcoe7G345000.1.p, Aqcoe3G258000.1.p, Aqcoe3G258000.2.p
OG0000901	VIT_209s0002g04580.1, VIT_211s0016g04010.2, VIT_211s0016g04010.4, VIT_211s0016g04010.3, VIT_211s0016g04010.1	Aqcoe7G180700.2.p, Aqcoe7G180700.4.p, Aqcoe7G180700.3.p, Aqcoe7G180700.1.p, Aqcoe7G180700.5.p
OG0000902	VIT_212s0059g02230.1, VIT_212s0059g02220.1, VIT_212s0059g02180.1, VIT_212s0059g02160.3, VIT_212s0059g02160.2, VIT_212s0059g02160.1, VIT_210s0116g01860.2, VIT_210s0116g01860.1, VIT_210s0116g01880.2, VIT_210s0116g01880.1, VIT_210s0116g01870.1	Aqcoe1G238800.1.p, Aqcoe1G238900.1.p, Aqcoe1G238700.1.p
OG0000903	VIT_213s0067g03420.2, VIT_213s0067g03420.1, VIT_208s0040g03050.1	Aqcoe1G483900.3.p, Aqcoe1G483900.1.p, Aqcoe1G483900.2.p
OG0000904	VIT_213s0074g00430.1, VIT_208s0007g03910.3, VIT_208s0007g03910.4, VIT_208s0007g03910.1, VIT_208s0007g03910.2	Aqcoe1G110900.1.p
OG0000905	VIT_200s0259g00110.1	Aqcoe1G373700.3.p, Aqcoe1G373700.1.p, Aqcoe1G373700.2.p
OG0000905	VIT_217s0000g01110.1, VIT_217s0000g01110.4, VIT_217s0000g01110.3, VIT_217s0000g01110.6, VIT_217s0000g01110.5, VIT_217s0000g01110.2	Aqcoe3G181000.1.p
OG0000906	VIT_208s0040g01500.1, VIT_206s0061g00320.1	Aqcoe1G135500.2.p, Aqcoe1G135500.1.p, Aqcoe1G135600.1.p
OG0000906	VIT_201s0127g00070.1	Aqcoe3G278400.1.p
OG0000907	VIT_201s0010g00950.4	Aqcoe1G439800.4.p
OG0000907	VIT_201s0010g00950.3, VIT_201s0010g00950.5, VIT_201s0010g00950.2, VIT_201s0010g00950.1	Aqcoe1G439800.2.p, Aqcoe1G439800.1.p, Aqcoe1G439800.3.p, Aqcoe3G076500.1.p, Aqcoe3G076500.2.p
OG0000908	VIT_206s0004g05650.1, VIT_206s0004g05650.5, VIT_206s0004g05650.2, VIT_206s0004g05650.4, VIT_206s0004g05650.3, VIT_213s0019g02680.1, VIT_213s0019g02680.2, VIT_208s0007g01360.3, VIT_208s0007g01360.4, VIT_208s0007g01360.1, VIT_208s0007g01360.6, VIT_208s0007g01360.10, VIT_208s0007g01360.9, VIT_208s0007g01360.2, VIT_208s0007g01360.11, VIT_208s0007g01360.5, VIT_208s0007g01360.8, VIT_208s0007g01360.7	Aqcoe1G094300.1.p
OG0000909	VIT_210s0003g02830.1	Aqcoe1G199700.1.p
OG0000909	VIT_205s0077g00620.1, VIT_205s0077g00620.2	Aqcoe5G268800.1.p, Aqcoe5G268800.2.p
OG0000910	VIT_203s0038g04250.1, VIT_218s0122g00120.2, VIT_218s0122g00120.1	Aqcoe5G107300.2.p, Aqcoe5G107300.1.p
OG0000910	VIT_218s0072g00370.3, VIT_218s0072g00370.2, VIT_218s0072g00370.4, VIT_218s0072g00370.1	Aqcoe5G251600.2.p, Aqcoe5G251600.3.p, Aqcoe5G251600.1.p, Aqcoe5G251600.4.p, Aqcoe5G251600.5.p
OG0000911	VIT_217s0053g00850.2, VIT_217s0053g00950.1, VIT_217s0053g00850.3, VIT_217s0053g00850.1	Aqcoe3G421600.2.p, Aqcoe3G421600.3.p, Aqcoe3G421600.1.p, Aqcoe3G421700.4.p, Aqcoe3G421700.2.p, Aqcoe3G421700.1.p, Aqcoe3G421700.3.p
OG0000912	VIT_217s0000g05900.1	Aqcoe3G085300.1.p
OG0000912	VIT_214s0108g00420.1, VIT_201s0026g02030.1	Aqcoe3G333000.1.p
OG0000913	VIT_201s0026g00140.2, VIT_201s0026g00140.5, VIT_201s0026g00140.11, VIT_201s0026g00140.3, VIT_201s0026g00140.8, VIT_201s0026g00140.6, VIT_201s0026g00140.7, VIT_201s0026g00140.1, VIT_201s0026g00140.10, VIT_201s0026g00140.4, VIT_201s0026g00140.9	Aqcoe3G294800.1.p, Aqcoe3G294800.2.p, Aqcoe3G294800.3.p, Aqcoe3G294800.4.p, Aqcoe3G294800.5.p
OG0000914	VIT_201s0011g00690.1, VIT_217s0000g06960.1, VIT_217s0000g06960.2	Aqcoe3G360700.1.p, Aqcoe3G360700.3.p, Aqcoe3G360700.2.p
OG0000915	VIT_201s0127g00010.1	Aqcoe3G128900.2.p
OG0000915	VIT_200s0394g00010.1	Aqcoe3G128900.1.p, Aqcoe3G277400.1.p
OG0000920	VIT_205s0020g04980.1, VIT_210s0042g00990.1	Aqcoe5G033500.1.p, Aqcoe5G033400.1.p, Aqcoe2G367000.1.p
OG0000921	VIT_208s0007g05300.1, VIT_208s0007g05300.2, VIT_208s0007g05300.3, VIT_213s0073g00400.3, VIT_213s0073g00400.4, VIT_213s0073g00400.9, VIT_213s0073g00400.7, VIT_213s0073g00400.1, VIT_213s0073g00400.6, VIT_213s0073g00400.2, VIT_213s0073g00400.5, VIT_213s0073g00400.8, VIT_213s0047g00450.2, VIT_213s0047g00450.1	Aqcoe2G040100.1.p, Aqcoe2G040200.1.p, Aqcoe4G062200.1.p, Aqcoe4G062200.2.p
OG0000922	VIT_214s0081g00320.3, VIT_214s0081g00320.4, VIT_214s0081g00320.6, VIT_214s0081g00320.5, VIT_214s0081g00320.1, VIT_214s0081g00320.2, VIT_207s0141g00860.1	Aqcoe2G365400.1.p, Aqcoe2G365400.2.p, Aqcoe5G035500.2.p, Aqcoe5G035500.3.p, Aqcoe5G035500.1.p
OG0000924	VIT_200s0341g00020.3, VIT_200s0341g00020.1, VIT_200s0341g00020.2, VIT_200s0341g00020.4, VIT_200s0341g00020.5	Aqcoe2G346600.4.p, Aqcoe2G346600.1.p, Aqcoe2G346600.2.p, Aqcoe2G346600.3.p, Aqcoe5G054100.3.p, Aqcoe5G054100.4.p, Aqcoe4G049800.1.p, Aqcoe5G054100.2.p, Aqcoe5G054100.1.p
OG0000925	VIT_209s0018g00815.1, VIT_204s0079g00620.1	Aqcoe7G229700.1.p, Aqcoe2G187800.1.p
OG0000926	VIT_218s0001g09830.1, VIT_219s0014g01470.2, VIT_219s0014g01470.3, VIT_219s0014g01470.1, VIT_212s0028g02240.1, VIT_212s0028g02240.2, VIT_212s0028g02240.3	Aqcoe4G048200.1.p, Aqcoe1G229100.1.p, Aqcoe2G002200.1.p, Aqcoe1G229100.2.p, Aqcoe1G229100.3.p
OG0000927	VIT_206s0080g00580.1	Aqcoe2G122300.1.p
OG0000927	VIT_215s0048g02830.1	Aqcoe7G001700.1.p
OG0000928	VIT_214s0128g00890.1, VIT_214s0128g00890.5, VIT_214s0128g00890.4, VIT_214s0128g00890.3, VIT_214s0128g00890.2	Aqcoe5G077200.3.p, Aqcoe5G077200.2.p, Aqcoe5G077200.1.p, Aqcoe2G306800.3.p, Aqcoe2G306800.4.p, Aqcoe2G306800.2.p, Aqcoe2G306800.1.p
OG0000929	VIT_203s0091g00890.1, VIT_203s0091g00900.1, VIT_203s0091g00950.1, VIT_203s0091g00880.1	Aqcoe2G259500.1.p, Aqcoe5G364700.1.p
OG0000930	VIT_208s0056g00070.1, VIT_208s0056g00070.2, VIT_208s0056g00070.5, VIT_208s0056g00070.7, VIT_208s0056g00070.6, VIT_208s0056g00070.10, VIT_208s0056g00070.8, VIT_208s0056g00070.9, VIT_208s0056g00070.3	Aqcoe7G427300.1.p
OG0000930	VIT_215s0046g03400.3, VIT_215s0046g03400.1, VIT_215s0046g03400.2	Aqcoe2G152800.1.p, Aqcoe5G179300.1.p
OG0000931	VIT_211s0149g00270.2, VIT_211s0149g00270.1	Aqcoe7G363300.1.p
OG0000931	VIT_211s0149g00280.1	Aqcoe2G213800.1.p
OG0000931	VIT_211s0149g00320.1, VIT_200s0540g00050.1, VIT_211s0206g00030.1, VIT_211s0149g00380.1, VIT_211s0149g00350.1, VIT_200s1795g00005.1, VIT_211s0206g00010.1, VIT_211s0149g00330.1, VIT_211s0149g00340.1	Aqcoe7G363200.1.p
OG0000932	VIT_208s0040g00590.1, VIT_206s0009g02350.1	Aqcoe2G002600.1.p
OG0000933	VIT_205s0020g03170.1, VIT_214s0128g00780.1, VIT_214s0128g00790.1	Aqcoe2G341800.1.p, Aqcoe5G057200.1.p
OG0000934	VIT_208s0007g08380.2, VIT_208s0007g08380.1, VIT_208s0007g08380.4, VIT_213s0064g00890.1	Aqcoe2G020400.2.p, Aqcoe2G020400.1.p
OG0000935	VIT_200s0349g00020.5, VIT_200s0349g00020.6, VIT_200s0349g00020.4, VIT_200s0349g00020.2, VIT_200s0349g00020.3, VIT_200s0349g00020.1	Aqcoe6G217900.1.p
OG0000936	VIT_218s0001g07130.1	Aqcoe5G163800.2.p, Aqcoe5G163800.1.p
OG0000936	VIT_200s2372g00005.1, VIT_200s0199g00260.1	Aqcoe6G157100.1.p
OG0000937	VIT_218s0001g11080.2, VIT_218s0001g11080.3	Aqcoe6G148100.1.p, Aqcoe6G148100.2.p, Aqcoe6G148100.3.p
OG0000938	VIT_218s0001g03990.2, VIT_218s0001g03990.1, VIT_212s0055g00330.1, VIT_212s0055g00330.2	Aqcoe6G016000.1.p, Aqcoe5G277700.1.p
OG0000939	VIT_208s0058g01360.2, VIT_208s0058g01360.1	Aqcoe1G147100.1.p
OG0000939	VIT_203s0091g00740.1	Aqcoe6G284800.1.p, Aqcoe6G284800.2.p
OG0000940	VIT_210s0042g01190.1, VIT_213s0074g00750.1, VIT_218s0076g00370.1, VIT_208s0007g03620.1, VIT_206s0061g01600.2, VIT_206s0061g01600.1	Aqcoe6G278600.1.p, Aqcoe1G451700.1.p
OG0000941	VIT_202s0087g00400.2, VIT_202s0087g00400.1	Aqcoe6G221200.1.p, Aqcoe1G349500.1.p, Aqcoe1G005100.1.p
OG0000942	VIT_202s0025g00080.2, VIT_202s0025g00080.5, VIT_202s0025g00080.4, VIT_202s0025g00080.3, VIT_202s0025g00080.1	Aqcoe7G027600.1.p, Aqcoe7G027600.3.p, Aqcoe7G027600.2.p, Aqcoe7G027600.4.p, Aqcoe7G027600.5.p
OG0000942	VIT_204s0023g01170.1, VIT_218s0001g11970.1, VIT_218s0001g11970.2	Aqcoe6G109600.2.p, Aqcoe6G109600.1.p
OG0000943	VIT_212s0055g00430.1, VIT_212s0055g00430.4, VIT_212s0055g00430.2, VIT_212s0055g00430.3	Aqcoe6G040100.2.p, Aqcoe6G040100.1.p
OG0000944	VIT_204s0023g02430.1, VIT_203s0038g04450.1, VIT_218s0001g13040.1	Aqcoe6G127800.1.p
OG0000945	VIT_218s0001g09150.4, VIT_218s0001g09150.3, VIT_218s0001g09150.2, VIT_218s0001g09150.6, VIT_218s0001g09150.1, VIT_207s0129g00180.2, VIT_207s0129g00180.5, VIT_207s0129g00180.4, VIT_207s0129g00180.1	Aqcoe6G281400.1.p
OG0000946	VIT_215s0046g01210.1, VIT_215s0046g01190.1, VIT_215s0021g02060.1, VIT_202s0025g01240.1	Aqcoe4G240000.1.p, Aqcoe7G015000.1.p, Aqcoe7G015100.1.p, Aqcoe7G015200.1.p
OG0000947	VIT_219s0015g00300.1, VIT_219s0015g00310.1, VIT_219s0015g00320.2, VIT_219s0015g00320.1	Aqcoe4G312400.7.p, Aqcoe4G312400.4.p, Aqcoe4G312400.6.p, Aqcoe4G312400.3.p, Aqcoe4G312400.5.p, Aqcoe4G312400.1.p, Aqcoe4G312400.2.p
OG0000947	VIT_200s0194g00210.1, VIT_200s0194g00210.2, VIT_200s0194g00250.2, VIT_200s0194g00250.3, VIT_200s0194g00250.4, VIT_200s0194g00250.1	Aqcoe7G324000.6.p, Aqcoe7G324000.3.p, Aqcoe7G324000.5.p, Aqcoe7G324000.7.p, Aqcoe7G324000.2.p, Aqcoe7G324000.4.p, Aqcoe7G324000.1.p
OG0000948	VIT_202s0012g01930.6, VIT_202s0012g01930.5, VIT_202s0012g01930.3, VIT_202s0012g01930.7, VIT_202s0012g01930.1, VIT_202s0012g01930.2, VIT_202s0012g01930.4, VIT_202s0012g01920.3, VIT_202s0012g01920.1, VIT_202s0012g01920.2, VIT_202s0012g01920.5, VIT_202s0012g01920.4, VIT_202s0012g01920.6	Aqcoe4G231700.2.p, Aqcoe4G231700.3.p, Aqcoe4G231700.1.p, Aqcoe4G231700.4.p, Aqcoe3G093800.2.p, Aqcoe3G093800.1.p
OG0000949	VIT_201s0010g02460.4, VIT_201s0010g02460.1	Aqcoe5G373800.2.p
OG0000949	VIT_217s0000g10430.1, VIT_214s0171g00440.1	Aqcoe4G205200.1.p
OG0000949	VIT_201s0010g02460.5, VIT_201s0010g02460.2	Aqcoe5G373800.1.p
OG0000950	VIT_211s0016g01410.3, VIT_211s0016g01410.2, VIT_211s0016g01410.5, VIT_211s0016g01410.1, VIT_211s0016g01410.7, VIT_211s0016g01410.6, VIT_211s0016g01410.4, VIT_204s0008g01720.1	Aqcoe7G115200.1.p
OG0000951	VIT_204s0008g02740.6, VIT_204s0008g02740.3, VIT_204s0008g02740.4, VIT_204s0008g02740.5, VIT_204s0008g02740.2, VIT_204s0008g02740.1	Aqcoe7G289800.1.p, Aqcoe7G289900.1.p, Aqcoe7G290100.2.p, Aqcoe7G290100.3.p, Aqcoe7G290100.1.p
OG0000952	VIT_208s0007g05140.5, VIT_208s0007g05140.4, VIT_208s0007g05140.1, VIT_208s0007g05140.3, VIT_208s0007g05140.2	Aqcoe1G046200.1.p
OG0000952	VIT_201s0011g05790.1	Aqcoe3G414300.1.p, Aqcoe3G007900.1.p
OG0000953	VIT_201s0011g01510.1	Aqcoe1G164400.1.p
OG0000954	VIT_208s0032g00840.2, VIT_208s0032g00840.1, VIT_208s0032g00840.6, VIT_208s0032g00840.5, VIT_208s0032g00840.4, VIT_208s0032g00840.3, VIT_208s0032g00840.8, VIT_208s0032g00840.7, VIT_212s0055g00840.3, VIT_212s0055g00840.4, VIT_212s0055g00840.2, VIT_212s0055g00840.1	Aqcoe1G073100.5.p, Aqcoe1G073100.1.p, Aqcoe1G073100.3.p, Aqcoe1G073000.3.p, Aqcoe1G146500.3.p, Aqcoe1G146500.2.p, Aqcoe1G073000.1.p, Aqcoe1G073000.2.p, Aqcoe1G146500.1.p, Aqcoe1G146500.4.p
OG0000955	VIT_208s0040g01395.1, VIT_208s0040g01390.1, VIT_206s0061g00400.1, VIT_206s0061g00390.1	Aqcoe1G134700.1.p
OG0000956	VIT_206s0004g08100.7, VIT_206s0004g08100.6, VIT_206s0004g08100.1, VIT_206s0004g08100.2, VIT_206s0004g08100.4, VIT_206s0004g08100.5, VIT_206s0004g08100.9, VIT_206s0004g08100.8, VIT_206s0004g08100.3, VIT_208s0058g01300.3, VIT_208s0058g01300.4, VIT_208s0058g01300.2, VIT_208s0058g01300.5, VIT_208s0058g01300.1, VIT_208s0058g01300.6	Aqcoe1G406800.4.p, Aqcoe1G406800.1.p, Aqcoe1G406800.3.p, Aqcoe1G406800.2.p
OG0000957	VIT_219s0015g01090.2, VIT_219s0015g01090.1	Aqcoe1G234100.1.p, Aqcoe1G306600.1.p
OG0000957	VIT_202s0025g00280.1, VIT_202s0025g00280.6, VIT_202s0025g00280.2, VIT_202s0025g00280.4, VIT_202s0025g00280.5, VIT_202s0025g00280.3, VIT_216s0050g01150.1	Aqcoe1G130700.1.p
OG0000958	VIT_210s0003g00140.1, VIT_212s0028g03270.1, VIT_219s0014g02240.1	Aqcoe1G254200.1.p
OG0000959	VIT_207s0129g00690.2, VIT_207s0129g00690.1, VIT_218s0001g09600.1, VIT_218s0001g09610.1	Aqcoe5G133200.1.p
OG0000960	VIT_218s0001g07450.1, VIT_203s0017g00300.1	Aqcoe5G160300.1.p
OG0000961	VIT_207s0031g00150.1, VIT_214s0036g01410.1, VIT_200s0227g00030.1, VIT_215s0024g00270.1, VIT_216s0022g00850.1	Aqcoe5G432400.1.p
OG0000962	VIT_216s0013g02100.4, VIT_216s0013g02100.2, VIT_216s0013g02100.1, VIT_216s0013g02100.3	Aqcoe5G449200.3.p, Aqcoe5G449200.4.p, Aqcoe5G449200.2.p, Aqcoe5G449200.7.p, Aqcoe5G449200.6.p, Aqcoe5G449200.1.p, Aqcoe5G449200.5.p
OG0000963	VIT_218s0001g14270.1, VIT_218s0072g01120.1	Aqcoe5G304400.1.p
OG0000964	VIT_217s0000g09190.2, VIT_217s0000g09190.1, VIT_200s0291g00050.3, VIT_200s0291g00050.1, VIT_200s0291g00050.4, VIT_200s0291g00050.2, VIT_200s0291g00050.5	Aqcoe3G144400.2.p, Aqcoe3G144400.1.p, Aqcoe3G144400.3.p, Aqcoe5G400100.1.p
OG0000965	VIT_214s0066g02190.1, VIT_214s0066g02190.2, VIT_214s0066g02190.5, VIT_214s0066g02190.3, VIT_214s0066g02190.4	Aqcoe3G100300.1.p
OG0000965	VIT_201s0026g01190.1, VIT_201s0026g01190.5, VIT_201s0026g01190.3, VIT_201s0026g01190.4, VIT_201s0026g01190.2	Aqcoe3G316100.1.p
OG0000966	VIT_217s0000g03280.1, VIT_214s0006g02550.1, VIT_214s0006g02555.1, VIT_214s0006g02530.1	Aqcoe3G025700.1.p, Aqcoe3G025900.1.p, Aqcoe3G026000.1.p
OG0000967	VIT_217s0000g04860.3, VIT_217s0000g04860.5, VIT_217s0000g04860.2, VIT_217s0000g04860.4, VIT_217s0000g04860.1, VIT_201s0010g00560.1	Aqcoe3G377700.8.p, Aqcoe3G377700.7.p, Aqcoe3G377700.5.p, Aqcoe3G377700.2.p, Aqcoe3G377700.1.p, Aqcoe3G377700.4.p, Aqcoe3G377700.3.p, Aqcoe3G377700.10.p, Aqcoe3G377700.9.p, Aqcoe3G377700.6.p
OG0000974	VIT_206s0061g01110.1	Aqcoe2G164900.1.p
OG0000974	VIT_209s0002g01550.2, VIT_209s0002g01550.1, VIT_211s0016g01470.2, VIT_211s0016g01470.4, VIT_211s0016g01470.1, VIT_211s0016g01470.5, VIT_211s0016g01470.3	Aqcoe7G433700.1.p
OG0000975	VIT_211s0037g00440.1	Aqcoe1G261400.1.p
OG0000975	VIT_209s0018g01190.1, VIT_209s0018g01190.3, VIT_209s0018g01190.2	Aqcoe7G218800.1.p, Aqcoe7G218800.2.p
OG0000976	VIT_205s0020g02210.1, VIT_205s0020g02210.2, VIT_205s0020g02210.3, VIT_207s0104g00880.3, VIT_207s0104g00880.1, VIT_214s0030g00410.3, VIT_214s0030g00410.1, VIT_214s0030g00410.2	Aqcoe2G320500.1.p
OG0000977	VIT_206s0080g00420.1, VIT_206s0080g00420.2, VIT_206s0080g00420.5, VIT_206s0080g00420.4, VIT_206s0080g00420.3	Aqcoe2G106200.4.p, Aqcoe2G106200.1.p, Aqcoe2G106200.2.p, Aqcoe2G106200.3.p
OG0000977	VIT_202s0025g02770.6, VIT_202s0025g02770.5, VIT_202s0025g02770.7, VIT_202s0025g02770.4, VIT_202s0025g02770.2, VIT_202s0025g02770.3, VIT_202s0025g02770.1	Aqcoe7G000500.1.p
OG0000978	VIT_208s0007g08250.3, VIT_208s0007g08250.11, VIT_208s0007g08250.7, VIT_208s0007g08250.8, VIT_208s0007g08250.13, VIT_208s0007g08250.10, VIT_208s0007g08250.12, VIT_208s0007g08250.14, VIT_208s0007g08250.9, VIT_208s0007g08250.6, VIT_208s0007g08250.5, VIT_208s0007g08250.2, VIT_208s0007g08250.4, VIT_208s0007g08250.1, VIT_213s0064g00860.3, VIT_213s0064g00860.2, VIT_213s0064g00860.1, VIT_206s0004g02270.1	Aqcoe2G021300.4.p, Aqcoe2G021300.5.p, Aqcoe2G021300.1.p, Aqcoe2G021300.3.p, Aqcoe2G021300.2.p
OG0000979	VIT_205s0020g02320.7, VIT_205s0020g02320.1, VIT_205s0020g02320.4, VIT_205s0020g02320.3, VIT_205s0020g02320.2, VIT_205s0020g02320.5, VIT_205s0020g02320.6	Aqcoe2G322700.3.p, Aqcoe2G322700.2.p, Aqcoe2G322700.1.p, Aqcoe5G066400.2.p, Aqcoe5G066400.1.p
OG0000980	VIT_211s0016g02940.1, VIT_209s0002g03250.1	Aqcoe7G145400.1.p
OG0000980	VIT_204s0008g00490.1, VIT_211s0016g02950.1	Aqcoe2G240600.1.p
OG0000982	VIT_213s0175g00080.1, VIT_208s0032g01220.1	Aqcoe1G072100.1.p
OG0000982	VIT_208s0032g00780.2, VIT_208s0032g00780.1	Aqcoe2G070400.1.p, Aqcoe2G070400.2.p
OG0000983	VIT_201s0011g06540.1, VIT_201s0011g06540.2	Aqcoe3G412000.2.p, Aqcoe3G412000.1.p
OG0000983	VIT_206s0080g00390.2, VIT_206s0080g00390.1	Aqcoe2G142000.1.p, Aqcoe6G221000.1.p
OG0000984	VIT_214s0081g00090.1, VIT_205s0020g04740.1, VIT_207s0141g00630.1	Aqcoe5G039000.1.p, Aqcoe2G362500.1.p
OG0000984	VIT_211s0016g02330.1, VIT_209s0002g02400.1	Aqcoe7G129300.1.p
OG0000986	VIT_218s0001g14440.1	Aqcoe6G210300.1.p
OG0000986	VIT_219s0015g01370.1	Aqcoe1G338500.1.p
OG0000987	VIT_204s0023g03230.1, VIT_203s0038g00950.1	Aqcoe5G227800.1.p, Aqcoe6G207000.1.p
OG0000988	VIT_203s0038g00050.3, VIT_206s0004g08470.1, VIT_203s0038g00050.1, VIT_203s0038g00050.2, VIT_218s0001g13150.11, VIT_218s0001g13150.10, VIT_218s0001g13150.7, VIT_218s0001g13150.4, VIT_218s0001g13150.6, VIT_218s0001g13150.3, VIT_218s0001g13150.2, VIT_218s0001g13150.9, VIT_218s0001g13150.8, VIT_218s0001g13150.1, VIT_218s0001g13150.5	Aqcoe5G183500.1.p, Aqcoe6G129700.1.p
OG0000989	VIT_218s0001g06360.2, VIT_218s0001g06360.1	Aqcoe6G077900.2.p, Aqcoe6G077900.1.p, Aqcoe6G077800.1.p
OG0000989	VIT_218s0001g00410.1, VIT_218s0001g00380.5, VIT_218s0001g00380.3, VIT_218s0001g00380.1	Aqcoe5G125300.1.p
OG0000990	VIT_208s0007g05440.3, VIT_208s0007g05440.5, VIT_208s0007g05440.1, VIT_208s0007g05440.4, VIT_208s0007g05440.2, VIT_208s0007g05440.6, VIT_218s0041g01940.1, VIT_218s0041g01940.3, VIT_218s0041g01940.7, VIT_218s0041g01940.5, VIT_218s0041g01940.2, VIT_218s0041g01940.4, VIT_218s0041g01940.6, VIT_211s0052g00460.1	Aqcoe5G098200.2.p, Aqcoe5G098200.1.p, Aqcoe5G098200.3.p, Aqcoe6G146000.1.p, Aqcoe6G146000.3.p, Aqcoe5G098200.4.p, Aqcoe6G146000.2.p, Aqcoe6G146000.5.p, Aqcoe6G146000.4.p, Aqcoe6G146000.6.p, Aqcoe6G146100.2.p, Aqcoe5G098100.1.p, Aqcoe6G146100.1.p
OG0000991	VIT_203s0038g00840.2, VIT_203s0038g00840.3, VIT_203s0038g00840.1, VIT_203s0038g00840.4, VIT_218s0001g13730.1	Aqcoe6G244200.1.p, Aqcoe6G244200.2.p
OG0000992	VIT_210s0003g01830.3, VIT_210s0003g01830.2, VIT_210s0003g01830.1	Aqcoe1G214800.1.p, Aqcoe4G026800.1.p
OG0000992	VIT_214s0006g01540.1	Aqcoe4G043500.1.p, Aqcoe4G043600.1.p
OG0000993	VIT_213s0073g00680.1, VIT_213s0073g00680.5, VIT_213s0073g00680.4, VIT_213s0073g00680.3, VIT_213s0073g00680.2	Aqcoe4G280900.4.p, Aqcoe4G280900.3.p, Aqcoe4G280900.2.p, Aqcoe4G280900.1.p
OG0000993	VIT_200s0357g00110.1, VIT_200s0556g00010.1	Aqcoe5G279600.1.p
OG0000994	VIT_211s0016g05510.1, VIT_211s0016g05510.2, VIT_211s0016g05510.3, VIT_204s0008g05520.1	Aqcoe7G336500.1.p, Aqcoe7G233000.2.p, Aqcoe7G233000.1.p, Aqcoe4G257000.1.p
OG0000995	VIT_211s0052g01380.3, VIT_211s0052g01380.1, VIT_211s0052g01380.2, VIT_200s0181g00220.1, VIT_200s0181g00220.2	Aqcoe7G326900.2.p, Aqcoe7G326900.1.p, Aqcoe7G257600.2.p, Aqcoe7G257600.1.p
OG0000996	VIT_204s0008g04140.1	Aqcoe7G179700.1.p
OG0000996	VIT_204s0008g03950.1, VIT_204s0008g03930.2, VIT_204s0008g03930.4, VIT_204s0008g03930.3, VIT_204s0008g03930.1, VIT_211s0016g03950.1	Aqcoe7G179400.1.p
OG0000997	VIT_215s0046g02410.5	Aqcoe7G030600.2.p
OG0000997	VIT_215s0046g02410.3, VIT_215s0046g02410.1, VIT_215s0046g02410.4, VIT_215s0046g02410.2, VIT_202s0025g03390.2	Aqcoe7G030600.1.p, Aqcoe1G428900.1.p
OG0000998	VIT_216s0098g01370.1, VIT_218s0166g00240.4, VIT_218s0166g00240.5, VIT_218s0166g00240.8, VIT_218s0166g00240.9, VIT_218s0166g00240.7, VIT_218s0166g00240.1, VIT_218s0166g00240.2, VIT_218s0166g00240.6, VIT_218s0166g00240.3	Aqcoe7G004200.3.p, Aqcoe7G004200.1.p, Aqcoe7G004200.2.p
OG0000999	VIT_204s0008g05630.1, VIT_204s0008g05630.3, VIT_204s0008g05630.4, VIT_204s0008g05630.2, VIT_209s0002g07300.2, VIT_209s0002g07300.1	Aqcoe7G381700.1.p, Aqcoe7G381700.3.p, Aqcoe7G381700.2.p, Aqcoe7G178100.1.p, Aqcoe7G381700.4.p
OG0001000	VIT_207s0005g04630.3, VIT_207s0005g04630.4, VIT_207s0005g04630.5, VIT_207s0005g04630.7, VIT_207s0005g04630.6, VIT_207s0005g04630.1, VIT_207s0005g04630.2, VIT_205s0077g00140.1	Aqcoe7G294200.1.p, Aqcoe7G294200.2.p
OG0001001	VIT_215s0046g01280.9, VIT_215s0046g01280.7, VIT_215s0046g01280.2, VIT_215s0046g01280.1, VIT_215s0046g01280.6, VIT_215s0046g01280.3, VIT_215s0046g01280.5, VIT_215s0046g01280.4, VIT_215s0046g01280.8	Aqcoe7G015900.2.p, Aqcoe7G015900.1.p
OG0001002	VIT_211s0103g00530.4, VIT_211s0103g00530.3, VIT_211s0103g00530.1, VIT_211s0103g00530.2, VIT_211s0103g00530.5	Aqcoe0278s0003.1.p
OG0001003	VIT_208s0007g02260.1, VIT_208s0007g02260.3, VIT_208s0007g02260.6, VIT_208s0007g02260.4, VIT_208s0007g02260.2, VIT_208s0007g02260.5, VIT_213s0067g00730.1, VIT_213s0067g00730.2	Aqcoe7G118700.1.p, Aqcoe7G118900.1.p, Aqcoe7G118800.1.p, Aqcoe7G118600.1.p, Aqcoe1G422300.1.p, Aqcoe1G422300.2.p, Aqcoe1G422200.1.p
OG0001004	VIT_208s0007g08930.2, VIT_208s0007g08930.5, VIT_208s0007g08930.8, VIT_208s0007g08930.3, VIT_208s0007g08930.1, VIT_208s0007g08930.4, VIT_208s0007g08930.7, VIT_208s0007g08930.6, VIT_208s0007g08930.9, VIT_208s0007g08930.10	Aqcoe7G403100.5.p, Aqcoe7G403100.2.p, Aqcoe7G403100.4.p, Aqcoe7G403100.1.p, Aqcoe7G403100.3.p, Aqcoe7G354400.2.p, Aqcoe7G354400.3.p, Aqcoe7G354400.1.p, Aqcoe3G319800.2.p, Aqcoe3G319800.4.p, Aqcoe3G319800.5.p, Aqcoe3G319800.6.p, Aqcoe7G354400.4.p, Aqcoe3G319800.12.p, Aqcoe3G319800.8.p, Aqcoe3G319800.14.p, Aqcoe3G319800.13.p, Aqcoe3G319800.11.p, Aqcoe3G319800.7.p, Aqcoe3G319800.10.p, Aqcoe3G319800.1.p, Aqcoe3G319800.3.p, Aqcoe3G319800.9.p
OG0001005	VIT_202s0025g03580.1, VIT_215s0046g02930.5, VIT_215s0046g02930.3, VIT_215s0046g02930.6, VIT_215s0046g02930.4, VIT_215s0046g02930.2, VIT_215s0046g02930.1	Aqcoe7G036200.1.p
OG0001006	VIT_209s0002g05810.2, VIT_209s0002g05810.3, VIT_209s0002g05810.1, VIT_204s0008g04980.1	Aqcoe7G210900.1.p, Aqcoe7G210900.3.p, Aqcoe7G210900.2.p
OG0001007	VIT_202s0025g03790.1, VIT_202s0025g03790.3, VIT_202s0025g03790.2, VIT_215s0046g03200.3, VIT_215s0046g03200.5, VIT_215s0046g03200.4, VIT_215s0046g03200.1, VIT_215s0046g03200.2	Aqcoe7G038300.1.p, Aqcoe7G038300.2.p
OG0001008	VIT_216s0050g02190.1, VIT_211s0065g00090.1, VIT_202s0025g00710.1, VIT_202s0025g00710.2, VIT_202s0025g00710.3, VIT_212s0178g00160.1	Aqcoe7G023100.2.p, Aqcoe7G023100.3.p, Aqcoe7G023100.1.p, Aqcoe7G023100.4.p, Aqcoe5G440700.1.p
OG0001009	VIT_213s0067g01570.1, VIT_213s0067g01640.1, VIT_213s0067g01590.1, VIT_206s0004g05170.1, VIT_208s0007g00810.1	Aqcoe1G495200.1.p
OG0001010	VIT_208s0007g06820.4, VIT_208s0007g06820.5, VIT_208s0007g06820.2, VIT_208s0007g06820.3, VIT_208s0007g06820.1	Aqcoe1G004400.2.p, Aqcoe1G004400.1.p
OG0001011	VIT_206s0004g01140.4, VIT_206s0004g01140.3, VIT_206s0004g01140.1, VIT_206s0004g01140.2	Aqcoe1G145600.3.p, Aqcoe1G145600.5.p
OG0001011	VIT_206s0004g02990.1, VIT_206s0004g02990.2, VIT_206s0004g02990.3	Aqcoe1G145600.4.p, Aqcoe1G145600.2.p, Aqcoe1G145600.1.p
OG0001012	VIT_213s0067g02640.4, VIT_213s0067g02640.1, VIT_213s0067g02640.3, VIT_213s0067g02640.2	Aqcoe1G400800.2.p, Aqcoe1G400800.3.p, Aqcoe1G400800.1.p
OG0001012	VIT_210s0071g01130.1	Aqcoe3G443600.1.p
OG0001013	VIT_213s0067g01070.1, VIT_213s0067g01070.2, VIT_206s0004g06710.1, VIT_206s0004g06710.2	Aqcoe1G418500.1.p
OG0001014	VIT_210s0092g00210.2, VIT_210s0092g00210.5, VIT_216s0013g01955.1, VIT_210s0092g00210.11, VIT_210s0092g00210.6, VIT_210s0092g00210.7, VIT_210s0092g00210.3, VIT_210s0092g00210.1, VIT_210s0092g00210.10, VIT_210s0092g00210.9, VIT_210s0092g00210.4, VIT_210s0092g00210.8	Aqcoe1G176500.1.p
OG0001015	VIT_206s0004g02640.3, VIT_206s0004g02640.2, VIT_206s0004g02640.1, VIT_206s0004g02640.4	Aqcoe1G140900.3.p, Aqcoe1G140900.1.p, Aqcoe1G140900.4.p, Aqcoe1G140900.2.p, Aqcoe1G140900.5.p, Aqcoe1G140900.6.p
OG0001016	VIT_208s0032g01190.4, VIT_208s0032g01190.2, VIT_208s0032g01190.1, VIT_208s0032g01190.3	Aqcoe1G076700.6.p, Aqcoe1G076700.8.p, Aqcoe1G076700.4.p, Aqcoe1G076700.7.p, Aqcoe1G076700.5.p, Aqcoe1G076700.1.p, Aqcoe1G076700.3.p, Aqcoe1G076700.2.p, Aqcoe1G076700.9.p
OG0001017	VIT_212s0028g02520.3, VIT_212s0028g02520.5, VIT_212s0028g02520.2, VIT_212s0028g02520.4, VIT_212s0028g02520.1, VIT_219s0014g01680.1	Aqcoe1G240000.1.p
OG0001018	VIT_212s0059g02270.2, VIT_212s0059g02270.4, VIT_212s0059g02270.1	Aqcoe1G275500.2.p, Aqcoe1G275500.6.p, Aqcoe1G275500.1.p, Aqcoe1G275500.3.p
OG0001019	VIT_208s0007g07450.2, VIT_207s0005g02936.1, VIT_208s0007g07450.1, VIT_208s0007g07450.3, VIT_206s0004g00200.2, VIT_206s0004g00200.1, VIT_206s0004g00200.3, VIT_206s0004g00200.6, VIT_206s0004g00200.5, VIT_206s0004g00200.7, VIT_206s0004g00200.4	Aqcoe1G060600.2.p, Aqcoe1G060600.1.p, Aqcoe5G460600.1.p
OG0001020	VIT_201s0146g00130.2, VIT_201s0146g00130.1, VIT_201s0146g00130.3, VIT_214s0068g01650.4, VIT_214s0068g01650.8, VIT_214s0068g01650.7, VIT_214s0068g01650.9, VIT_214s0068g01650.6, VIT_214s0068g01650.5, VIT_214s0068g01650.1, VIT_214s0068g01650.2, VIT_214s0068g01650.3, VIT_211s0065g00110.1	Aqcoe5G346900.1.p
OG0001021	VIT_205s0020g00700.4, VIT_205s0020g00700.2, VIT_205s0020g00700.5, VIT_205s0020g00700.3, VIT_205s0020g00700.1, VIT_205s0020g00700.6, VIT_207s0005g02260.1	Aqcoe5G293900.1.p
OG0001022	VIT_201s0011g03260.1	Aqcoe3G399700.1.p
OG0001022	VIT_201s0011g03240.1	Aqcoe3G399600.1.p
OG0001023	VIT_202s0012g00500.1	Aqcoe3G255300.1.p
OG0001023	VIT_215s0021g00540.1	Aqcoe3G255700.2.p, Aqcoe3G255700.1.p
OG0001024	VIT_216s0098g00560.3, VIT_216s0098g00560.2, VIT_216s0098g00560.4, VIT_216s0098g00560.1, VIT_201s0137g00650.1, VIT_201s0137g00650.2, VIT_201s0011g00370.1, VIT_201s0011g00370.2, VIT_201s0011g00370.3, VIT_214s0068g00230.1	Aqcoe3G369200.1.p, Aqcoe3G369200.2.p, Aqcoe3G369200.3.p
OG0001025	VIT_217s0000g02570.1, VIT_217s0000g02570.2, VIT_217s0000g02570.3, VIT_201s0011g04920.1	Aqcoe3G014700.1.p
OG0001026	VIT_206s0009g01140.1, VIT_219s0027g01860.1, VIT_214s0108g00690.1, VIT_214s0108g00630.1, VIT_214s0108g00620.1	Aqcoe3G078700.1.p, Aqcoe3G078700.3.p, Aqcoe3G078700.2.p
OG0001027	VIT_201s0026g00960.1, VIT_201s0026g00960.2	Aqcoe3G311400.1.p, Aqcoe3G311400.2.p, Aqcoe3G311400.4.p, Aqcoe3G311400.3.p
OG0001028	VIT_201s0011g01590.1	Aqcoe3G412100.2.p, Aqcoe3G412100.1.p
OG0001029	VIT_217s0000g07260.1, VIT_201s0011g00570.1	Aqcoe3G365400.1.p
OG0001030	VIT_202s0012g01240.1, VIT_216s0039g01480.6, VIT_216s0039g01480.10, VIT_216s0039g01480.2, VIT_216s0039g01480.4, VIT_216s0039g01480.5, VIT_216s0039g01480.9, VIT_216s0039g01480.3, VIT_216s0039g01480.11, VIT_216s0039g01480.1, VIT_216s0039g01480.7, VIT_216s0039g01480.8, VIT_216s0039g01480.12	Aqcoe3G231400.12.p, Aqcoe3G231400.11.p, Aqcoe3G231400.1.p, Aqcoe3G231400.2.p, Aqcoe3G231400.10.p, Aqcoe3G231400.9.p, Aqcoe3G231400.3.p, Aqcoe3G231400.4.p, Aqcoe3G231400.5.p, Aqcoe3G231400.6.p, Aqcoe3G231400.7.p, Aqcoe3G231400.8.p
OG0001037	VIT_205s0124g00360.1	Aqcoe2G432200.1.p, Aqcoe2G432200.2.p
OG0001038	VIT_206s0004g06080.1, VIT_206s0004g06080.3, VIT_206s0004g06080.4, VIT_206s0004g06080.2	Aqcoe2G103900.1.p, Aqcoe2G104000.4.p, Aqcoe2G104000.5.p, Aqcoe2G104000.3.p, Aqcoe2G104000.2.p, Aqcoe2G104000.1.p
OG0001039	VIT_206s0004g03550.3, VIT_206s0004g03550.2, VIT_206s0004g03550.1, VIT_206s0004g03550.4	Aqcoe2G167300.1.p
OG0001039	VIT_208s0040g03150.2, VIT_208s0040g03150.4, VIT_208s0040g03150.3, VIT_208s0040g03150.1	Aqcoe1G488100.3.p, Aqcoe1G488100.4.p, Aqcoe1G488100.2.p, Aqcoe2G318500.2.p, Aqcoe2G318500.1.p
OG0001040	VIT_201s0026g01480.2, VIT_201s0026g01480.1, VIT_201s0026g01480.3	Aqcoe3G322700.2.p, Aqcoe3G322700.1.p
OG0001040	VIT_208s0105g00570.1, VIT_208s0105g00570.4, VIT_208s0105g00570.3, VIT_208s0105g00570.2, VIT_208s0105g00570.5	Aqcoe1G414300.1.p, Aqcoe1G414300.2.p, Aqcoe2G089500.3.p, Aqcoe2G089500.1.p, Aqcoe2G089500.2.p
OG0001041	VIT_206s0004g04940.4, VIT_206s0004g04940.3, VIT_206s0004g04940.5, VIT_206s0004g04940.2, VIT_206s0004g04940.1	Aqcoe1G108800.1.p, Aqcoe2G222400.1.p, Aqcoe2G222400.2.p
OG0001042	VIT_208s0007g00180.1, VIT_213s0019g01410.1, VIT_213s0019g01410.2, VIT_206s0004g04520.1	Aqcoe1G464100.1.p, Aqcoe2G147900.1.p
OG0001043	VIT_201s0011g03020.1	Aqcoe5G395800.1.p, Aqcoe5G396000.1.p, Aqcoe4G060000.1.p
OG0001043	VIT_207s0104g01720.1, VIT_207s0104g01660.1, VIT_207s0104g01710.1, VIT_207s0104g01730.1	Aqcoe2G305200.2.p, Aqcoe2G305200.1.p
OG0001044	VIT_213s0019g04460.1, VIT_206s0004g02620.1, VIT_216s0039g01360.1, VIT_216s0039g01300.1, VIT_216s0039g01170.1, VIT_216s0039g01240.1, VIT_216s0039g01280.1, VIT_216s0039g01130.1, VIT_216s0039g01110.1, VIT_216s0039g01100.1, VIT_216s0039g01120.1, VIT_208s0040g01710.1	Aqcoe2G144500.1.p, Aqcoe1G140100.1.p
OG0001045	VIT_207s0005g00320.1	Aqcoe5G088100.6.p, Aqcoe5G088100.1.p, Aqcoe5G088100.2.p, Aqcoe5G088100.5.p, Aqcoe5G088100.3.p, Aqcoe5G088100.4.p, Aqcoe5G088100.7.p
OG0001045	VIT_214s0060g02290.2, VIT_214s0060g02290.3, VIT_214s0060g02290.4, VIT_214s0060g02290.1	Aqcoe2G294100.3.p, Aqcoe2G294100.2.p, Aqcoe2G294100.1.p
OG0001046	VIT_208s0105g00350.3, VIT_208s0105g00350.2, VIT_208s0105g00350.1	Aqcoe2G093100.2.p, Aqcoe2G093100.1.p, Aqcoe1G419400.2.p
OG0001046	VIT_210s0003g00260.1	Aqcoe1G252300.2.p, Aqcoe1G252300.1.p
OG0001047	VIT_214s0066g02440.1	Aqcoe3G319200.1.p
OG0001047	VIT_211s0016g05210.1	Aqcoe7G389600.1.p
OG0001047	VIT_208s0007g00160.1	Aqcoe2G146900.1.p
OG0001048	VIT_208s0007g05400.4, VIT_208s0007g05400.1, VIT_208s0007g05400.5, VIT_208s0007g05400.7, VIT_208s0007g05400.9, VIT_208s0007g05400.2, VIT_208s0007g05400.8, VIT_208s0007g05400.3, VIT_208s0007g05400.6, VIT_208s0007g05400.11, VIT_208s0007g05400.14, VIT_208s0007g05400.13, VIT_208s0007g05400.10, VIT_208s0007g05400.15, VIT_208s0007g05400.12	Aqcoe1G041500.1.p, Aqcoe1G041500.6.p, Aqcoe1G041500.2.p, Aqcoe1G041500.5.p, Aqcoe1G041500.4.p, Aqcoe1G041500.3.p, Aqcoe2G038100.2.p, Aqcoe2G038100.1.p
OG0001049	VIT_218s0001g11100.1, VIT_218s0001g11100.2, VIT_203s0063g00870.2, VIT_203s0063g00870.1	Aqcoe6G148400.1.p, Aqcoe6G148300.1.p, Aqcoe6G148700.1.p, Aqcoe6G149700.1.p, Aqcoe6G149500.1.p, Aqcoe6G149400.1.p
OG0001050	VIT_203s0038g02170.1, VIT_204s0023g03550.1, VIT_218s0001g14490.1	Aqcoe6G212100.2.p, Aqcoe6G212100.3.p, Aqcoe6G212100.1.p
OG0001051	VIT_203s0088g01040.1, VIT_203s0088g01040.2, VIT_203s0088g01060.1	Aqcoe1G389600.1.p
OG0001051	VIT_218s0001g04630.1, VIT_212s0055g00920.1	Aqcoe6G056100.2.p, Aqcoe6G056100.8.p, Aqcoe6G056100.12.p, Aqcoe6G056100.4.p, Aqcoe6G056100.11.p, Aqcoe6G056100.7.p, Aqcoe6G056100.16.p, Aqcoe6G056100.14.p, Aqcoe6G056100.1.p, Aqcoe6G056100.23.p, Aqcoe6G056100.20.p, Aqcoe6G056100.21.p, Aqcoe6G056100.22.p, Aqcoe6G056100.19.p, Aqcoe6G056100.15.p, Aqcoe6G056100.6.p, Aqcoe6G056100.10.p, Aqcoe6G056100.5.p, Aqcoe6G056100.13.p, Aqcoe6G056100.9.p, Aqcoe6G056100.3.p, Aqcoe6G056100.17.p, Aqcoe6G056100.18.p
OG0001052	VIT_207s0130g00320.1, VIT_207s0130g00340.1, VIT_218s0089g00400.1, VIT_218s0089g00380.1, VIT_218s0089g00390.1, VIT_218s0089g00370.1	Aqcoe6G005000.1.p, Aqcoe6G005200.1.p, Aqcoe6G005300.1.p
OG0001053	VIT_204s0008g05660.1, VIT_209s0002g07370.1, VIT_209s0002g07410.1	Aqcoe6G224800.1.p
OG0001053	VIT_209s0002g07400.2, VIT_209s0002g07400.5, VIT_209s0002g07400.3, VIT_209s0002g07400.1, VIT_209s0002g07400.4, VIT_209s0002g07400.6	Aqcoe3G011900.2.p, Aqcoe3G011900.3.p, Aqcoe3G011900.1.p
OG0001054	VIT_200s0625g00020.1, VIT_207s0191g00020.1, VIT_207s0191g00010.1, VIT_200s0625g00050.1, VIT_200s0989g00010.2, VIT_200s0822g00010.1, VIT_203s0017g01280.1, VIT_203s0017g01280.2, VIT_203s0017g01290.1, VIT_203s0017g01300.1, VIT_203s0017g01320.1	Aqcoe6G079200.1.p, Aqcoe6G079300.1.p, Aqcoe6G079400.1.p
OG0001055	VIT_218s0001g12690.1, VIT_203s0038g04690.1, VIT_203s0038g04700.1, VIT_203s0038g04680.1, VIT_203s0038g04670.1, VIT_203s0038g04620.2, VIT_203s0038g04620.1	Aqcoe6G123100.1.p, Aqcoe6G123300.1.p, Aqcoe6G123400.1.p
OG0001056	VIT_200s1667g00010.1, VIT_200s2279g00010.1	Aqcoe3G423700.1.p
OG0001056	VIT_219s0085g00850.1, VIT_219s0085g00850.2	Aqcoe6G034700.1.p
OG0001057	VIT_218s0001g07210.1	Aqcoe5G163000.1.p, Aqcoe6G156300.1.p
OG0001057	VIT_218s0001g07200.1	Aqcoe6G156400.1.p, Aqcoe5G163100.1.p
OG0001058	VIT_215s0021g01390.1	Aqcoe3G264700.1.p
OG0001058	VIT_214s0171g00100.1	Aqcoe3G193400.1.p
OG0001058	VIT_218s0001g06580.1	Aqcoe6G076200.1.p
OG0001059	VIT_217s0000g07470.1, VIT_217s0000g07470.2, VIT_201s0026g01020.2, VIT_201s0026g01020.1	Aqcoe6G316900.1.p, Aqcoe3G313300.3.p, Aqcoe3G313300.1.p, Aqcoe3G313300.2.p, Aqcoe3G102800.5.p, Aqcoe3G102800.1.p, Aqcoe3G102800.2.p, Aqcoe3G102800.3.p, Aqcoe3G102800.4.p, Aqcoe3G102800.6.p
OG0001060	VIT_207s0130g00030.1	Aqcoe6G277400.1.p
OG0001060	VIT_201s0010g02030.1, VIT_201s0010g02030.2	Aqcoe3G426100.1.p
OG0001062	VIT_209s0002g05280.1	Aqcoe4G056600.1.p, Aqcoe7G199800.1.p, Aqcoe7G199500.1.p
OG0001062	VIT_209s0002g05320.1, VIT_209s0002g05340.1, VIT_209s0002g05310.1, VIT_209s0002g05290.1, VIT_209s0002g05290.2, VIT_209s0002g05350.1, VIT_209s0002g05350.2	Aqcoe7G200200.1.p
OG0001063	VIT_201s0146g00440.1	Aqcoe1G375800.1.p, Aqcoe7G372400.1.p, Aqcoe3G178100.1.p
OG0001063	VIT_205s0049g00560.1, VIT_205s0049g00640.1, VIT_205s0049g00650.1	Aqcoe3G177900.1.p
OG0001064	VIT_209s0002g04310.1	Aqcoe7G172500.1.p
OG0001064	VIT_211s0016g03740.1, VIT_211s0016g03740.3, VIT_211s0016g03740.2	Aqcoe7G403200.1.p
OG0001065	VIT_209s0018g00240.4, VIT_209s0018g00240.3, VIT_209s0018g00240.2, VIT_209s0018g00240.1, VIT_209s0018g00240.5, VIT_204s0008g05760.3, VIT_204s0008g05760.1, VIT_204s0008g05760.2	Aqcoe7G312800.1.p
OG0001066	VIT_204s0008g05800.4, VIT_204s0008g05800.1, VIT_204s0008g05800.3, VIT_204s0008g05800.2	Aqcoe7G314300.1.p, Aqcoe7G314300.2.p
OG0001067	VIT_201s0026g01050.1	Aqcoe3G101900.1.p
OG0001067	VIT_217s0000g07510.2, VIT_217s0000g07510.1, VIT_218s0076g00275.1, VIT_217s0000g07510.3	Aqcoe7G331700.1.p
OG0001068	VIT_216s0100g00500.2, VIT_216s0100g00500.1	Aqcoe7G046600.4.p, Aqcoe7G046600.1.p, Aqcoe7G046600.3.p, Aqcoe7G046600.2.p
OG0001069	VIT_216s0098g00350.1, VIT_215s0046g00760.1	Aqcoe5G459600.1.p, Aqcoe5G459600.3.p, Aqcoe5G459600.4.p, Aqcoe5G459600.5.p, Aqcoe5G459600.2.p, Aqcoe7G010800.2.p, Aqcoe7G010800.1.p
OG0001070	VIT_206s0061g01030.1, VIT_206s0061g01030.3, VIT_206s0061g01030.5, VIT_206s0061g01030.2, VIT_206s0061g01030.4, VIT_208s0007g04390.1	Aqcoe1G120200.1.p
OG0001071	VIT_208s0040g03270.1, VIT_208s0040g03270.3, VIT_208s0040g03270.2	Aqcoe1G489100.3.p, Aqcoe1G489100.6.p, Aqcoe1G489100.1.p, Aqcoe1G489100.2.p, Aqcoe1G489100.5.p, Aqcoe1G489100.4.p, Aqcoe5G021500.1.p
OG0001072	VIT_219s0093g00510.2, VIT_219s0093g00510.1, VIT_210s0003g03830.2, VIT_210s0003g03830.1, VIT_210s0003g03830.3	Aqcoe1G188500.1.p
OG0001073	VIT_208s0056g00690.1, VIT_206s0009g01180.5, VIT_206s0009g01180.2, VIT_206s0009g01180.1, VIT_206s0009g01180.4, VIT_206s0009g01180.3, VIT_206s0009g01180.6	Aqcoe1G010400.1.p, Aqcoe1G010400.3.p, Aqcoe1G010400.2.p
OG0001074	VIT_202s0025g03180.2, VIT_202s0025g03180.5, VIT_202s0025g03180.4, VIT_202s0025g03180.1, VIT_202s0025g03180.3, VIT_201s0010g03450.1, VIT_201s0010g03480.1	Aqcoe5G474400.1.p
OG0001075	VIT_216s0050g01860.4, VIT_216s0050g01860.1, VIT_216s0050g01860.3, VIT_216s0050g01860.2, VIT_216s0050g01860.5	Aqcoe5G439400.8.p, Aqcoe5G439400.3.p, Aqcoe5G439400.5.p, Aqcoe5G439400.4.p, Aqcoe5G439400.7.p, Aqcoe5G439400.2.p, Aqcoe5G439400.1.p, Aqcoe5G439400.6.p
OG0001076	VIT_214s0036g00520.1, VIT_214s0036g00520.2, VIT_214s0036g00520.10, VIT_214s0036g00520.6, VIT_214s0036g00520.7, VIT_214s0036g00520.4, VIT_214s0036g00520.5, VIT_214s0036g00520.11, VIT_214s0036g00520.9, VIT_214s0036g00520.3, VIT_214s0036g00520.8	Aqcoe5G024700.3.p, Aqcoe5G024700.4.p, Aqcoe5G024700.5.p, Aqcoe5G024700.8.p, Aqcoe5G024700.2.p, Aqcoe5G024700.6.p, Aqcoe5G024700.7.p, Aqcoe5G024700.1.p
OG0001077	VIT_208s0058g00620.3, VIT_208s0058g00620.1, VIT_208s0058g00620.2, VIT_208s0058g00620.5, VIT_208s0058g00620.4, VIT_208s0058g00620.7, VIT_208s0058g00620.6	Aqcoe3G210800.2.p, Aqcoe3G210800.1.p, Aqcoe3G210800.3.p, Aqcoe3G210800.4.p
OG0001078	VIT_214s0068g00360.1, VIT_217s0000g05210.1, VIT_217s0000g05210.4, VIT_217s0000g05210.5, VIT_217s0000g05210.2, VIT_217s0000g05210.3, VIT_217s0000g05210.6	Aqcoe3G369900.1.p, Aqcoe3G369900.2.p
OG0001079	VIT_214s0108g01070.1, VIT_214s0108g01070.3, VIT_214s0108g01070.4, VIT_214s0108g01070.2, VIT_217s0000g06400.3, VIT_217s0000g06400.2, VIT_217s0000g06400.1	Aqcoe3G345800.1.p
OG0001080	VIT_202s0012g00550.2, VIT_202s0012g00550.4, VIT_202s0012g00550.3, VIT_202s0012g00550.1, VIT_202s0012g00550.5	Aqcoe3G241500.2.p, Aqcoe3G241500.3.p, Aqcoe3G241500.9.p, Aqcoe3G241500.7.p, Aqcoe3G241500.5.p, Aqcoe3G241500.4.p, Aqcoe3G241500.1.p, Aqcoe3G241500.6.p, Aqcoe3G241500.8.p
OG0001081	VIT_200s0203g00200.1, VIT_212s0134g00430.1, VIT_212s0134g00430.2	Aqcoe3G160600.1.p
OG0001082	VIT_203s0017g00980.1, VIT_210s0003g05640.1	Aqcoe3G418300.2.p, Aqcoe3G418300.3.p, Aqcoe3G418300.1.p
OG0001083	VIT_214s0108g01270.5, VIT_214s0108g01270.1, VIT_214s0108g01270.3, VIT_214s0108g01270.2, VIT_214s0108g01270.4, VIT_217s0000g06650.1	Aqcoe3G353000.1.p, Aqcoe3G353000.2.p
OG0001091	VIT_200s0332g00140.1, VIT_200s0246g00070.1, VIT_200s0246g00010.1, VIT_200s0332g00160.1, VIT_200s0246g00080.1	Aqcoe2G196500.1.p
OG0001092	VIT_206s0004g06730.1, VIT_206s0004g06720.1	Aqcoe2G091600.1.p
OG0001092	VIT_213s0067g01120.1, VIT_208s0105g00430.3, VIT_208s0105g00430.2, VIT_208s0105g00430.1	Aqcoe1G417900.1.p
OG0001093	VIT_200s1995g00010.1, VIT_200s1995g00010.2	Aqcoe1G181700.1.p, Aqcoe1G181600.1.p
OG0001093	VIT_218s0082g00135.1, VIT_207s0205g00070.1, VIT_200s2840g00010.1, VIT_218s0122g00025.1, VIT_200s2576g00010.2, VIT_200s2576g00010.1	Aqcoe2G220300.1.p
OG0001094	VIT_206s0009g03640.1	Aqcoe2G036100.2.p, Aqcoe2G036100.1.p, Aqcoe2G036000.1.p
OG0001095	VIT_218s0001g15110.1, VIT_218s0001g15100.1, VIT_218s0001g15190.1	Aqcoe5G314900.1.p, Aqcoe6G037100.1.p, Aqcoe5G234600.1.p
OG0001095	VIT_207s0104g01250.1, VIT_207s0104g01260.1	Aqcoe2G315400.1.p
OG0001096	VIT_204s0023g00950.1, VIT_204s0023g00950.2, VIT_204s0023g00960.1	Aqcoe2G428300.1.p
OG0001096	VIT_211s0052g00840.1	Aqcoe7G319400.1.p
OG0001096	VIT_206s0004g01800.2, VIT_206s0004g01800.1, VIT_204s0023g00970.1	Aqcoe1G027300.1.p
OG0001097	VIT_206s0004g05020.2, VIT_206s0004g05020.1	Aqcoe2G223000.1.p, Aqcoe2G223000.3.p, Aqcoe2G223000.2.p
OG0001097	VIT_208s0007g00540.1, VIT_208s0007g00540.2	Aqcoe1G108100.1.p, Aqcoe1G108100.2.p
OG0001098	VIT_208s0040g01480.1	Aqcoe2G143000.1.p
OG0001098	VIT_217s0000g08890.3, VIT_217s0000g08890.2, VIT_217s0000g08890.1	Aqcoe6G289600.1.p, Aqcoe6G283900.1.p
OG0001099	VIT_205s0029g00440.1	Aqcoe2G406200.1.p
OG0001099	VIT_217s0000g07330.1, VIT_217s0000g07330.2	Aqcoe3G371700.1.p
OG0001100	VIT_200s0265g00020.2, VIT_200s0265g00020.1, VIT_200s0265g00020.4, VIT_203s0017g01640.3, VIT_203s0017g01640.2, VIT_203s0017g01640.4, VIT_203s0017g01640.1, VIT_200s0265g00020.3	Aqcoe6G061500.1.p, Aqcoe6G061500.2.p
OG0001100	VIT_204s0008g06470.1, VIT_204s0008g06470.3, VIT_204s0008g06470.2	Aqcoe7G245300.1.p
OG0001101	VIT_204s0044g00460.1, VIT_204s0044g00483.1, VIT_204s0044g00480.1	Aqcoe6G308500.1.p, Aqcoe6G039600.1.p, Aqcoe6G039700.1.p
OG0001101	VIT_204s0044g00390.1, VIT_204s0044g00410.1, VIT_204s0044g00370.1, VIT_204s0044g00430.1, VIT_204s0044g00360.1, VIT_204s0044g00380.1, VIT_204s0044g00420.1, VIT_204s0044g00455.1, VIT_204s0044g00350.1, VIT_204s0044g00400.1, VIT_204s0044g00330.1, VIT_204s0044g00450.1	Aqcoe6G039700.2.p
OG0001102	VIT_203s0088g01240.1	Aqcoe4G246200.2.p, Aqcoe4G246200.1.p, Aqcoe4G246200.3.p
OG0001102	VIT_207s0205g00160.1, VIT_207s0205g00160.3, VIT_207s0205g00160.2, VIT_207s0205g00160.4	Aqcoe6G064400.1.p, Aqcoe6G064400.2.p
OG0001102	VIT_200s1314g00010.1, VIT_200s0899g00005.1, VIT_200s0927g00010.1, VIT_200s1314g00010.2, VIT_207s0205g00180.1, VIT_207s0205g00190.1, VIT_207s0205g00170.1	Aqcoe6G064600.1.p
OG0001104	VIT_212s0028g03880.1	Aqcoe1G270000.3.p, Aqcoe1G270000.2.p, Aqcoe1G270000.1.p
OG0001106	VIT_214s0066g01970.1, VIT_214s0066g01960.1, VIT_214s0066g01950.1, VIT_211s0052g01450.1, VIT_214s0066g02000.1	Aqcoe3G105900.1.p, Aqcoe3G106100.1.p, Aqcoe5G203000.1.p, Aqcoe3G105500.1.p, Aqcoe3G105700.1.p, Aqcoe3G307800.1.p, Aqcoe4G312800.1.p, Aqcoe3G307900.1.p, Aqcoe3G308100.1.p, Aqcoe3G308000.1.p, Aqcoe3G308300.1.p
OG0001107	VIT_211s0016g00390.1	Aqcoe7G439700.1.p
OG0001107	VIT_209s0018g01220.1	Aqcoe7G103000.1.p
OG0001108	VIT_212s0059g00810.1, VIT_210s0116g01260.1, VIT_210s0116g01280.1	Aqcoe1G293800.1.p
OG0001109	VIT_209s0002g01710.2, VIT_209s0002g01710.1, VIT_210s0003g02760.1, VIT_209s0002g01710.4	Aqcoe1G458900.4.p, Aqcoe1G458900.1.p, Aqcoe1G458900.2.p, Aqcoe1G458900.3.p, Aqcoe7G124400.1.p
OG0001110	VIT_216s0022g02020.1, VIT_202s0025g04960.7, VIT_202s0025g04960.3, VIT_202s0025g04960.5, VIT_202s0025g04960.8, VIT_202s0025g04960.11, VIT_202s0025g04960.10, VIT_202s0025g04960.9, VIT_202s0025g04960.2, VIT_202s0025g04960.6, VIT_202s0025g04960.4, VIT_202s0025g04960.1	Aqcoe7G062500.5.p, Aqcoe7G062500.7.p, Aqcoe7G062500.6.p, Aqcoe7G062500.1.p, Aqcoe7G062500.4.p, Aqcoe7G062500.2.p, Aqcoe7G062500.3.p
OG0001111	VIT_209s0002g01750.1, VIT_204s0008g01020.1, VIT_211s0016g01940.1	Aqcoe7G426400.1.p, Aqcoe7G123600.1.p
OG0001112	VIT_215s0046g01870.1	Aqcoe7G026600.1.p
OG0001112	VIT_202s0025g00130.2	Aqcoe7G026600.2.p
OG0001113	VIT_214s0036g01400.1	Aqcoe7G316300.2.p, Aqcoe7G316300.1.p
OG0001113	VIT_217s0000g06805.1, VIT_214s0108g01450.4, VIT_214s0108g01450.1, VIT_214s0108g01450.5, VIT_214s0108g01450.2, VIT_214s0108g01450.3, VIT_214s0108g01450.6	Aqcoe3G357900.2.p, Aqcoe3G357900.1.p
OG0001114	VIT_215s0048g02000.6, VIT_215s0048g02000.2, VIT_215s0048g02000.3, VIT_215s0048g02000.1, VIT_215s0048g02000.5, VIT_215s0048g02000.4	Aqcoe7G043700.3.p, Aqcoe7G043700.1.p, Aqcoe7G043700.2.p
OG0001115	VIT_209s0002g09090.1, VIT_204s0008g06050.4, VIT_204s0008g06050.3, VIT_204s0008g06050.2, VIT_204s0008g06050.1	Aqcoe7G196300.1.p
OG0001116	VIT_211s0016g03750.1, VIT_211s0016g03750.2, VIT_204s0008g03780.3, VIT_204s0008g03780.4, VIT_204s0008g03780.5, VIT_204s0008g03780.2, VIT_204s0008g03780.1	Aqcoe7G172600.1.p
OG0001117	VIT_204s0008g02390.3, VIT_204s0008g02390.2, VIT_204s0008g02390.4, VIT_204s0008g02390.5, VIT_204s0008g02390.1	Aqcoe7G316100.1.p, Aqcoe7G316100.2.p, Aqcoe7G316100.3.p
OG0001118	VIT_206s0004g03180.1	Aqcoe1G493000.1.p
OG0001119	VIT_213s0067g03600.3, VIT_213s0067g03600.1, VIT_213s0067g03600.4, VIT_213s0067g03600.2, VIT_208s0040g02860.1	Aqcoe1G480500.2.p, Aqcoe1G480500.1.p
OG0001120	VIT_208s0032g00310.1, VIT_217s0000g05820.7, VIT_217s0000g05820.8, VIT_217s0000g05820.5, VIT_217s0000g05820.6	Aqcoe3G330100.1.p
OG0001121	VIT_208s0007g00140.1, VIT_206s0004g04480.2, VIT_206s0004g04480.1, VIT_206s0004g04480.3, VIT_213s0019g00940.1	Aqcoe1G465100.1.p, Aqcoe1G465100.2.p
OG0001122	VIT_210s0003g02670.1, VIT_210s0003g02670.4, VIT_210s0003g02670.6, VIT_210s0003g02670.8, VIT_210s0003g02670.2, VIT_210s0003g02670.3, VIT_210s0003g02670.5, VIT_210s0003g02670.7, VIT_212s0142g00100.1, VIT_212s0142g00100.3, VIT_212s0142g00100.2	Aqcoe1G206000.1.p
OG0001123	VIT_208s0007g07400.8, VIT_208s0007g07400.10, VIT_208s0007g07400.4, VIT_208s0007g07400.6, VIT_208s0007g07400.2, VIT_208s0007g07400.7, VIT_208s0007g07400.5, VIT_208s0007g07400.11, VIT_208s0007g07400.1, VIT_208s0007g07400.3, VIT_208s0007g07400.9	Aqcoe1G058600.5.p, Aqcoe1G058600.1.p, Aqcoe1G058600.2.p, Aqcoe1G058600.3.p, Aqcoe1G058600.4.p
OG0001123	VIT_216s0039g02740.1	Aqcoe3G242600.1.p
OG0001124	VIT_211s0118g00490.2, VIT_211s0118g00490.1, VIT_211s0118g00490.3, VIT_204s0008g06310.1, VIT_204s0008g06310.2	Aqcoe3G257900.2.p, Aqcoe3G257900.3.p, Aqcoe3G257900.1.p, Aqcoe1G387000.2.p, Aqcoe1G387000.3.p, Aqcoe1G387000.1.p
OG0001125	VIT_214s0108g01030.4, VIT_214s0108g01030.1, VIT_214s0108g01030.7, VIT_214s0108g01030.6, VIT_214s0108g01030.2, VIT_214s0108g01030.3, VIT_214s0108g01030.5	Aqcoe3G077500.4.p, Aqcoe3G077500.1.p, Aqcoe3G344100.1.p, Aqcoe3G077500.2.p, Aqcoe3G077500.3.p, Aqcoe3G077500.5.p, Aqcoe3G077500.6.p
OG0001125	VIT_216s0050g02640.3, VIT_216s0050g02640.5	Aqcoe5G454700.7.p, Aqcoe5G454700.5.p, Aqcoe5G454700.1.p
OG0001126	VIT_218s0072g00380.1	Aqcoe5G251400.1.p
OG0001127	VIT_205s0020g04860.1, VIT_205s0020g04860.6, VIT_205s0020g04860.7, VIT_205s0020g04860.4, VIT_205s0020g04860.2, VIT_205s0020g04860.3, VIT_205s0020g04860.5	Aqcoe5G037100.2.p, Aqcoe5G037100.1.p, Aqcoe5G037100.3.p
OG0001128	VIT_218s0001g11740.10, VIT_218s0001g11740.11, VIT_218s0001g11740.4, VIT_218s0001g11740.8, VIT_218s0001g11740.5, VIT_218s0001g11740.2, VIT_218s0001g11740.3, VIT_218s0001g11740.1, VIT_218s0001g11740.6, VIT_218s0001g11740.7, VIT_218s0001g11740.9, VIT_203s0063g02000.5, VIT_203s0063g02000.4, VIT_203s0063g02000.3, VIT_203s0063g02000.2, VIT_203s0063g02000.1	Aqcoe5G202300.2.p, Aqcoe5G202300.1.p
OG0001129	VIT_201s0010g02810.1, VIT_201s0010g02810.2, VIT_201s0010g02810.3, VIT_214s0171g00170.3, VIT_214s0171g00170.4, VIT_214s0171g00170.2, VIT_214s0171g00170.1, VIT_214s0171g00170.5	Aqcoe5G365300.2.p, Aqcoe5G365300.1.p
OG0001130	VIT_201s0137g00360.1	Aqcoe5G384900.1.p
OG0001130	VIT_201s0026g00880.1, VIT_217s0000g07690.1	Aqcoe3G307200.1.p, Aqcoe3G307500.1.p
OG0001131	VIT_217s0000g01290.2, VIT_217s0000g01290.1	Aqcoe5G350400.1.p
OG0001131	VIT_201s0011g00160.1	Aqcoe3G065200.1.p, Aqcoe3G367000.1.p
OG0001132	VIT_214s0006g02910.4, VIT_214s0006g02910.3, VIT_214s0006g02910.1, VIT_214s0006g02910.2	Aqcoe3G401400.2.p, Aqcoe3G401400.1.p, Aqcoe3G401400.3.p
OG0001132	VIT_201s0011g03580.2, VIT_201s0011g03580.1, VIT_201s0011g03580.3	Aqcoe3G038600.1.p
OG0001133	VIT_214s0006g00520.1, VIT_214s0006g00520.4, VIT_214s0006g00520.2, VIT_214s0006g00520.3, VIT_201s0011g05500.6, VIT_201s0011g05500.5, VIT_201s0011g05500.4, VIT_201s0011g05500.1, VIT_201s0011g05500.2, VIT_201s0011g05500.3	Aqcoe3G007600.1.p, Aqcoe3G007600.2.p
OG0001134	VIT_214s0108g00390.2, VIT_214s0108g00390.1	Aqcoe3G085900.2.p, Aqcoe3G085900.3.p, Aqcoe3G085900.1.p, Aqcoe3G085900.4.p
OG0001134	VIT_201s0026g01950.1	Aqcoe3G332700.2.p, Aqcoe3G332700.1.p
OG0001135	VIT_201s0010g01590.3, VIT_201s0010g01590.1, VIT_201s0010g01590.6, VIT_201s0010g01590.2, VIT_201s0010g01590.5, VIT_201s0010g01590.9, VIT_201s0010g01590.7, VIT_201s0010g01590.4, VIT_201s0010g01590.8	Aqcoe3G432300.3.p, Aqcoe3G432300.2.p, Aqcoe3G432300.1.p, Aqcoe3G432300.4.p
OG0001136	VIT_217s0000g01860.1, VIT_217s0000g01860.2, VIT_201s0011g06380.3, VIT_201s0011g06380.1, VIT_201s0011g06380.2	Aqcoe3G406100.2.p, Aqcoe3G406100.3.p, Aqcoe3G406100.1.p
OG0001141	VIT_204s0008g06420.1	Aqcoe5G323900.1.p, Aqcoe4G100600.1.p
OG0001142	VIT_214s0060g02640.2, VIT_214s0060g02640.1	Aqcoe2G304700.3.p, Aqcoe2G304700.2.p, Aqcoe2G304700.1.p
OG0001142	VIT_207s0104g01630.1, VIT_207s0104g01630.2, VIT_205s0020g01360.3, VIT_205s0020g01360.2, VIT_205s0020g01360.1	Aqcoe5G082200.2.p, Aqcoe5G082200.3.p, Aqcoe5G082200.1.p, Aqcoe5G082200.4.p
OG0001143	VIT_205s0062g00850.1, VIT_200s0184g00110.1, VIT_200s0231g00070.1	Aqcoe1G422100.1.p, Aqcoe2G372100.1.p, Aqcoe2G409800.1.p
OG0001144	VIT_206s0004g06810.1, VIT_206s0004g06800.1	Aqcoe3G017800.1.p, Aqcoe5G036000.1.p, Aqcoe2G090300.2.p, Aqcoe2G090300.1.p
OG0001145	VIT_201s0244g00030.1	Aqcoe3G204800.1.p
OG0001145	VIT_205s0020g01980.4, VIT_205s0020g01980.3, VIT_205s0020g01980.1, VIT_205s0020g01980.2	Aqcoe5G073400.1.p, Aqcoe2G315100.1.p
OG0001146	VIT_208s0007g01030.2, VIT_208s0007g01040.1	Aqcoe1G098900.1.p
OG0001146	VIT_208s0007g01050.1	Aqcoe2G232200.1.p, Aqcoe2G232200.2.p
OG0001147	VIT_208s0007g03520.1, VIT_208s0007g03520.2, VIT_208s0007g03520.4, VIT_208s0007g03520.3	Aqcoe2G138500.2.p, Aqcoe2G138500.1.p
OG0001147	VIT_208s0007g03500.1, VIT_208s0007g03500.3, VIT_208s0007g03500.2, VIT_208s0007g03500.4	Aqcoe1G448900.1.p
OG0001148	VIT_208s0056g00190.5, VIT_208s0056g00190.1, VIT_208s0056g00190.2, VIT_208s0056g00190.3, VIT_208s0056g00190.4, VIT_210s0071g01060.2, VIT_210s0071g01060.1	Aqcoe3G443200.2.p, Aqcoe3G443200.1.p
OG0001148	VIT_206s0004g00130.1, VIT_208s0007g07600.1, VIT_208s0007g07600.3	Aqcoe2G378700.1.p
OG0001149	VIT_216s0098g00830.1	Aqcoe5G472400.1.p
OG0001149	VIT_208s0040g00600.1, VIT_213s0067g00710.1	Aqcoe1G009400.1.p, Aqcoe2G002500.1.p
OG0001150	VIT_208s0040g01215.1, VIT_208s0040g01200.2, VIT_208s0040g01200.3, VIT_208s0040g01200.1, VIT_208s0040g01200.4, VIT_208s0040g01200.5	Aqcoe1G017900.1.p, Aqcoe2G128700.2.p, Aqcoe2G128700.1.p
OG0001151	VIT_207s0005g06290.1	Aqcoe2G399800.1.p, Aqcoe2G399700.1.p
OG0001151	VIT_216s0098g01230.1	Aqcoe7G002700.1.p
OG0001152	VIT_213s0074g00210.2, VIT_213s0074g00210.1	Aqcoe2G184400.2.p, Aqcoe2G184400.1.p, Aqcoe2G184400.3.p
OG0001152	VIT_208s0007g04170.1	Aqcoe1G115100.1.p
OG0001153	VIT_216s0039g00740.7, VIT_216s0039g00740.3, VIT_216s0039g00740.2, VIT_216s0039g00740.4, VIT_216s0039g00740.1, VIT_216s0039g00740.6, VIT_216s0039g00740.5, VIT_216s0039g00740.8, VIT_216s0039g00740.9, VIT_216s0039g00740.10	Aqcoe2G172400.1.p, Aqcoe2G172400.2.p
OG0001154	VIT_208s0007g07570.17, VIT_208s0007g07570.16, VIT_208s0007g07570.4, VIT_208s0007g07570.8, VIT_208s0007g07570.6, VIT_208s0007g07570.3, VIT_208s0007g07570.13, VIT_208s0007g07570.19, VIT_208s0007g07570.20, VIT_208s0007g07570.18, VIT_208s0007g07570.14, VIT_208s0007g07570.7, VIT_208s0007g07570.2, VIT_208s0007g07570.15, VIT_208s0007g07570.12, VIT_208s0007g07570.10, VIT_208s0007g07570.11, VIT_208s0007g07570.9, VIT_208s0007g07570.1, VIT_208s0007g07570.5	Aqcoe2G061400.1.p
OG0001155	VIT_207s0151g00440.1, VIT_218s0001g08610.1	Aqcoe5G094800.1.p, Aqcoe6G259300.2.p, Aqcoe2G302300.1.p, Aqcoe6G259300.1.p
OG0001156	VIT_203s0091g00250.3, VIT_203s0091g00250.6, VIT_203s0091g00250.1, VIT_203s0091g00250.2, VIT_203s0091g00250.4, VIT_203s0091g00250.5	Aqcoe6G302700.1.p
OG0001157	VIT_207s0129g00410.1	Aqcoe5G073000.1.p
OG0001157	VIT_207s0129g00270.2, VIT_207s0129g00270.1	Aqcoe6G287100.1.p
OG0001158	VIT_203s0063g00100.3, VIT_203s0063g00100.2, VIT_203s0063g00100.1, VIT_203s0063g00100.6, VIT_203s0063g00100.4, VIT_203s0063g00100.5, VIT_207s0031g00250.9, VIT_207s0031g00250.8, VIT_207s0031g00250.6, VIT_207s0031g00250.2, VIT_207s0031g00250.1, VIT_207s0031g00250.3, VIT_207s0031g00250.5, VIT_207s0031g00250.4, VIT_207s0031g00250.10, VIT_207s0031g00250.7	Aqcoe5G146300.1.p, Aqcoe4G002300.1.p, Aqcoe6G135500.3.p, Aqcoe6G135500.1.p, Aqcoe6G135500.2.p, Aqcoe6G135500.4.p
OG0001159	VIT_212s0034g01780.14, VIT_212s0034g01780.13, VIT_212s0034g01780.12, VIT_212s0034g01780.11, VIT_212s0034g01780.2, VIT_212s0034g01780.7, VIT_212s0034g01780.9, VIT_212s0034g01780.6, VIT_212s0034g01780.4, VIT_212s0034g01780.10, VIT_212s0034g01780.1, VIT_212s0034g01780.3, VIT_212s0034g01780.5, VIT_212s0034g01780.8	Aqcoe6G019900.2.p, Aqcoe6G019900.3.p, Aqcoe6G019900.5.p, Aqcoe6G019900.1.p, Aqcoe6G019900.4.p, Aqcoe6G019900.6.p
OG0001160	VIT_218s0122g01440.4, VIT_218s0122g01440.5, VIT_218s0122g01440.1, VIT_218s0122g01440.2, VIT_218s0122g01440.3, VIT_218s0122g01440.6	Aqcoe6G185800.1.p
OG0001160	VIT_204s0008g00100.1	Aqcoe6G185700.1.p
OG0001161	VIT_219s0085g00830.6, VIT_219s0085g00830.5, VIT_219s0085g00830.8, VIT_219s0085g00830.9, VIT_219s0085g00830.10, VIT_219s0085g00830.11, VIT_219s0085g00830.7, VIT_219s0085g00830.2, VIT_219s0085g00830.1, VIT_219s0085g00830.4, VIT_219s0085g00830.3	Aqcoe4G299300.1.p, Aqcoe4G299400.1.p, Aqcoe4G242800.2.p, Aqcoe4G242800.1.p, Aqcoe4G242800.3.p, Aqcoe6G034800.1.p, Aqcoe4G250100.1.p
OG0001162	VIT_218s0122g00970.7, VIT_218s0122g00970.4, VIT_218s0122g00970.6, VIT_218s0122g00970.3, VIT_218s0122g00970.5, VIT_218s0122g00970.1, VIT_218s0122g00970.2, VIT_207s0031g02180.2, VIT_207s0031g02180.4, VIT_207s0031g02180.1, VIT_207s0031g02180.3	Aqcoe1G353000.1.p, Aqcoe6G170000.1.p
OG0001163	VIT_203s0180g00140.1	Aqcoe5G139000.1.p
OG0001163	VIT_218s0001g09880.1	Aqcoe6G309300.1.p, Aqcoe6G309400.1.p
OG0001163	VIT_218s0001g09870.1, VIT_218s0001g09870.2	Aqcoe5G139100.1.p
OG0001164	VIT_203s0017g00530.2, VIT_203s0017g00530.1, VIT_203s0017g00530.5, VIT_203s0017g00530.4, VIT_203s0017g00530.3, VIT_203s0017g00530.6, VIT_203s0017g00530.7	Aqcoe7G249600.3.p, Aqcoe7G249600.2.p, Aqcoe7G249600.1.p, Aqcoe6G293300.2.p, Aqcoe6G293300.1.p, Aqcoe6G293300.3.p
OG0001165	VIT_204s0023g03220.1, VIT_204s0023g03220.2, VIT_218s0001g13970.1, VIT_218s0001g13970.2, VIT_218s0001g13970.3, VIT_218s0001g13970.5, VIT_218s0001g13970.4	Aqcoe6G206500.3.p, Aqcoe6G206500.4.p, Aqcoe6G206500.1.p, Aqcoe6G206500.2.p
OG0001166	VIT_200s0187g00260.1, VIT_200s0187g00305.1, VIT_200s2300g00010.1	Aqcoe6G313200.1.p, Aqcoe4G283700.1.p
OG0001166	VIT_219s0090g01410.1, VIT_219s0090g01420.1	Aqcoe1G414800.1.p, Aqcoe1G414700.1.p, Aqcoe1G414600.1.p, Aqcoe1G415000.1.p
OG0001167	VIT_210s0116g00810.1, VIT_200s0125g00430.1, VIT_209s0002g02200.1, VIT_209s0002g02200.2	Aqcoe6G178100.1.p
OG0001168	VIT_216s0022g00030.3, VIT_216s0022g00030.4, VIT_216s0022g00030.2, VIT_216s0022g00030.1, VIT_216s0022g00030.6, VIT_216s0022g00030.5, VIT_216s0022g00030.7, VIT_216s0022g00030.10, VIT_216s0022g00030.8, VIT_216s0022g00030.9, VIT_200s0144g00010.1, VIT_200s0144g00010.4, VIT_200s0144g00010.3, VIT_200s0144g00010.2, VIT_216s0148g00080.1, VIT_215s0021g02570.1, VIT_215s0021g02570.3, VIT_215s0021g02570.2	Aqcoe7G084600.6.p, Aqcoe7G084600.2.p, Aqcoe7G084600.4.p, Aqcoe7G084600.5.p, Aqcoe7G084600.1.p, Aqcoe7G084600.3.p, Aqcoe6G268700.3.p, Aqcoe6G268700.4.p, Aqcoe6G268700.2.p, Aqcoe6G268700.1.p
OG0001169	VIT_218s0001g14170.1, VIT_218s0001g14170.2	Aqcoe5G122300.1.p
OG0001170	VIT_218s0001g12430.1, VIT_203s0063g02530.6, VIT_203s0063g02530.1, VIT_203s0063g02530.2, VIT_203s0063g02530.8, VIT_203s0063g02530.5, VIT_203s0063g02530.7, VIT_203s0063g02530.3, VIT_203s0063g02530.4	Aqcoe6G118900.5.p, Aqcoe6G118900.8.p, Aqcoe6G118900.1.p, Aqcoe6G118900.6.p, Aqcoe6G118900.4.p, Aqcoe6G118900.7.p, Aqcoe6G118900.2.p, Aqcoe6G118900.3.p
OG0001171	VIT_203s0038g03200.2, VIT_203s0038g03200.3, VIT_203s0038g03200.1	Aqcoe6G187200.4.p, Aqcoe6G187200.5.p, Aqcoe6G187200.2.p, Aqcoe6G187200.3.p, Aqcoe6G187200.6.p, Aqcoe6G187200.1.p
OG0001172	VIT_210s0116g00480.1	Aqcoe7G401000.1.p
OG0001172	VIT_212s0057g00520.3, VIT_212s0057g00520.4, VIT_212s0057g00520.2, VIT_212s0057g00520.1, VIT_219s0090g01690.1	Aqcoe1G391200.1.p, Aqcoe3G383500.1.p, Aqcoe3G383500.2.p, Aqcoe1G215200.1.p, Aqcoe4G227300.1.p, Aqcoe4G273600.1.p, Aqcoe5G157300.1.p
OG0001173	VIT_210s0116g00760.1	Aqcoe4G238300.1.p
OG0001173	VIT_219s0177g00300.1	Aqcoe1G360000.2.p, Aqcoe1G360000.1.p, Aqcoe1G360000.3.p, Aqcoe1G347900.1.p, Aqcoe1G347900.3.p, Aqcoe1G347900.2.p
OG0001174	VIT_210s0003g00880.4, VIT_210s0003g00880.2, VIT_210s0003g00880.5, VIT_210s0003g00880.3, VIT_210s0003g00880.1	Aqcoe4G059900.2.p, Aqcoe4G059900.1.p
OG0001175	VIT_213s0084g00180.6, VIT_213s0084g00180.9, VIT_213s0084g00180.8, VIT_213s0084g00180.4, VIT_213s0084g00180.7, VIT_213s0084g00180.3, VIT_213s0084g00180.1, VIT_213s0084g00180.2, VIT_213s0084g00180.5, VIT_213s0084g00170.5, VIT_213s0084g00170.4, VIT_213s0084g00170.3, VIT_213s0084g00170.1, VIT_213s0084g00170.2	Aqcoe4G158300.4.p, Aqcoe4G158300.1.p, Aqcoe4G158300.3.p, Aqcoe4G158300.2.p, Aqcoe3G273500.2.p, Aqcoe3G273500.1.p
OG0001176	VIT_200s0516g00020.1	Aqcoe4G294400.1.p
OG0001176	VIT_219s0090g01130.1, VIT_219s0090g01130.2	Aqcoe4G295100.2.p, Aqcoe4G295100.3.p, Aqcoe4G295100.1.p
OG0001177	VIT_215s0048g01090.3, VIT_215s0048g01090.2, VIT_215s0048g01090.1, VIT_215s0048g01090.4, VIT_202s0025g04540.1, VIT_202s0025g04540.2	Aqcoe7G051000.2.p, Aqcoe7G051000.1.p, Aqcoe5G434700.1.p
OG0001178	VIT_217s0000g09780.1	Aqcoe3G135900.1.p
OG0001178	VIT_216s0013g00620.2, VIT_216s0013g00620.1, VIT_216s0013g00620.3	Aqcoe7G094800.1.p
OG0001179	VIT_209s0002g01540.1, VIT_209s0002g01540.2, VIT_211s0016g01460.5, VIT_211s0016g01460.3, VIT_211s0016g01460.2, VIT_211s0016g01460.1, VIT_211s0016g01460.4	Aqcoe7G433600.1.p
OG0001180	VIT_201s0011g05480.1	Aqcoe1G044400.1.p
OG0001180	VIT_211s0016g05000.1	Aqcoe7G272700.3.p, Aqcoe7G272700.2.p, Aqcoe7G272700.1.p
OG0001181	VIT_202s0025g04780.1, VIT_202s0025g04810.1, VIT_216s0013g01450.1, VIT_202s0025g04800.1, VIT_202s0025g04790.1	Aqcoe7G056800.1.p, Aqcoe7G057000.1.p
OG0001182	VIT_215s0048g01870.4, VIT_215s0048g01870.6, VIT_215s0048g01870.2, VIT_215s0048g01870.3, VIT_215s0048g01870.8, VIT_215s0048g01870.1, VIT_215s0048g01870.10, VIT_215s0048g01870.5, VIT_215s0048g01870.7, VIT_215s0048g01870.9	Aqcoe7G047400.2.p, Aqcoe7G047400.1.p, Aqcoe7G047500.2.p, Aqcoe7G047500.1.p
OG0001183	VIT_216s0050g01180.2, VIT_216s0050g01180.1, VIT_215s0046g02260.1, VIT_215s0046g02260.2	Aqcoe7G019800.2.p, Aqcoe7G019800.1.p, Aqcoe7G019800.3.p, Aqcoe7G019800.4.p
OG0001184	VIT_202s0025g03600.1, VIT_205s0102g00120.2, VIT_205s0102g00120.1, VIT_202s0025g03590.1	Aqcoe7G036300.1.p
OG0001185	VIT_204s0069g00810.1, VIT_204s0069g00820.1, VIT_201s0011g06180.2, VIT_201s0011g06180.1, VIT_207s0005g04330.1, VIT_201s0011g06180.3	Aqcoe7G337500.1.p, Aqcoe7G337700.1.p, Aqcoe7G337800.1.p, Aqcoe7G337900.1.p, Aqcoe5G405900.1.p
OG0001186	VIT_209s0002g08270.4, VIT_209s0002g08270.3, VIT_209s0002g08270.2, VIT_209s0002g08270.1, VIT_209s0002g08270.5, VIT_211s0118g00480.1, VIT_211s0118g00480.2	Aqcoe7G281900.1.p
OG0001187	VIT_202s0087g00880.3, VIT_202s0087g00880.1, VIT_202s0087g00880.2	Aqcoe7G118000.1.p, Aqcoe7G098200.1.p
OG0001188	VIT_202s0025g00040.1, VIT_215s0046g01790.1	Aqcoe7G027900.2.p, Aqcoe7G027900.3.p, Aqcoe7G027900.1.p
OG0001189	VIT_200s0229g00110.1, VIT_219s0176g00090.1	Aqcoe7G087500.1.p
OG0001190	VIT_212s0059g01820.2, VIT_212s0059g01820.3, VIT_212s0059g01820.1	Aqcoe1G321600.2.p, Aqcoe1G321600.1.p
OG0001191	VIT_208s0105g00230.1, VIT_208s0105g00230.2, VIT_206s0009g00410.2, VIT_206s0009g00410.1	Aqcoe1G078800.1.p, Aqcoe1G078800.3.p, Aqcoe1G078800.2.p
OG0001192	VIT_201s0010g01650.2, VIT_201s0010g01650.1	Aqcoe3G430100.1.p
OG0001192	VIT_219s0177g00020.1, VIT_219s0177g00030.1	Aqcoe1G355800.2.p, Aqcoe1G355800.1.p
OG0001193	VIT_206s0061g01240.1, VIT_206s0009g03080.1, VIT_203s0132g00020.1, VIT_208s0007g03940.2, VIT_208s0007g03940.1	Aqcoe1G111700.4.p, Aqcoe1G111700.3.p, Aqcoe1G111700.1.p, Aqcoe1G111700.2.p, Aqcoe1G402400.1.p
OG0001194	VIT_219s0090g01120.2, VIT_219s0090g01120.3, VIT_219s0090g01120.1, VIT_200s0399g00030.1, VIT_210s0523g00050.1, VIT_210s0523g00050.2	Aqcoe1G336300.1.p, Aqcoe1G336100.1.p, Aqcoe1G336200.2.p, Aqcoe1G336200.1.p, Aqcoe1G336200.3.p
OG0001195	VIT_213s0067g02280.3, VIT_213s0067g02280.2, VIT_213s0067g02280.1, VIT_206s0004g07700.4, VIT_206s0004g07700.2, VIT_206s0004g07700.1, VIT_206s0004g07700.3, VIT_208s0058g00960.1, VIT_208s0058g00960.2, VIT_208s0058g00960.3	Aqcoe1G396700.1.p, Aqcoe1G396700.3.p, Aqcoe1G396700.2.p, Aqcoe1G396700.4.p
OG0001196	VIT_208s0007g07580.6, VIT_208s0007g07580.5, VIT_208s0007g07580.3, VIT_208s0007g07580.1, VIT_208s0007g07580.2, VIT_208s0007g07580.4	Aqcoe1G443600.1.p
OG0001197	VIT_203s0017g00990.2, VIT_203s0017g00990.3, VIT_203s0017g00990.1, VIT_219s0027g00490.2, VIT_219s0027g00490.1	Aqcoe1G167600.1.p
OG0001198	VIT_213s0064g00390.5, VIT_213s0064g00390.4, VIT_213s0064g00390.6, VIT_213s0064g00390.2, VIT_213s0064g00390.3, VIT_213s0064g00390.1	Aqcoe1G029700.3.p, Aqcoe1G029700.1.p, Aqcoe1G029700.2.p, Aqcoe1G029700.4.p
OG0001198	VIT_201s0127g00800.4, VIT_201s0127g00800.2, VIT_201s0127g00800.1, VIT_201s0127g00800.3	Aqcoe3G119100.1.p, Aqcoe3G119000.1.p
OG0001198	VIT_201s0127g00780.2, VIT_201s0127g00780.1, VIT_201s0127g00780.4, VIT_201s0127g00780.3	Aqcoe3G119200.1.p, Aqcoe3G119200.2.p
OG0001199	VIT_219s0014g02310.9, VIT_219s0014g02310.8, VIT_219s0014g02310.7, VIT_219s0014g02310.6, VIT_219s0014g02310.3, VIT_219s0014g02310.4, VIT_219s0014g02310.2, VIT_219s0014g02310.1, VIT_219s0014g02310.5	Aqcoe1G255700.2.p, Aqcoe1G255700.1.p
OG0001200	VIT_217s0000g00340.2, VIT_217s0000g00340.1	Aqcoe5G339300.1.p
OG0001200	VIT_214s0068g01220.1	Aqcoe5G339600.1.p, Aqcoe5G339700.1.p
OG0001201	VIT_201s0026g01610.9, VIT_201s0026g01610.3, VIT_201s0026g01610.4, VIT_201s0026g01610.2, VIT_201s0026g01610.8, VIT_201s0026g01610.6, VIT_201s0026g01610.1, VIT_201s0026g01610.5, VIT_201s0026g01610.7, VIT_201s0026g01610.10, VIT_202s0087g00130.5, VIT_202s0087g00130.6, VIT_202s0087g00130.10, VIT_202s0087g00130.8, VIT_202s0087g00130.11, VIT_202s0087g00130.9, VIT_202s0087g00130.1, VIT_202s0087g00130.2, VIT_202s0087g00130.4, VIT_202s0087g00130.7, VIT_202s0087g00130.3	Aqcoe5G020000.2.p, Aqcoe5G020000.1.p
OG0001202	VIT_205s0020g02540.1, VIT_207s0104g00410.1, VIT_207s0104g00430.1, VIT_207s0104g00420.1, VIT_207s0104g00440.2, VIT_207s0104g00440.1, VIT_207s0104g00440.3	Aqcoe5G062500.1.p, Aqcoe5G062400.1.p
OG0001203	VIT_201s0026g01460.1, VIT_214s0066g02560.2, VIT_214s0066g02560.1	Aqcoe3G094200.1.p, Aqcoe3G094200.2.p, Aqcoe3G322300.1.p
OG0001204	VIT_215s0021g01760.1, VIT_202s0488g00020.2, VIT_202s0488g00020.1	Aqcoe3G270100.2.p, Aqcoe3G270100.1.p
OG0001205	VIT_217s0000g03850.1, VIT_217s0000g03850.2	Aqcoe3G400700.1.p
OG0001216	VIT_208s0007g03540.2, VIT_208s0007g03540.1, VIT_208s0007g03570.1, VIT_208s0007g03570.2, VIT_208s0007g03550.1	Aqcoe0167s0001.1.p, Aqcoe1G449400.2.p, Aqcoe1G449400.1.p, Aqcoe1G449500.1.p, Aqcoe1G449600.1.p
OG0001216	VIT_205s0124g00280.3, VIT_205s0124g00280.2, VIT_205s0124g00290.1, VIT_205s0124g00280.1, VIT_208s0007g03560.1	Aqcoe2G432400.1.p
OG0001217	VIT_205s0077g01820.1, VIT_214s0060g02070.8, VIT_214s0060g02070.3, VIT_214s0060g02070.2, VIT_214s0060g02070.1, VIT_214s0060g02070.4, VIT_214s0060g02070.5, VIT_214s0060g02070.7, VIT_214s0060g02070.9, VIT_214s0060g02070.6	Aqcoe2G286000.3.p, Aqcoe2G286000.4.p, Aqcoe2G286000.1.p, Aqcoe2G286000.2.p
OG0001218	VIT_214s0036g00570.6, VIT_214s0036g00570.3, VIT_214s0036g00570.1, VIT_214s0036g00570.4, VIT_214s0036g00570.2, VIT_214s0036g00570.5	Aqcoe5G024300.1.p, Aqcoe2G375400.1.p
OG0001219	VIT_208s0040g03300.1, VIT_206s0004g04270.1, VIT_214s0060g02360.1	Aqcoe1G470800.1.p, Aqcoe2G179800.1.p
OG0001220	VIT_213s0019g02700.1	Aqcoe1G093900.1.p, Aqcoe1G094000.1.p, Aqcoe2G056800.1.p
OG0001220	VIT_200s0269g00020.1, VIT_200s0174g00110.1	Aqcoe6G106600.1.p
OG0001221	VIT_214s0030g00640.2, VIT_214s0030g00640.1, VIT_205s0020g02050.2, VIT_205s0020g02050.1	Aqcoe2G316600.1.p, Aqcoe2G316400.1.p, Aqcoe2G316300.1.p, Aqcoe2G316300.2.p
OG0001222	VIT_206s0061g00890.3, VIT_206s0061g00890.4, VIT_206s0061g00890.1, VIT_206s0061g00890.2	Aqcoe2G158800.3.p, Aqcoe2G158800.1.p, Aqcoe2G158800.2.p, Aqcoe0024s0005.1.p, Aqcoe2G158900.1.p, Aqcoe0024s0004.1.p, Aqcoe0024s0003.1.p, Aqcoe2G159000.1.p
OG0001223	VIT_200s0531g00050.2, VIT_200s0531g00050.1, VIT_212s0057g01200.5, VIT_212s0057g01200.1, VIT_212s0057g01200.2, VIT_212s0057g01200.3, VIT_212s0057g01200.6	Aqcoe2G230700.2.p, Aqcoe2G230700.4.p, Aqcoe2G230700.1.p, Aqcoe2G230700.7.p, Aqcoe2G230700.6.p, Aqcoe2G230700.3.p, Aqcoe2G230700.5.p, Aqcoe4G309200.1.p
OG0001224	VIT_206s0004g00910.2, VIT_206s0004g00910.1, VIT_213s0156g00090.1	Aqcoe2G005000.2.p, Aqcoe2G005000.1.p, Aqcoe2G005100.1.p, Aqcoe1G007700.1.p
OG0001225	VIT_217s0000g06750.1, VIT_205s0049g01320.1, VIT_200s0337g00090.1, VIT_218s0075g00490.1, VIT_205s0062g00820.1	Aqcoe2G409400.1.p
OG0001226	VIT_205s0049g02094.1, VIT_205s0049g02092.1, VIT_201s0011g04466.1	Aqcoe3G174300.1.p, Aqcoe1G434100.1.p, Aqcoe1G434000.1.p, Aqcoe1G434000.2.p, Aqcoe5G197600.1.p, Aqcoe5G172500.1.p, Aqcoe7G398800.1.p, Aqcoe7G398600.1.p, Aqcoe2G422000.1.p, Aqcoe2G422000.2.p, Aqcoe2G422400.1.p, Aqcoe2G421900.1.p, Aqcoe7G360500.1.p
OG0001227	VIT_217s0000g08550.1	Aqcoe3G124700.1.p
OG0001227	VIT_206s0004g06280.1	Aqcoe2G099900.1.p, Aqcoe1G428700.1.p
OG0001227	VIT_214s0066g01010.1	Aqcoe6G294300.1.p, Aqcoe6G297400.1.p
OG0001228	VIT_201s0011g01280.1, VIT_219s0085g00795.1, VIT_219s0085g00740.2, VIT_219s0085g00740.1, VIT_203s0017g02170.2, VIT_203s0017g02170.1, VIT_203s0017g02190.1	Aqcoe2G097000.1.p
OG0001229	VIT_201s0011g01180.8, VIT_201s0011g01180.6, VIT_201s0011g01180.5, VIT_201s0011g01180.7, VIT_201s0011g01180.2, VIT_201s0011g01180.9, VIT_201s0011g01180.1, VIT_201s0011g01180.4, VIT_201s0011g01180.3	Aqcoe2G421500.2.p, Aqcoe2G421500.1.p
OG0001230	VIT_212s0134g00550.1	Aqcoe2G153900.3.p, Aqcoe2G153900.4.p, Aqcoe2G153900.2.p, Aqcoe2G153900.1.p
OG0001231	VIT_203s0063g02080.1, VIT_218s0001g11910.1, VIT_218s0001g11910.3	Aqcoe6G108800.5.p, Aqcoe6G108800.2.p, Aqcoe6G108800.4.p, Aqcoe6G108800.6.p, Aqcoe6G108800.3.p, Aqcoe6G108800.1.p, Aqcoe5G199700.1.p, Aqcoe5G199700.2.p
OG0001232	VIT_218s0001g12420.1, VIT_204s0023g01720.2, VIT_204s0023g01720.1, VIT_204s0023g01720.7, VIT_204s0023g01720.8, VIT_204s0023g01720.4, VIT_204s0023g01720.5, VIT_204s0023g01720.6, VIT_204s0023g01720.3	Aqcoe6G118800.2.p, Aqcoe6G118800.1.p, Aqcoe5G193100.3.p, Aqcoe5G193100.1.p, Aqcoe5G193100.2.p
OG0001233	VIT_218s0001g05800.2, VIT_218s0001g05800.3, VIT_218s0001g05800.5, VIT_218s0001g05800.4, VIT_218s0001g05800.1	Aqcoe6G082400.1.p, Aqcoe6G082400.2.p, Aqcoe6G082500.3.p, Aqcoe6G082500.2.p, Aqcoe6G082500.1.p
OG0001234	VIT_207s0031g02240.1	Aqcoe5G115700.2.p, Aqcoe5G115700.1.p
OG0001234	VIT_218s0122g00910.1	Aqcoe6G167600.1.p, Aqcoe6G167600.2.p
OG0001235	VIT_200s0253g00110.1, VIT_200s0253g00090.1, VIT_200s0253g00080.1	Aqcoe6G097700.1.p
OG0001235	VIT_203s0063g01240.1, VIT_203s0063g01170.1, VIT_203s0063g01140.1, VIT_203s0063g01130.1	Aqcoe6G098200.1.p
OG0001235	VIT_200s0253g00160.1, VIT_200s0253g00170.1	Aqcoe6G098300.1.p
OG0001236	VIT_200s0525g00050.2, VIT_200s0525g00050.3, VIT_200s0525g00050.1, VIT_203s0088g00990.2, VIT_203s0088g00990.4, VIT_203s0088g00990.3, VIT_203s0088g00990.1, VIT_203s0088g00990.5	Aqcoe6G316200.1.p, Aqcoe5G095600.6.p, Aqcoe5G095600.4.p, Aqcoe5G095600.3.p, Aqcoe5G095600.1.p, Aqcoe5G095600.2.p
OG0001237	VIT_218s0001g07510.1	Aqcoe6G094100.1.p
OG0001237	VIT_218s0001g07520.1, VIT_218s0001g07500.1, VIT_200s0313g00020.2, VIT_200s0313g00020.1, VIT_200s0313g00020.3	Aqcoe5G169300.1.p
OG0001238	VIT_203s0017g01350.1, VIT_218s0001g06290.1, VIT_207s0191g00060.1	Aqcoe5G313400.1.p, Aqcoe6G078500.1.p
OG0001238	VIT_207s0191g00060.4, VIT_207s0191g00060.3	Aqcoe6G078500.2.p
OG0001239	VIT_219s0014g02440.1, VIT_219s0014g02450.1, VIT_219s0014g02430.1	Aqcoe4G095600.1.p, Aqcoe4G010300.1.p, Aqcoe4G095500.4.p, Aqcoe4G095500.1.p, Aqcoe4G095500.2.p, Aqcoe4G095500.3.p, Aqcoe4G095700.1.p, Aqcoe4G095800.1.p
OG0001240	VIT_208s0058g00870.1, VIT_208s0058g00860.2, VIT_208s0058g00860.1	Aqcoe4G032700.1.p, Aqcoe4G032600.1.p, Aqcoe3G234000.1.p, Aqcoe1G395400.2.p, Aqcoe1G395400.1.p, Aqcoe1G395300.1.p
OG0001241	VIT_200s1397g00010.1, VIT_200s0776g00020.1, VIT_200s1406g00010.3, VIT_200s1406g00010.2, VIT_200s1406g00010.4, VIT_200s1406g00010.1	Aqcoe4G158700.1.p, Aqcoe4G158700.3.p, Aqcoe4G158700.4.p, Aqcoe4G158700.2.p
OG0001242	VIT_204s0023g02810.1, VIT_204s0023g02810.2, VIT_206s0004g02060.1, VIT_206s0004g02060.3, VIT_206s0004g02060.2	Aqcoe7G410100.2.p, Aqcoe7G410100.1.p, Aqcoe7G410000.2.p, Aqcoe7G410000.1.p
OG0001243	VIT_211s0065g00140.3, VIT_211s0065g00140.4, VIT_211s0065g00140.2, VIT_211s0065g00140.1, VIT_204s0008g03020.2, VIT_204s0008g03020.1	Aqcoe7G238600.1.p
OG0001244	VIT_215s0048g02760.3, VIT_215s0048g02760.4, VIT_215s0048g02760.2, VIT_215s0048g02760.1	Aqcoe5G470200.1.p
OG0001244	VIT_215s0048g00710.2, VIT_215s0048g00710.1, VIT_215s0048g00710.3, VIT_215s0048g00710.4	Aqcoe7G070600.2.p, Aqcoe7G070600.1.p
OG0001245	VIT_204s0008g04380.2, VIT_204s0008g04380.1, VIT_211s0016g04240.5, VIT_211s0016g04240.2, VIT_211s0016g04240.4, VIT_211s0016g04240.3, VIT_211s0016g04240.1, VIT_211s0016g04240.6, VIT_211s0016g04240.7	Aqcoe7G190600.3.p, Aqcoe7G190600.1.p, Aqcoe7G190600.2.p
OG0001246	VIT_211s0016g02050.1, VIT_209s0002g02330.2, VIT_209s0002g02330.1	Aqcoe7G125900.1.p
OG0001248	VIT_208s0007g02510.6, VIT_208s0007g02510.4, VIT_208s0007g02510.2, VIT_208s0007g02510.1, VIT_208s0007g02510.3, VIT_208s0007g02510.7, VIT_208s0007g02510.5, VIT_206s0080g01110.1, VIT_206s0080g01110.2, VIT_206s0080g01110.3	Aqcoe1G433300.1.p, Aqcoe3G281100.1.p
OG0001249	VIT_213s0073g00600.2, VIT_213s0073g00600.1, VIT_208s0056g01290.2, VIT_208s0056g01290.7, VIT_208s0056g01290.4, VIT_208s0056g01290.3, VIT_208s0056g01290.8, VIT_208s0056g01290.1, VIT_208s0056g01290.6, VIT_208s0056g01290.5	Aqcoe1G064200.1.p
OG0001250	VIT_208s0007g08970.1	Aqcoe1G033400.1.p
OG0001250	VIT_208s0007g01690.1, VIT_213s0019g03270.1	Aqcoe1G088000.1.p
OG0001251	VIT_212s0028g02390.2, VIT_212s0028g02390.1, VIT_212s0028g02390.5, VIT_212s0028g02390.6, VIT_212s0028g02390.4, VIT_212s0028g02390.7, VIT_212s0028g02390.11, VIT_212s0028g02390.10, VIT_212s0028g02390.8, VIT_212s0028g02390.9, VIT_212s0028g02390.3	Aqcoe1G285300.2.p, Aqcoe1G285300.1.p
OG0001252	VIT_217s0000g09500.2	Aqcoe5G393200.2.p
OG0001252	VIT_208s0040g02640.2, VIT_208s0040g02640.1	Aqcoe1G475000.2.p, Aqcoe1G475000.1.p, Aqcoe1G475000.3.p
OG0001252	VIT_217s0000g09500.1, VIT_217s0000g09500.3, VIT_201s0137g00580.3	Aqcoe5G393200.1.p
OG0001253	VIT_206s0061g00260.1, VIT_206s0061g00230.1, VIT_206s0061g00230.2, VIT_206s0061g00230.3	Aqcoe1G025100.2.p, Aqcoe1G025100.1.p, Aqcoe1G024900.1.p
OG0001254	VIT_207s0095g00005.1, VIT_200s0184g00210.1, VIT_200s2600g00010.1, VIT_200s0160g00130.1, VIT_200s0160g00160.1, VIT_218s0001g14250.2, VIT_218s0001g14250.3, VIT_218s0001g14250.7, VIT_218s0001g14250.1, VIT_218s0001g14250.6, VIT_218s0001g14250.4, VIT_218s0001g14250.5, VIT_200s1955g00010.1, VIT_200s1955g00010.2	Aqcoe5G209100.4.p, Aqcoe5G209100.3.p, Aqcoe5G209100.1.p, Aqcoe5G209100.2.p
OG0001255	VIT_218s0001g12120.1, VIT_204s0023g01360.4, VIT_204s0023g01360.3, VIT_204s0023g01360.1, VIT_204s0023g01360.2	Aqcoe5G197500.1.p, Aqcoe5G197500.2.p
OG0001256	VIT_201s0011g06600.1, VIT_204s0079g00600.1, VIT_204s0079g00600.2	Aqcoe3G424700.1.p
OG0001256	VIT_217s0000g00920.1	Aqcoe3G422600.1.p
OG0001257	VIT_201s0011g05800.2, VIT_201s0011g05800.1	Aqcoe3G007800.5.p, Aqcoe3G007800.1.p, Aqcoe3G007800.3.p, Aqcoe3G007800.2.p, Aqcoe3G007800.4.p
OG0001257	VIT_215s0021g00480.2	Aqcoe3G007800.6.p
OG0001257	VIT_202s0012g00740.2, VIT_202s0012g00740.3, VIT_202s0012g00740.1, VIT_215s0021g00480.1	Aqcoe3G253700.1.p
OG0001258	VIT_201s0182g00140.1, VIT_200s1333g00010.1, VIT_201s0182g00060.1, VIT_201s0182g00130.1, VIT_201s0182g00150.1, VIT_214s0108g01130.1	Aqcoe3G348500.1.p, Aqcoe3G348400.1.p, Aqcoe3G348400.2.p, Aqcoe3G348300.1.p
OG0001259	VIT_202s0012g01400.1, VIT_216s0039g01560.1, VIT_216s0039g01560.2	Aqcoe3G224900.1.p
OG0001260	VIT_201s0010g00740.1, VIT_201s0010g00740.2	Aqcoe3G382100.2.p, Aqcoe3G382100.1.p, Aqcoe3G070300.1.p, Aqcoe3G070300.2.p, Aqcoe3G070300.3.p
OG0001261	VIT_214s0068g00330.1	Aqcoe3G370100.1.p, Aqcoe3G370100.3.p, Aqcoe3G370100.2.p, Aqcoe3G370100.5.p, Aqcoe3G370100.4.p
OG0001262	VIT_214s0083g01050.2, VIT_214s0083g01050.1, VIT_201s0011g00110.2, VIT_201s0011g00110.3, VIT_201s0011g00110.1, VIT_217s0000g05000.1	Aqcoe3G374100.1.p
OG0001263	VIT_219s0027g01100.1, VIT_209s0054g01880.1	Aqcoe3G045400.1.p, Aqcoe3G045400.2.p
OG0001271	VIT_205s0029g00390.1, VIT_205s0029g00390.2	Aqcoe2G415100.1.p
OG0001272	VIT_211s0016g01050.1, VIT_211s0016g00980.1, VIT_211s0016g01020.1	Aqcoe4G242000.1.p, Aqcoe4G080200.1.p, Aqcoe4G287300.1.p, Aqcoe4G241200.1.p, Aqcoe4G241500.1.p, Aqcoe4G009500.1.p, Aqcoe3G133300.1.p, Aqcoe0053s0001.1.p
OG0001272	VIT_209s0002g01090.1	Aqcoe4G114800.1.p, Aqcoe7G435000.1.p, Aqcoe7G434700.1.p, Aqcoe2G395300.3.p, Aqcoe2G395300.2.p, Aqcoe2G395300.4.p, Aqcoe2G395300.5.p, Aqcoe2G395300.1.p, Aqcoe2G395400.1.p
OG0001273	VIT_204s0008g04700.1, VIT_200s0179g00340.1	Aqcoe5G045200.1.p, Aqcoe5G045200.2.p, Aqcoe2G355600.1.p
OG0001275	VIT_205s0051g00340.1	Aqcoe2G391300.1.p, Aqcoe5G004900.1.p
OG0001275	VIT_209s0002g02240.1	Aqcoe7G422300.1.p
OG0001276	VIT_207s0005g00980.1, VIT_205s0077g01500.1, VIT_214s0060g01550.2, VIT_214s0060g01550.1	Aqcoe2G282900.1.p
OG0001277	VIT_207s0031g01780.5, VIT_207s0031g01780.3, VIT_207s0031g01780.6, VIT_207s0031g01780.4, VIT_207s0031g01780.1, VIT_207s0031g01780.2	Aqcoe2G109500.9.p, Aqcoe3G143500.1.p, Aqcoe3G143500.2.p, Aqcoe2G109500.2.p, Aqcoe2G109500.6.p, Aqcoe2G109500.7.p, Aqcoe2G109500.1.p, Aqcoe2G109500.12.p, Aqcoe2G109500.8.p, Aqcoe2G109500.11.p, Aqcoe2G109500.3.p, Aqcoe2G109500.5.p, Aqcoe2G109500.4.p, Aqcoe2G109500.10.p, Aqcoe5G253400.2.p, Aqcoe5G253400.1.p
OG0001278	VIT_208s0007g00380.4, VIT_208s0007g00380.1, VIT_208s0007g00380.2, VIT_208s0007g00380.3, VIT_208s0007g00380.5	Aqcoe2G150900.1.p, Aqcoe2G150900.4.p, Aqcoe2G150900.2.p, Aqcoe2G150900.3.p, Aqcoe2G150900.5.p
OG0001279	VIT_206s0061g01440.1, VIT_206s0061g01440.2, VIT_208s0007g03770.1	Aqcoe1G454400.2.p, Aqcoe1G454400.1.p, Aqcoe2G129700.1.p
OG0001280	VIT_201s0137g00180.1	Aqcoe5G381800.1.p
OG0001280	VIT_201s0137g00070.1, VIT_201s0137g00170.1, VIT_201s0137g00170.2, VIT_201s0137g00130.1, VIT_201s0137g00160.1	Aqcoe2G175000.1.p, Aqcoe2G175200.1.p, Aqcoe1G454100.1.p
OG0001281	VIT_207s0005g00940.1, VIT_214s0060g01570.1, VIT_214s0060g01570.2	Aqcoe2G283500.2.p, Aqcoe2G283500.1.p
OG0001282	VIT_208s0007g05240.1, VIT_208s0007g05240.3, VIT_213s0067g02840.1	Aqcoe2G040900.1.p, Aqcoe1G042300.1.p, Aqcoe1G042300.2.p
OG0001283	VIT_205s0077g01240.5, VIT_205s0077g01240.1, VIT_205s0077g01240.3, VIT_205s0077g01240.4, VIT_205s0077g01240.2	Aqcoe2G277000.2.p, Aqcoe2G277000.1.p, Aqcoe2G277000.3.p
OG0001284	VIT_210s0116g01030.1, VIT_210s0116g01040.1, VIT_210s0116g01140.1, VIT_219s0090g00895.1, VIT_210s0116g01150.1, VIT_210s0116g01106.1, VIT_210s0116g01122.1, VIT_210s0116g01090.1	Aqcoe0043s0002.1.p, Aqcoe4G213100.1.p, Aqcoe4G154800.1.p, Aqcoe4G180500.1.p, Aqcoe4G212900.1.p, Aqcoe4G154900.1.p, Aqcoe4G180400.1.p, Aqcoe4G213000.1.p, Aqcoe0043s0001.1.p
OG0001285	VIT_218s0001g05690.7, VIT_218s0001g05690.5, VIT_218s0001g05690.1, VIT_218s0001g05690.3, VIT_218s0001g05690.6, VIT_218s0001g05690.8, VIT_212s0028g00440.1	Aqcoe6G083800.1.p, Aqcoe6G083800.2.p
OG0001286	VIT_218s0001g07370.3, VIT_218s0001g07370.4, VIT_218s0001g07370.2, VIT_218s0001g07370.1, VIT_215s0045g00130.1, VIT_200s0199g00030.3, VIT_200s0199g00030.2, VIT_200s0407g00030.1, VIT_200s0199g00030.5, VIT_200s0199g00030.4, VIT_200s0199g00030.1	Aqcoe5G161200.1.p, Aqcoe6G154600.1.p
OG0001287	VIT_218s0122g00610.1	Aqcoe5G113600.1.p
OG0001288	VIT_203s0063g00910.1	Aqcoe6G101400.3.p, Aqcoe6G101400.2.p, Aqcoe6G101400.1.p
OG0001289	VIT_218s0001g13010.1, VIT_204s0023g02420.2, VIT_204s0023g02420.1	Aqcoe6G127600.2.p, Aqcoe6G127600.1.p, Aqcoe3G219900.1.p, Aqcoe3G219900.2.p, Aqcoe5G187100.1.p
OG0001290	VIT_218s0122g01280.10, VIT_218s0122g01280.9, VIT_218s0122g01280.7, VIT_218s0122g01280.1, VIT_203s0038g03730.3, VIT_203s0038g03730.1, VIT_203s0038g03730.2, VIT_218s0122g01280.8, VIT_218s0122g01280.4, VIT_218s0122g01280.5, VIT_218s0122g01280.3, VIT_218s0122g01280.2, VIT_218s0122g01280.6	Aqcoe6G176000.1.p
OG0001291	VIT_212s0028g00460.1	Aqcoe6G083900.1.p
OG0001291	VIT_200s2038g00010.2, VIT_200s2038g00010.1, VIT_210s0116g00020.1	Aqcoe1G277100.2.p, Aqcoe1G277100.1.p
OG0001292	VIT_219s0027g00760.2, VIT_219s0027g00760.1	Aqcoe4G002500.2.p, Aqcoe4G002500.1.p, Aqcoe3G015400.1.p, Aqcoe3G015800.1.p
OG0001293	VIT_219s0014g01500.5, VIT_219s0014g01500.2, VIT_219s0014g01500.3, VIT_219s0014g01500.4, VIT_219s0014g01500.1	Aqcoe4G050900.1.p, Aqcoe4G050900.3.p, Aqcoe4G050900.2.p
OG0001294	VIT_217s0000g09120.3, VIT_217s0000g09120.1	Aqcoe5G401700.2.p, Aqcoe5G401700.1.p
OG0001294	VIT_209s0002g02100.2, VIT_209s0002g02100.1	Aqcoe4G116700.1.p, Aqcoe7G128600.1.p
OG0001295	VIT_200s0265g00050.1	Aqcoe1G266700.1.p, Aqcoe4G103500.1.p
OG0001296	VIT_215s0046g01360.1	Aqcoe7G017100.1.p, Aqcoe5G445700.1.p
OG0001297	VIT_209s0002g01480.13, VIT_209s0002g01480.11, VIT_209s0002g01480.17, VIT_209s0002g01480.19, VIT_209s0002g01480.10, VIT_209s0002g01480.15, VIT_209s0002g01480.14, VIT_209s0002g01480.12, VIT_209s0002g01480.18, VIT_209s0002g01480.16, VIT_209s0002g01480.5, VIT_209s0002g01480.20, VIT_209s0002g01480.22, VIT_209s0002g01480.21, VIT_209s0002g01480.8, VIT_209s0002g01480.7, VIT_209s0002g01480.1, VIT_209s0002g01480.3, VIT_209s0002g01480.4, VIT_209s0002g01480.2, VIT_209s0002g01480.9, VIT_209s0002g01480.6	Aqcoe7G115400.2.p, Aqcoe7G115400.1.p
OG0001298	VIT_216s0022g00660.1, VIT_202s0154g00110.2, VIT_202s0154g00110.1, VIT_200s0233g00030.1, VIT_211s0037g00720.1, VIT_211s0037g00710.1, VIT_202s0154g00110.3	Aqcoe7G078900.1.p
OG0001299	VIT_209s0002g01740.1, VIT_211s0016g01950.3, VIT_211s0016g01950.2, VIT_211s0016g01950.1	Aqcoe7G426200.1.p, Aqcoe7G124000.1.p
OG0001300	VIT_209s0002g01730.1	Aqcoe7G124300.2.p, Aqcoe7G124300.1.p, Aqcoe7G425800.1.p, Aqcoe7G425800.2.p
OG0001301	VIT_209s0002g02220.1, VIT_211s0016g02150.1	Aqcoe7G127500.1.p, Aqcoe7G127500.2.p
OG0001302	VIT_212s0035g01020.2, VIT_212s0035g01020.4, VIT_212s0035g01020.1, VIT_212s0035g01020.3, VIT_212s0035g01020.5	Aqcoe7G320300.1.p, Aqcoe7G320300.2.p
OG0001302	VIT_218s0072g00340.1	Aqcoe5G251800.1.p
OG0001303	VIT_204s0008g07320.1	Aqcoe7G307600.1.p
OG0001303	VIT_218s0001g15050.1, VIT_218s0001g15050.2, VIT_218s0001g15050.6, VIT_218s0001g15050.4, VIT_218s0001g15050.5	Aqcoe5G265900.1.p, Aqcoe5G265900.2.p
OG0001304	VIT_204s0008g02890.1, VIT_209s0054g01070.1, VIT_211s0065g00420.1	Aqcoe7G240500.1.p
OG0001305	VIT_202s0025g01590.2, VIT_202s0025g01590.1	Aqcoe7G010000.1.p, Aqcoe7G010000.2.p
OG0001306	VIT_209s0002g02940.1	Aqcoe7G417400.2.p, Aqcoe7G417400.1.p, Aqcoe7G417400.3.p
OG0001307	VIT_213s0067g01110.4, VIT_213s0067g01110.3, VIT_213s0067g01110.2, VIT_213s0067g01110.1	Aqcoe5G381900.1.p, Aqcoe1G418000.1.p
OG0001308	VIT_205s0020g04800.1, VIT_207s0141g00730.2, VIT_207s0141g00730.5, VIT_207s0141g00730.3, VIT_207s0141g00730.4, VIT_207s0141g00730.6, VIT_207s0141g00730.1	Aqcoe5G037800.1.p, Aqcoe1G053300.1.p, Aqcoe3G127900.1.p
OG0001309	VIT_208s0007g02130.2, VIT_208s0007g02130.4, VIT_208s0007g02130.3, VIT_208s0007g02130.5, VIT_208s0007g02130.1, VIT_208s0007g02130.6, VIT_208s0007g02130.7	Aqcoe1G425700.4.p, Aqcoe1G425700.3.p, Aqcoe1G425700.2.p, Aqcoe1G425700.1.p
OG0001310	VIT_212s0059g00580.1, VIT_212s0059g00580.3, VIT_212s0059g00580.2, VIT_200s0187g00210.1, VIT_205s0062g00780.2, VIT_205s0062g00780.1	Aqcoe1G341600.1.p, Aqcoe1G341600.2.p
OG0001311	VIT_204s0043g00370.1	Aqcoe5G010700.1.p
OG0001311	VIT_205s0077g00030.1, VIT_206s0004g06520.1	Aqcoe1G424300.1.p
OG0001312	VIT_219s0014g01650.3, VIT_219s0014g01650.4, VIT_219s0014g01650.1, VIT_219s0014g01650.2, VIT_216s0013g01360.1, VIT_212s0028g02510.2, VIT_212s0028g02510.1, VIT_212s0028g02510.4, VIT_212s0028g02510.3, VIT_212s0028g02510.5	Aqcoe1G239400.1.p
OG0001313	VIT_208s0105g00250.1, VIT_206s0080g00170.1, VIT_206s0009g00480.1, VIT_206s0009g00450.1	Aqcoe1G079200.2.p, Aqcoe1G079200.1.p, Aqcoe1G079100.1.p
OG0001314	VIT_202s0033g01160.4, VIT_202s0033g01160.3, VIT_202s0033g01160.2, VIT_202s0033g01160.1, VIT_213s0019g03990.3, VIT_213s0019g03990.2, VIT_213s0019g03990.1, VIT_213s0019g03990.4	Aqcoe1G494000.1.p
OG0001315	VIT_219s0027g00810.3, VIT_219s0027g00810.2, VIT_219s0027g00810.1, VIT_219s0027g00810.4, VIT_216s0100g00360.1	Aqcoe1G095000.2.p, Aqcoe1G095000.1.p
OG0001316	VIT_206s0004g04000.1, VIT_200s0317g00160.1, VIT_213s0067g03890.1	Aqcoe1G478100.1.p
OG0001317	VIT_212s0059g01420.2, VIT_212s0059g01420.4, VIT_212s0059g01420.3, VIT_212s0059g01420.5, VIT_212s0059g01420.1, VIT_210s0523g00030.6, VIT_210s0523g00030.8, VIT_210s0523g00030.4, VIT_210s0523g00030.7, VIT_210s0523g00030.9, VIT_210s0523g00030.3, VIT_210s0523g00030.1, VIT_210s0523g00030.5, VIT_210s0523g00030.2	Aqcoe1G337200.1.p
OG0001318	VIT_206s0080g01200.1, VIT_208s0007g02350.1	Aqcoe1G082100.1.p
OG0001319	VIT_213s0064g01280.9, VIT_213s0064g01280.10, VIT_213s0064g01280.4, VIT_213s0064g01280.5, VIT_213s0064g01280.7, VIT_213s0064g01280.3, VIT_213s0064g01280.11, VIT_213s0064g01280.8, VIT_213s0064g01280.1, VIT_213s0064g01280.2, VIT_213s0064g01280.6	Aqcoe1G033000.1.p, Aqcoe1G033000.3.p, Aqcoe1G033000.2.p
OG0001320	VIT_209s0054g01610.2, VIT_209s0054g01610.1, VIT_209s0054g01610.3	Aqcoe5G392900.1.p, Aqcoe5G393000.1.p
OG0001321	VIT_207s0129g01050.1, VIT_218s0001g09850.1, VIT_203s0180g00210.1, VIT_205s0062g00620.1	Aqcoe5G138300.1.p
OG0001322	VIT_207s0104g00570.2, VIT_205s0020g02520.1	Aqcoe3G177000.1.p
OG0001322	VIT_207s0104g00570.1	Aqcoe5G062800.2.p, Aqcoe5G062800.1.p
OG0001323	VIT_216s0100g00320.1, VIT_210s0071g00460.1, VIT_204s0023g00220.1, VIT_210s0071g00410.1, VIT_210s0071g00490.1, VIT_203s0091g00940.1, VIT_210s0071g00520.1, VIT_210s0071g00570.1	Aqcoe5G110900.1.p, Aqcoe5G110900.3.p, Aqcoe5G110900.2.p, Aqcoe5G110900.4.p, Aqcoe5G427100.1.p
OG0001324	VIT_206s0004g08480.1, VIT_206s0004g08480.3, VIT_206s0004g08480.2, VIT_203s0038g00030.1, VIT_203s0038g00030.2, VIT_206s0004g08480.4	Aqcoe5G184600.5.p, Aqcoe5G184600.1.p, Aqcoe5G184600.4.p, Aqcoe5G184600.3.p, Aqcoe5G184600.2.p
OG0001325	VIT_207s0005g06380.1	Aqcoe5G007900.1.p, Aqcoe5G007900.4.p, Aqcoe5G007900.7.p, Aqcoe5G007900.6.p, Aqcoe5G007900.5.p, Aqcoe5G007900.3.p, Aqcoe5G007900.2.p
OG0001326	VIT_217s0000g04760.1	Aqcoe3G069500.1.p
OG0001326	VIT_214s0006g02140.1, VIT_214s0006g02145.1	Aqcoe3G108500.1.p, Aqcoe3G069100.1.p
OG0001327	VIT_202s0025g03860.1, VIT_202s0025g03920.1, VIT_202s0025g02165.1	Aqcoe3G232200.1.p
OG0001328	VIT_201s0011g06200.2, VIT_201s0011g06200.4, VIT_201s0011g06200.1, VIT_201s0011g06200.3, VIT_202s0033g00690.1, VIT_210s0092g00580.1	Aqcoe3G408700.4.p, Aqcoe3G408700.1.p, Aqcoe3G408700.2.p, Aqcoe3G408700.5.p, Aqcoe3G408700.3.p, Aqcoe3G408700.6.p
OG0001329	VIT_216s0039g01860.1, VIT_216s0039g01860.2, VIT_202s0012g01860.2, VIT_202s0012g01860.1	Aqcoe3G167600.1.p
OG0001335	VIT_207s0005g01085.1	Aqcoe3G017500.1.p, Aqcoe4G069700.1.p
OG0001336	VIT_207s0005g02985.1, VIT_207s0005g02985.2	Aqcoe2G368400.1.p
OG0001336	VIT_206s0004g05260.1, VIT_208s0007g00875.1	Aqcoe1G101600.1.p, Aqcoe2G231100.1.p
OG0001337	VIT_206s0004g03530.3, VIT_206s0004g03530.2, VIT_206s0004g03520.1, VIT_206s0004g03530.1	Aqcoe1G488600.1.p, Aqcoe2G131200.1.p, Aqcoe2G131400.1.p
OG0001339	VIT_207s0005g01330.1, VIT_205s0077g01230.2	Aqcoe2G276800.1.p, Aqcoe2G202300.1.p
OG0001340	VIT_208s0056g01570.1, VIT_208s0056g01570.2, VIT_208s0056g01570.3	Aqcoe2G065700.3.p, Aqcoe2G065700.1.p, Aqcoe2G065700.2.p, Aqcoe2G065400.1.p
OG0001340	VIT_206s0009g01080.1, VIT_206s0009g01080.2	Aqcoe3G089200.1.p
OG0001341	VIT_207s0141g00680.1, VIT_207s0141g00680.2, VIT_207s0141g00680.3, VIT_207s0141g00680.4, VIT_207s0141g00680.5, VIT_214s0081g00560.2, VIT_214s0081g00560.1	Aqcoe2G363700.1.p, Aqcoe2G363100.1.p, Aqcoe2G363100.2.p
OG0001342	VIT_216s0098g01010.1, VIT_202s0025g02780.2, VIT_202s0025g02780.1, VIT_215s0048g02610.1	Aqcoe5G471500.1.p, Aqcoe2G106900.2.p, Aqcoe2G106900.1.p
OG0001343	VIT_214s0030g01660.1, VIT_214s0030g01660.3, VIT_214s0030g01660.4, VIT_214s0030g01660.2, VIT_205s0020g03380.1, VIT_205s0020g03380.2	Aqcoe5G055700.1.p, Aqcoe2G345000.1.p
OG0001344	VIT_208s0040g02790.1, VIT_213s0067g03850.3, VIT_213s0067g03850.4, VIT_213s0067g03850.7, VIT_213s0067g03850.9, VIT_213s0067g03850.2, VIT_213s0067g03850.1, VIT_213s0067g03850.8, VIT_213s0067g03850.6, VIT_213s0067g03850.5	Aqcoe2G172700.1.p, Aqcoe1G478700.1.p, Aqcoe1G478700.2.p, Aqcoe1G478700.3.p
OG0001345	VIT_219s0085g00980.1, VIT_213s0067g01130.1, VIT_208s0105g00450.2, VIT_208s0105g00450.3, VIT_208s0105g00450.1	Aqcoe2G091400.2.p, Aqcoe2G091400.4.p, Aqcoe2G091400.3.p, Aqcoe2G091400.1.p, Aqcoe1G417500.1.p
OG0001346	VIT_214s0060g01960.1	Aqcoe2G299500.1.p
OG0001346	VIT_212s0035g01900.3, VIT_212s0035g01900.6, VIT_212s0035g01900.5, VIT_212s0035g01900.8, VIT_212s0035g01900.9, VIT_212s0035g01900.7, VIT_212s0035g01900.2, VIT_212s0035g01900.1, VIT_212s0035g01900.4	Aqcoe7G442200.1.p, Aqcoe7G101300.1.p
OG0001347	VIT_200s0762g00010.1, VIT_200s0743g00010.1, VIT_200s0762g00030.1, VIT_211s0016g04890.1	Aqcoe2G253700.1.p, Aqcoe2G253700.2.p
OG0001347	VIT_200s0398g00020.1, VIT_200s0262g00180.1, VIT_200s0409g00040.1, VIT_205s0051g00120.2, VIT_205s0051g00120.3, VIT_205s0051g00120.4, VIT_203s0017g01510.1, VIT_205s0051g00120.5, VIT_205s0051g00120.1, VIT_203s0017g01500.1	Aqcoe4G245600.1.p
OG0001347	VIT_200s0286g00020.1, VIT_200s0286g00110.1, VIT_219s0014g04430.1, VIT_219s0014g04490.1, VIT_219s0014g04590.1, VIT_219s0014g04250.1	Aqcoe3G250300.1.p
OG0001348	VIT_208s0058g00440.1, VIT_208s0058g00410.2, VIT_208s0058g00410.1, VIT_208s0058g00430.1	Aqcoe2G084500.1.p
OG0001348	VIT_208s0058g00400.1, VIT_213s0067g01840.1	Aqcoe1G151900.1.p, Aqcoe4G080100.1.p, Aqcoe1G315900.1.p
OG0001349	VIT_214s0036g00750.1, VIT_207s0005g03730.3, VIT_207s0005g03730.1, VIT_207s0005g03730.2, VIT_207s0005g03730.4, VIT_207s0005g03730.5	Aqcoe5G023100.1.p, Aqcoe5G023100.2.p, Aqcoe5G023100.3.p, Aqcoe2G378100.2.p, Aqcoe2G378100.1.p, Aqcoe2G378100.3.p
OG0001350	VIT_205s0051g00660.2, VIT_205s0051g00660.4, VIT_205s0051g00660.3, VIT_205s0051g00660.1	Aqcoe2G389500.2.p, Aqcoe1G265200.1.p, Aqcoe2G389500.1.p
OG0001351	VIT_206s0061g00490.1, VIT_203s0017g01120.3, VIT_203s0017g01120.1, VIT_203s0017g01120.2, VIT_203s0017g01120.4, VIT_203s0017g01120.5	Aqcoe2G205900.6.p, Aqcoe2G205900.1.p, Aqcoe2G205900.4.p, Aqcoe2G205900.3.p, Aqcoe2G205900.5.p, Aqcoe2G205900.2.p
OG0001352	VIT_205s0020g03020.3, VIT_205s0020g03020.5, VIT_205s0020g03020.7, VIT_205s0020g03020.6, VIT_205s0020g03020.4, VIT_205s0020g03020.2, VIT_205s0020g03020.1	Aqcoe2G339500.1.p
OG0001353	VIT_206s0061g01050.2, VIT_206s0061g01050.3, VIT_206s0061g01050.1	Aqcoe2G164500.2.p, Aqcoe2G164500.1.p
OG0001354	VIT_208s0007g08260.1, VIT_208s0007g08260.2, VIT_208s0007g08260.4, VIT_208s0007g08260.3	Aqcoe2G021200.2.p, Aqcoe2G021200.1.p
OG0001355	VIT_207s0255g00110.1, VIT_218s0001g11600.1, VIT_203s0063g01790.1	Aqcoe3G118600.1.p, Aqcoe6G103100.1.p
OG0001356	VIT_200s0194g00170.1	Aqcoe6G158800.1.p, Aqcoe6G158900.1.p, Aqcoe3G161000.1.p
OG0001356	VIT_217s0000g00905.3, VIT_217s0000g00905.1, VIT_217s0000g00905.2	Aqcoe5G346200.1.p
OG0001357	VIT_207s0197g00070.2, VIT_207s0197g00070.1, VIT_203s0063g01070.1	Aqcoe6G096000.1.p, Aqcoe6G096000.2.p
OG0001358	VIT_218s0001g00690.1	Aqcoe6G227400.1.p
OG0001358	VIT_212s0028g00920.2, VIT_212s0028g00920.1, VIT_212s0028g00920.3, VIT_212s0028g00920.4, VIT_212s0028g00930.1	Aqcoe1G178300.1.p
OG0001358	VIT_204s0079g00690.1, VIT_204s0079g00710.1	Aqcoe3G425900.1.p
OG0001359	VIT_218s0001g15580.1, VIT_218s0001g15580.3, VIT_218s0001g15580.4, VIT_218s0001g15580.2	Aqcoe5G238700.3.p, Aqcoe5G238700.2.p, Aqcoe5G238700.4.p, Aqcoe5G238700.1.p
OG0001359	VIT_204s0044g00990.2, VIT_204s0044g00990.3, VIT_204s0044g00990.1	Aqcoe6G027900.2.p, Aqcoe6G027900.4.p, Aqcoe6G027900.3.p, Aqcoe6G027900.1.p
OG0001360	VIT_207s0191g00230.1, VIT_218s0001g06640.1, VIT_203s0017g00670.1	Aqcoe6G075200.1.p
OG0001361	VIT_212s0035g00200.1	Aqcoe6G002000.1.p
OG0001361	VIT_218s0001g00770.4, VIT_218s0001g00770.3, VIT_218s0001g00770.2, VIT_218s0001g00770.1	Aqcoe6G241500.2.p, Aqcoe6G241500.1.p
OG0001362	VIT_218s0001g11800.2, VIT_218s0001g11800.1, VIT_204s0023g01020.2, VIT_204s0023g01020.3, VIT_204s0023g01020.1, VIT_204s0023g01020.4, VIT_204s0023g01020.6, VIT_204s0023g01020.5	Aqcoe5G202000.2.p, Aqcoe5G202000.1.p, Aqcoe6G107900.1.p, Aqcoe6G107900.2.p
OG0001363	VIT_218s0001g05550.1, VIT_218s0001g05550.2, VIT_218s0001g05550.4, VIT_218s0001g05550.3	Aqcoe6G086400.1.p, Aqcoe6G086400.3.p, Aqcoe6G086400.2.p
OG0001363	VIT_212s0142g00110.1	Aqcoe5G220600.4.p, Aqcoe5G220600.1.p, Aqcoe5G220600.2.p, Aqcoe5G220600.3.p
OG0001364	VIT_202s0025g01090.1	Aqcoe7G016300.1.p, Aqcoe7G016400.1.p
OG0001364	VIT_215s0046g01340.1	Aqcoe5G446900.1.p
OG0001364	VIT_213s0019g02270.1	Aqcoe3G177200.1.p, Aqcoe1G099800.1.p
OG0001364	VIT_200s0194g00180.1	Aqcoe4G312900.1.p
OG0001365	VIT_212s0028g03080.3, VIT_212s0028g03080.2, VIT_212s0028g03080.1, VIT_212s0028g03080.4, VIT_210s0003g00290.1	Aqcoe4G078600.1.p
OG0001366	VIT_212s0059g00210.1, VIT_212s0059g00220.1, VIT_212s0059g00230.1, VIT_200s0370g00070.1, VIT_200s0370g00070.4, VIT_200s0370g00070.3, VIT_200s0370g00060.1	Aqcoe4G136000.1.p, Aqcoe4G136100.1.p, Aqcoe4G127900.1.p, Aqcoe4G135900.1.p, Aqcoe4G135800.2.p, Aqcoe4G135800.1.p, Aqcoe4G123600.1.p, Aqcoe4G136400.1.p
OG0001367	VIT_202s0154g00090.1, VIT_216s0022g00670.2, VIT_216s0022g00670.1	Aqcoe4G045200.1.p, Aqcoe5G420100.1.p, Aqcoe5G420100.2.p, Aqcoe5G419600.3.p, Aqcoe0112s0001.1.p, Aqcoe7G078700.2.p, Aqcoe7G078700.1.p
OG0001368	VIT_201s0011g02810.1, VIT_201s0011g02810.2, VIT_201s0011g02810.3, VIT_214s0006g03280.6, VIT_214s0006g03280.3, VIT_214s0006g03280.1, VIT_214s0006g03280.4, VIT_214s0006g03280.2, VIT_214s0006g03280.5	Aqcoe3G079500.1.p, Aqcoe4G191700.1.p, Aqcoe4G192800.1.p
OG0001369	VIT_212s0028g01370.1	Aqcoe4G025500.1.p
OG0001369	VIT_219s0014g00450.1	Aqcoe4G025600.1.p
OG0001370	VIT_219s0014g01360.1	Aqcoe1G225800.1.p, Aqcoe1G225700.1.p, Aqcoe1G270800.1.p, Aqcoe1G225900.1.p, Aqcoe4G057300.1.p, Aqcoe4G057400.1.p
OG0001371	VIT_211s0016g00360.3, VIT_211s0016g00360.2	Aqcoe7G441200.1.p
OG0001371	VIT_209s0002g00380.2, VIT_209s0002g00380.1, VIT_209s0002g00380.3	Aqcoe7G102000.4.p, Aqcoe7G102000.3.p, Aqcoe7G102000.2.p, Aqcoe7G102000.5.p, Aqcoe7G102000.6.p, Aqcoe7G102000.1.p
OG0001372	VIT_211s0016g02890.6, VIT_211s0016g02890.3, VIT_211s0016g02890.4, VIT_211s0016g02890.1, VIT_211s0016g02890.2, VIT_211s0016g02890.5	Aqcoe7G145100.1.p
OG0001372	VIT_202s0488g00050.1, VIT_200s0341g00010.1	Aqcoe3G271200.1.p
OG0001373	VIT_206s0061g00710.1, VIT_208s0007g04790.1, VIT_208s0007g04790.2, VIT_208s0007g04790.4, VIT_208s0007g04790.3	Aqcoe1G127900.1.p
OG0001373	VIT_204s0008g04480.1, VIT_204s0008g04480.2, VIT_204s0008g04480.3	Aqcoe7G395200.2.p, Aqcoe7G395200.4.p, Aqcoe7G395200.3.p, Aqcoe7G395200.1.p
OG0001374	VIT_200s0198g00150.1, VIT_211s0065g00310.2, VIT_211s0065g00310.3, VIT_211s0065g00310.1	Aqcoe7G284000.2.p, Aqcoe7G284000.1.p
OG0001375	VIT_215s0048g02328.1, VIT_216s0022g00690.2, VIT_216s0022g00690.1, VIT_200s2484g00010.1, VIT_202s0154g00020.1	Aqcoe7G078200.1.p, Aqcoe7G078200.2.p
OG0001376	VIT_205s0077g00610.1	Aqcoe3G024600.1.p
OG0001376	VIT_204s0008g02920.2, VIT_204s0008g02920.1	Aqcoe5G084300.1.p
OG0001377	VIT_209s0002g07880.1, VIT_211s0118g00350.1, VIT_209s0002g07880.2, VIT_211s0118g00350.2, VIT_214s0060g01280.2, VIT_214s0060g01280.1, VIT_214s0060g01280.3	Aqcoe7G376400.1.p
OG0001378	VIT_216s0100g00270.1, VIT_215s0048g01080.1	Aqcoe7G050900.1.p
OG0001379	VIT_209s0002g00880.3, VIT_209s0002g00880.2, VIT_209s0002g00880.1, VIT_209s0002g00880.4	Aqcoe7G108600.1.p
OG0001379	VIT_211s0016g00700.4	Aqcoe7G108600.2.p
OG0001380	VIT_211s0052g00850.5, VIT_211s0052g00850.3, VIT_211s0052g00850.4, VIT_211s0052g00850.2, VIT_211s0052g00850.1, VIT_204s0008g02570.1	Aqcoe7G318800.1.p, Aqcoe7G318800.2.p, Aqcoe7G318800.3.p
OG0001381	VIT_211s0016g02820.6, VIT_211s0016g02820.8, VIT_211s0016g02820.12, VIT_211s0016g02820.9, VIT_211s0016g02820.11, VIT_211s0016g02820.5, VIT_211s0016g02820.7, VIT_211s0016g02820.10, VIT_211s0016g02820.3, VIT_211s0016g02820.1, VIT_211s0016g02820.2, VIT_211s0016g02820.4, VIT_204s0008g00585.1	Aqcoe7G143900.1.p
OG0001383	VIT_211s0103g00210.1, VIT_209s0002g08520.1	Aqcoe7G287900.1.p
OG0001384	VIT_202s0025g04550.1, VIT_216s0100g00230.1, VIT_216s0100g00250.1	Aqcoe7G051100.2.p, Aqcoe7G051100.1.p
OG0001385	VIT_215s0021g00080.1, VIT_215s0045g01460.1, VIT_215s0021g00050.2, VIT_215s0021g00050.1, VIT_215s0021g00040.1, VIT_215s0045g01520.1	Aqcoe1G207500.1.p
OG0001386	VIT_206s0009g01840.5, VIT_206s0009g01840.3, VIT_206s0009g01840.2, VIT_206s0009g01840.1, VIT_206s0009g01840.4	Aqcoe1G010800.2.p, Aqcoe1G010800.1.p
OG0001387	VIT_208s0007g07240.3	Aqcoe1G056000.2.p
OG0001387	VIT_206s0004g00500.1, VIT_208s0007g07240.2, VIT_208s0007g07240.1	Aqcoe1G056000.1.p
OG0001388	VIT_219s0090g00280.1, VIT_219s0090g00280.2	Aqcoe1G280600.1.p, Aqcoe1G280600.2.p
OG0001389	VIT_206s0004g02670.1, VIT_206s0004g02670.2, VIT_206s0004g02670.3, VIT_206s0004g02670.4, VIT_208s0040g01770.1, VIT_208s0040g01770.2	Aqcoe1G141400.2.p, Aqcoe1G141400.1.p, Aqcoe1G141400.3.p
OG0001390	VIT_206s0004g06040.1	Aqcoe1G085000.1.p, Aqcoe1G085000.2.p
OG0001390	VIT_208s0007g01810.6, VIT_208s0007g01810.5, VIT_208s0007g01810.3, VIT_208s0007g01810.1, VIT_208s0007g01810.2, VIT_208s0007g01810.4	Aqcoe1G085100.1.p
OG0001391	VIT_201s0150g00170.1, VIT_201s0150g00170.2, VIT_201s0150g00170.3, VIT_217s0000g00130.2, VIT_217s0000g00130.3, VIT_217s0000g00130.1	Aqcoe5G328000.1.p, Aqcoe5G328200.1.p, Aqcoe5G328100.2.p, Aqcoe5G328100.1.p, Aqcoe5G328300.1.p
OG0001392	VIT_202s0025g01630.1	Aqcoe5G459700.1.p
OG0001392	VIT_216s0098g01870.1, VIT_216s0098g01870.5, VIT_216s0098g01870.2, VIT_216s0098g01870.6, VIT_216s0098g01870.7, VIT_216s0098g01870.3, VIT_216s0098g01870.4, VIT_216s0098g01870.8	Aqcoe5G464300.2.p, Aqcoe5G464300.1.p
OG0001393	VIT_205s0020g05060.1, VIT_205s0020g05050.1, VIT_205s0049g00010.1, VIT_205s0049g00050.1	Aqcoe5G033200.1.p
OG0001394	VIT_212s0055g00460.1, VIT_212s0055g00460.2, VIT_218s0072g00630.1	Aqcoe5G249200.2.p, Aqcoe5G249200.1.p
OG0001395	VIT_217s0000g09820.1, VIT_217s0000g09820.2	Aqcoe5G383100.2.p, Aqcoe5G383100.1.p, Aqcoe5G383100.3.p, Aqcoe5G383100.4.p, Aqcoe5G383100.5.p
OG0001396	VIT_201s0010g03810.2, VIT_201s0010g03810.1, VIT_201s0010g03810.3, VIT_201s0010g03810.4	Aqcoe3G198200.1.p, Aqcoe5G353100.4.p, Aqcoe5G353100.3.p, Aqcoe5G353100.5.p, Aqcoe5G353100.1.p, Aqcoe5G353100.2.p
OG0001397	VIT_214s0006g00430.1	Aqcoe3G390300.1.p, Aqcoe3G390300.3.p, Aqcoe3G390300.2.p
OG0001397	VIT_201s0011g02530.1, VIT_201s0011g02530.6, VIT_201s0011g02530.7, VIT_201s0011g02530.8, VIT_201s0011g02530.5, VIT_201s0011g02530.4, VIT_201s0011g02530.2, VIT_201s0011g02530.3, VIT_201s0011g02530.9	Aqcoe3G054300.2.p, Aqcoe3G054300.1.p
OG0001398	VIT_204s0069g01146.1	Aqcoe3G134300.1.p, Aqcoe3G134200.1.p, Aqcoe3G435900.1.p
OG0001399	VIT_201s0011g02320.1, VIT_201s0011g02330.1	Aqcoe3G387000.1.p, Aqcoe3G386900.1.p
OG0001400	VIT_201s0026g00270.2, VIT_201s0026g00270.1	Aqcoe3G114300.1.p, Aqcoe3G299000.1.p
OG0001400	VIT_214s0066g01580.3, VIT_214s0066g01580.4	Aqcoe3G114300.2.p
OG0001401	VIT_215s0021g01160.4, VIT_215s0021g01160.1, VIT_215s0021g01160.3, VIT_215s0021g01160.2	Aqcoe3G245500.1.p
OG0001402	VIT_211s0037g00950.1, VIT_201s0010g00990.1, VIT_214s0083g00580.3, VIT_214s0083g00580.2, VIT_214s0083g00580.1	Aqcoe3G075600.1.p
OG0001403	VIT_214s0006g01980.3, VIT_214s0006g01980.2, VIT_214s0006g01980.4, VIT_214s0006g01980.1, VIT_201s0011g04590.3, VIT_201s0011g04590.4, VIT_201s0011g04590.1, VIT_201s0011g04590.2, VIT_201s0011g04590.6, VIT_201s0011g04590.5, VIT_201s0011g04590.7	Aqcoe3G020600.2.p, Aqcoe3G020600.1.p
OG0001404	VIT_214s0066g01280.1, VIT_214s0066g01280.3, VIT_214s0066g01280.2, VIT_217s0000g08260.3, VIT_217s0000g08260.2, VIT_217s0000g08260.1	Aqcoe3G120300.1.p
OG0001406	VIT_201s0026g01140.2, VIT_201s0026g01140.1, VIT_217s0000g05370.2, VIT_217s0000g05370.1	Aqcoe3G315800.1.p, Aqcoe3G315800.3.p, Aqcoe3G315800.2.p
OG0001419	VIT_207s0151g01040.3, VIT_207s0151g01040.1, VIT_207s0151g01040.4, VIT_207s0151g01040.2, VIT_207s0151g01070.1	Aqcoe4G243000.1.p, Aqcoe5G057100.1.p
OG0001420	VIT_213s0019g01640.1, VIT_213s0019g01640.2, VIT_213s0019g01640.4, VIT_213s0019g01640.3	Aqcoe1G110200.1.p, Aqcoe2G155400.1.p, Aqcoe2G156300.1.p, Aqcoe2G156300.2.p, Aqcoe6G304700.1.p, Aqcoe5G222400.1.p, Aqcoe2G155200.1.p, Aqcoe2G154200.1.p, Aqcoe2G154200.3.p, Aqcoe2G154200.2.p
OG0001422	VIT_206s0004g05120.1	Aqcoe1G104600.3.p, Aqcoe1G104600.4.p, Aqcoe1G104600.2.p, Aqcoe1G104600.1.p, Aqcoe1G104600.5.p, Aqcoe2G226200.1.p
OG0001423	VIT_207s0141g00520.1, VIT_204s0023g00700.3, VIT_204s0023g00700.2, VIT_204s0023g00700.1	Aqcoe2G422500.4.p, Aqcoe2G422500.3.p, Aqcoe2G422500.2.p, Aqcoe2G422500.1.p
OG0001424	VIT_205s0124g00560.1	Aqcoe2G432000.1.p
OG0001424	VIT_200s0207g00080.1, VIT_219s0015g02030.1	Aqcoe2G432000.2.p
OG0001425	VIT_206s0004g01050.1	Aqcoe2G009100.1.p
OG0001425	VIT_213s0156g00100.1	Aqcoe1G004300.1.p
OG0001426	VIT_213s0067g01290.2, VIT_206s0004g06860.1, VIT_213s0067g01290.1	Aqcoe2G088200.1.p
OG0001427	VIT_210s0003g01520.2, VIT_210s0003g01520.1, VIT_212s0028g01800.1, VIT_212s0028g01800.2	Aqcoe1G220600.1.p, Aqcoe1G220900.2.p, Aqcoe2G132400.2.p, Aqcoe2G132400.1.p, Aqcoe1G220900.1.p, Aqcoe3G288600.1.p
OG0001428	VIT_208s0040g01010.1	Aqcoe4G107500.1.p, Aqcoe4G107600.1.p
OG0001428	VIT_205s0020g02630.1	Aqcoe2G331600.1.p
OG0001430	VIT_214s0006g00300.1, VIT_201s0011g05670.2, VIT_201s0011g05670.1, VIT_217s0000g02050.1, VIT_217s0000g02050.2	Aqcoe2G028500.1.p
OG0001431	VIT_208s0007g01850.2, VIT_208s0007g01850.1	Aqcoe1G084300.1.p, Aqcoe1G084300.2.p, Aqcoe1G084300.3.p
OG0001431	VIT_206s0004g06060.1	Aqcoe2G104100.2.p, Aqcoe2G104100.1.p
OG0001432	VIT_213s0064g00780.1, VIT_213s0064g00750.1, VIT_213s0064g00760.1	Aqcoe2G021100.1.p
OG0001432	VIT_208s0007g07760.1, VIT_208s0007g07780.1, VIT_208s0007g07770.1, VIT_208s0007g07750.1, VIT_208s0007g08330.1, VIT_208s0007g08330.2, VIT_208s0007g08330.3	Aqcoe5G448100.1.p
OG0001433	VIT_210s0003g03300.1	Aqcoe1G191200.1.p, Aqcoe1G190700.1.p
OG0001433	VIT_214s0060g00900.1	Aqcoe2G266000.1.p
OG0001434	VIT_205s0124g00390.1	Aqcoe2G018900.2.p, Aqcoe2G018900.1.p
OG0001434	VIT_205s0124g00400.1	Aqcoe7G012900.2.p, Aqcoe7G012900.1.p
OG0001435	VIT_208s0007g00440.2, VIT_208s0007g00440.1	Aqcoe1G110000.1.p
OG0001435	VIT_213s0019g01650.1	Aqcoe2G220000.1.p
OG0001435	VIT_208s0007g04680.1	Aqcoe1G125800.1.p
OG0001437	VIT_205s0020g02490.4, VIT_205s0020g02490.5, VIT_205s0020g02490.6, VIT_205s0020g02490.3, VIT_205s0020g02490.2, VIT_205s0020g02490.1	Aqcoe2G327500.1.p, Aqcoe2G327500.2.p
OG0001438	VIT_205s0062g01370.3, VIT_205s0062g01370.4, VIT_205s0062g01370.2, VIT_205s0062g01370.1	Aqcoe2G422800.1.p
OG0001438	VIT_204s0023g00730.2, VIT_204s0023g00730.3, VIT_204s0023g00730.1	Aqcoe7G223800.1.p
OG0001439	VIT_204s0023g02330.1, VIT_211s0016g05100.1, VIT_209s0002g06460.1	Aqcoe7G390800.1.p, Aqcoe6G171700.1.p, Aqcoe7G275400.1.p
OG0001439	VIT_205s0020g04890.1	Aqcoe5G037700.1.p
OG0001440	VIT_214s0006g02170.2, VIT_214s0006g02170.4, VIT_214s0006g02170.3, VIT_214s0006g02170.1, VIT_214s0006g02170.5	Aqcoe6G269200.1.p, Aqcoe6G269200.3.p, Aqcoe6G269200.2.p, Aqcoe6G269100.2.p, Aqcoe6G269100.1.p, Aqcoe1G124400.2.p, Aqcoe1G124400.1.p, Aqcoe4G243400.1.p, Aqcoe4G217500.1.p
OG0001440	VIT_201s0011g05910.1, VIT_201s0011g05920.1, VIT_201s0011g05900.1, VIT_201s0011g05890.1, VIT_210s0003g03220.1, VIT_201s0011g05890.2, VIT_201s0011g05930.1, VIT_201s0011g05930.3, VIT_201s0011g05930.2, VIT_201s0011g05890.3, VIT_201s0011g05940.1, VIT_217s0000g02880.2, VIT_217s0000g02880.1, VIT_217s0000g02880.3, VIT_217s0000g02870.2, VIT_217s0000g02870.1	Aqcoe4G295400.1.p
OG0001441	VIT_218s0001g05480.1	Aqcoe6G087800.2.p, Aqcoe6G087800.1.p
OG0001442	VIT_218s0001g12160.1, VIT_218s0001g12160.2, VIT_218s0001g12160.3, VIT_216s0013g01770.1, VIT_204s0023g01400.6, VIT_204s0023g01400.2, VIT_204s0023g01400.8, VIT_204s0023g01400.4, VIT_204s0023g01400.7, VIT_204s0023g01400.1, VIT_204s0023g01400.5, VIT_204s0023g01400.3	Aqcoe6G112300.3.p, Aqcoe6G112300.2.p, Aqcoe6G112300.1.p
OG0001443	VIT_200s1312g00010.5, VIT_200s1312g00010.1, VIT_200s1312g00010.2, VIT_200s1312g00010.4, VIT_200s1312g00010.3, VIT_217s0000g03550.3, VIT_217s0000g03550.2, VIT_217s0000g03550.1, VIT_218s0001g08040.1, VIT_218s0001g08040.2, VIT_200s2739g00010.1	Aqcoe6G066900.1.p, Aqcoe6G066900.2.p
OG0001444	VIT_203s0063g00400.1, VIT_203s0063g00410.1, VIT_203s0063g00450.1, VIT_203s0063g00430.1	Aqcoe6G141300.1.p, Aqcoe6G141400.3.p, Aqcoe6G141400.2.p
OG0001445	VIT_213s0067g00100.5, VIT_208s0056g00230.4, VIT_208s0056g00230.3, VIT_213s0067g00100.3, VIT_213s0067g00100.1, VIT_208s0056g00230.2, VIT_208s0056g00230.1, VIT_213s0067g00100.4, VIT_213s0067g00100.2	Aqcoe0017s0002.1.p
OG0001446	VIT_200s0194g00070.2, VIT_200s0194g00070.1, VIT_212s0057g01350.1, VIT_212s0057g01350.3, VIT_212s0057g01350.2	Aqcoe4G302300.2.p, Aqcoe4G302300.1.p, Aqcoe1G378700.1.p
OG0001447	VIT_212s0059g00860.1	Aqcoe4G205100.1.p, Aqcoe4G205000.1.p
OG0001447	VIT_218s0001g13440.1	Aqcoe1G293900.1.p
OG0001448	VIT_219s0014g03740.1, VIT_219s0014g03740.3, VIT_219s0014g03740.2, VIT_212s0057g00200.1, VIT_200s0203g00040.1	Aqcoe4G261300.1.p, Aqcoe4G261100.1.p
OG0001449	VIT_203s0038g04560.1, VIT_213s0147g00060.1	Aqcoe1G443500.1.p, Aqcoe4G194200.1.p
OG0001450	VIT_212s0028g02160.1	Aqcoe4G043800.1.p
OG0001450	VIT_210s0003g01280.1	Aqcoe1G225500.2.p, Aqcoe1G225500.1.p
OG0001451	VIT_205s0020g00450.9, VIT_205s0020g00450.6, VIT_205s0020g00450.10, VIT_205s0020g00450.7, VIT_205s0020g00450.8, VIT_205s0020g00450.4, VIT_205s0020g00450.5, VIT_205s0020g00450.1, VIT_205s0020g00450.2, VIT_205s0020g00450.3	Aqcoe5G297600.1.p, Aqcoe5G297600.11.p, Aqcoe5G297600.7.p, Aqcoe5G297600.6.p, Aqcoe5G297600.9.p, Aqcoe5G297600.5.p, Aqcoe5G297600.4.p, Aqcoe5G297600.2.p, Aqcoe5G297600.8.p, Aqcoe5G297600.12.p, Aqcoe5G297600.10.p, Aqcoe5G297600.3.p, Aqcoe0335s0001.2.p, Aqcoe0009s0001.1.p, Aqcoe4G306100.1.p, Aqcoe0335s0001.1.p, Aqcoe0335s0001.3.p, Aqcoe0335s0001.4.p
OG0001452	VIT_200s0203g00100.1, VIT_200s0203g00100.2	Aqcoe4G263700.1.p, Aqcoe4G263700.2.p
OG0001453	VIT_219s0015g00430.1, VIT_219s0015g00430.2	Aqcoe1G374600.3.p, Aqcoe1G374600.1.p, Aqcoe1G374600.2.p, Aqcoe4G310900.1.p
OG0001454	VIT_219s0014g02490.1, VIT_200s0527g00020.1	Aqcoe1G260600.1.p, Aqcoe4G096300.1.p
OG0001455	VIT_212s0059g00300.2, VIT_212s0059g00300.1, VIT_212s0059g00390.1, VIT_219s0090g01310.4, VIT_219s0090g01310.9, VIT_219s0090g01310.6, VIT_219s0090g01310.8, VIT_219s0090g01310.5, VIT_219s0090g01310.3, VIT_219s0090g01310.2, VIT_219s0090g01310.1	Aqcoe4G285100.2.p, Aqcoe4G285100.1.p
OG0001456	VIT_216s0100g00520.1, VIT_215s0048g01930.1, VIT_202s0025g04380.2, VIT_202s0025g04380.1	Aqcoe7G046200.1.p
OG0001457	VIT_200s0347g00030.1, VIT_200s0203g00210.1	Aqcoe1G384600.1.p, Aqcoe1G384600.2.p, Aqcoe7G312300.1.p
OG0001458	VIT_211s0016g02880.1, VIT_211s0016g02880.3, VIT_211s0016g02880.2, VIT_211s0016g02880.5, VIT_211s0016g02880.4	Aqcoe7G145000.3.p, Aqcoe7G145000.5.p, Aqcoe7G145000.1.p, Aqcoe7G145000.2.p, Aqcoe7G145000.4.p
OG0001459	VIT_211s0016g05460.3, VIT_211s0016g05460.2, VIT_211s0016g05460.1, VIT_204s0008g05480.1	Aqcoe7G386900.1.p
OG0001460	VIT_202s0025g02530.1, VIT_202s0025g02530.4, VIT_202s0025g02530.2, VIT_201s0010g02120.1, VIT_201s0010g01340.1, VIT_202s0025g02530.6, VIT_202s0025g02530.3, VIT_202s0025g02530.5	Aqcoe7G002500.1.p, Aqcoe7G002500.2.p
OG0001460	VIT_216s0098g01220.3, VIT_216s0098g01220.1, VIT_216s0098g01220.2	Aqcoe5G462100.1.p
OG0001461	VIT_202s0025g03400.1, VIT_202s0025g03400.4, VIT_202s0025g03400.2, VIT_202s0025g03400.3, VIT_215s0046g02460.1	Aqcoe7G030800.3.p, Aqcoe7G030800.1.p, Aqcoe7G030800.2.p
OG0001462	VIT_216s0050g01850.1, VIT_216s0050g01850.4, VIT_216s0050g01850.3, VIT_216s0050g01850.2, VIT_216s0050g01850.5, VIT_216s0050g01830.1, VIT_202s0025g00650.1, VIT_202s0025g00650.2	Aqcoe7G020000.1.p
OG0001463	VIT_215s0048g01160.1, VIT_202s0025g04620.1, VIT_202s0025g04620.4, VIT_202s0025g04620.5, VIT_202s0025g04620.2	Aqcoe7G052200.1.p
OG0001464	VIT_214s0108g01200.1, VIT_214s0108g01200.2	Aqcoe7G143500.1.p
OG0001464	VIT_217s0000g06580.2, VIT_217s0000g06580.1, VIT_201s0113g00540.1	Aqcoe3G350500.1.p
OG0001465	VIT_202s0012g00150.2, VIT_202s0012g00150.1	Aqcoe3G248500.1.p, Aqcoe3G248500.4.p, Aqcoe3G248500.3.p, Aqcoe3G248500.2.p
OG0001465	VIT_215s0021g00970.1, VIT_215s0021g00970.2	Aqcoe7G095100.1.p
OG0001466	VIT_208s0007g03810.1	Aqcoe1G456300.1.p
OG0001466	VIT_216s0100g00400.1, VIT_216s0100g00390.1, VIT_202s0025g04440.1	Aqcoe7G048900.1.p, Aqcoe5G426200.1.p
OG0001467	VIT_215s0048g01890.1, VIT_215s0048g01890.3, VIT_215s0048g01890.5, VIT_215s0048g01890.2, VIT_215s0048g01890.4, VIT_215s0048g01890.6	Aqcoe7G047200.2.p, Aqcoe7G047200.1.p
OG0001468	VIT_206s0080g00350.5, VIT_206s0080g00350.4, VIT_206s0080g00350.2, VIT_206s0080g00350.1, VIT_206s0080g00350.3, VIT_213s0147g00210.2, VIT_213s0147g00210.1	Aqcoe1G446400.1.p
OG0001469	VIT_200s0463g00010.1, VIT_200s0592g00025.1, VIT_219s0090g01720.4, VIT_219s0090g01720.5, VIT_219s0090g01720.1, VIT_219s0090g01720.3, VIT_219s0090g01720.2	Aqcoe1G390700.3.p, Aqcoe1G390700.1.p, Aqcoe1G390700.2.p
OG0001470	VIT_213s0106g00440.3, VIT_213s0106g00346.1, VIT_213s0106g00440.2, VIT_213s0106g00440.1, VIT_213s0106g00250.1, VIT_213s0106g00250.2, VIT_213s0106g00250.3, VIT_213s0106g00350.1, VIT_208s0007g03670.1, VIT_208s0007g03670.2	Aqcoe1G450000.1.p
OG0001471	VIT_210s0042g01100.1, VIT_210s0042g01100.2	Aqcoe1G170300.1.p, Aqcoe1G170200.1.p
OG0001471	VIT_210s0042g01120.1, VIT_219s0014g02700.1, VIT_210s0042g01090.1	Aqcoe1G186800.1.p
OG0001472	VIT_219s0014g00090.1, VIT_210s0003g02960.1	Aqcoe1G205500.1.p, Aqcoe1G201900.1.p
OG0001473	VIT_208s0040g01730.1, VIT_208s0040g01730.7, VIT_208s0040g01730.4, VIT_208s0040g01730.3, VIT_208s0040g01730.6, VIT_208s0040g01730.5, VIT_208s0040g01730.2	Aqcoe1G140400.1.p
OG0001474	VIT_208s0007g00720.1	Aqcoe5G129900.1.p
OG0001474	VIT_213s0019g01980.1, VIT_206s0004g05090.1	Aqcoe1G105300.1.p, Aqcoe1G105500.1.p, Aqcoe1G105500.2.p
OG0001475	VIT_214s0081g00700.1	Aqcoe5G030100.1.p
OG0001476	VIT_213s0019g04370.4, VIT_213s0019g04370.2, VIT_213s0019g04370.1, VIT_213s0019g04370.3	Aqcoe1G142900.4.p, Aqcoe1G142900.1.p, Aqcoe1G142900.3.p, Aqcoe1G142900.2.p
OG0001477	VIT_203s0017g01690.4, VIT_203s0017g01690.3, VIT_203s0017g01690.2, VIT_203s0017g01690.1	Aqcoe1G166400.1.p
OG0001478	VIT_206s0061g00730.1, VIT_208s0007g04780.1	Aqcoe1G127700.1.p
OG0001478	VIT_206s0004g04120.1	Aqcoe1G472300.1.p
OG0001479	VIT_200s0992g00030.1, VIT_200s1404g00010.1, VIT_200s0704g00040.1	Aqcoe1G278800.1.p
OG0001480	VIT_206s0009g02640.1, VIT_208s0040g01170.6, VIT_208s0040g01170.2, VIT_208s0040g01170.1, VIT_208s0040g01170.3, VIT_208s0040g01170.4, VIT_208s0040g01170.5	Aqcoe1G048500.3.p, Aqcoe1G048500.2.p, Aqcoe1G048500.1.p
OG0001481	VIT_213s0101g00140.1, VIT_208s0007g06280.2, VIT_208s0007g06280.1, VIT_208s0007g06280.5, VIT_208s0007g06280.4, VIT_208s0007g06280.3	Aqcoe1G017400.1.p
OG0001482	VIT_201s0011g02230.3, VIT_201s0011g02230.1, VIT_201s0011g02230.2, VIT_201s0011g02230.4	Aqcoe1G070500.1.p, Aqcoe3G083100.1.p, Aqcoe1G070500.2.p, Aqcoe1G070500.3.p, Aqcoe3G083100.2.p, Aqcoe3G082100.1.p, Aqcoe5G239200.2.p, Aqcoe5G239200.1.p
OG0001483	VIT_207s0130g00420.1, VIT_207s0130g00420.2	Aqcoe3G119700.1.p, Aqcoe3G119700.2.p, Aqcoe1G199200.1.p
OG0001484	VIT_213s0047g00120.3, VIT_213s0047g00120.1, VIT_213s0047g00120.4, VIT_213s0047g00120.2, VIT_208s0040g00360.1, VIT_208s0040g00360.3, VIT_208s0040g00360.2	Aqcoe1G009000.1.p
OG0001485	VIT_200s0455g00020.1, VIT_219s0015g01380.4, VIT_219s0015g01380.6, VIT_219s0015g01380.3, VIT_219s0015g01380.5, VIT_219s0015g01380.1, VIT_219s0015g01380.2	Aqcoe1G376200.1.p, Aqcoe1G376200.2.p
OG0001486	VIT_201s0137g00730.1, VIT_218s0001g02770.1, VIT_218s0001g02760.1, VIT_214s0128g00520.3, VIT_214s0128g00520.1, VIT_214s0128g00520.4, VIT_214s0128g00520.2, VIT_201s0137g00710.1, VIT_201s0137g00710.2, VIT_201s0137g00720.3, VIT_201s0137g00720.4, VIT_201s0137g00720.2, VIT_201s0137g00720.1	Aqcoe5G396700.2.p, Aqcoe5G396700.1.p, Aqcoe5G396500.1.p
OG0001487	VIT_215s0046g01680.1, VIT_204s0008g01210.1	Aqcoe5G439600.1.p
OG0001488	VIT_205s0094g00530.1	Aqcoe5G438100.1.p, Aqcoe5G438100.2.p
OG0001489	VIT_201s0010g02240.1, VIT_201s0010g02240.4, VIT_201s0010g02240.3, VIT_201s0010g02240.5, VIT_201s0010g02240.2, VIT_201s0010g02240.7, VIT_201s0010g02240.6, VIT_201s0010g02240.8, VIT_201s0010g02240.9, VIT_201s0010g02240.10, VIT_207s0005g05560.1, VIT_214s0219g00090.2, VIT_214s0219g00090.4, VIT_214s0219g00090.1, VIT_214s0219g00090.3	Aqcoe5G379600.2.p, Aqcoe5G379600.1.p
OG0001490	VIT_218s0041g00420.1, VIT_207s0031g03220.1, VIT_207s0031g03220.2	Aqcoe5G299900.1.p
OG0001491	VIT_216s0050g01610.1, VIT_216s0050g01580.1, VIT_216s0050g01680.1, VIT_216s0050g01660.1, VIT_216s0050g01670.1, VIT_216s0050g01600.1, VIT_216s0050g00240.1, VIT_216s0115g00340.1	Aqcoe5G414000.1.p, Aqcoe5G413800.1.p
OG0001492	VIT_216s0098g01020.16, VIT_216s0098g01020.9, VIT_216s0098g01020.14, VIT_216s0098g01020.3, VIT_216s0098g01020.15, VIT_216s0098g01020.4, VIT_216s0098g01020.7, VIT_216s0098g01020.1, VIT_216s0098g01020.13, VIT_216s0098g01020.11, VIT_216s0098g01020.6, VIT_216s0098g01020.5, VIT_216s0098g01020.12, VIT_216s0098g01020.2, VIT_216s0098g01020.10, VIT_216s0098g01020.8	Aqcoe5G470700.1.p
OG0001493	VIT_205s0077g00750.1, VIT_214s0060g01010.1	Aqcoe5G135300.1.p
OG0001494	VIT_201s0010g03370.2, VIT_201s0010g03370.1	Aqcoe5G359600.1.p, Aqcoe3G194600.1.p
OG0001495	VIT_205s0077g02150.1, VIT_205s0077g02190.1	Aqcoe3G426800.1.p, Aqcoe3G426900.1.p
OG0001495	VIT_201s0011g06430.1, VIT_201s0011g06440.1, VIT_201s0011g06460.1, VIT_201s0011g06450.1, VIT_201s0011g06460.3, VIT_201s0011g06460.2	Aqcoe3G310200.1.p, Aqcoe3G310400.1.p, Aqcoe3G310500.1.p
OG0001496	VIT_217s0000g06640.2, VIT_217s0000g06640.4, VIT_217s0000g06640.5, VIT_217s0000g06640.1, VIT_217s0000g06640.3	Aqcoe3G352300.2.p, Aqcoe3G352300.1.p
OG0001497	VIT_217s0000g08360.4, VIT_217s0000g08360.5, VIT_217s0000g08360.3, VIT_217s0000g08360.2, VIT_217s0000g08360.1, VIT_217s0000g08350.1	Aqcoe3G289000.3.p, Aqcoe3G289000.2.p, Aqcoe3G289000.4.p, Aqcoe3G289000.1.p, Aqcoe3G289000.5.p, Aqcoe3G289000.6.p, Aqcoe3G289000.7.p, Aqcoe3G289000.8.p
OG0001498	VIT_217s0000g08130.1, VIT_217s0000g08110.1, VIT_214s0066g01420.1	Aqcoe3G294700.2.p, Aqcoe3G294700.1.p
OG0001499	VIT_217s0000g08150.1, VIT_217s0000g08150.2, VIT_200s0880g00010.1, VIT_200s0479g00020.1, VIT_212s0028g03550.1	Aqcoe3G118500.1.p
OG0001500	VIT_214s0083g00930.4, VIT_214s0083g00930.3, VIT_214s0083g00930.1, VIT_214s0083g00930.2, VIT_201s0010g00540.4, VIT_201s0010g00540.3, VIT_201s0010g00540.2, VIT_201s0010g00540.1	Aqcoe3G068100.1.p, Aqcoe3G068100.2.p
OG0001501	VIT_214s0060g00550.1, VIT_214s0060g00550.2, VIT_201s0127g00260.1, VIT_201s0127g00260.2	Aqcoe3G126400.2.p, Aqcoe3G126400.1.p
OG0001512	VIT_204s0069g00890.2, VIT_204s0069g00890.1, VIT_204s0069g00890.4, VIT_204s0069g00890.5	Aqcoe7G208100.1.p, Aqcoe7G208100.2.p, Aqcoe2G240300.1.p
OG0001513	VIT_219s0085g00440.1	Aqcoe2G051400.3.p, Aqcoe2G051400.2.p, Aqcoe2G051400.1.p, Aqcoe2G049500.1.p, Aqcoe3G431400.1.p
OG0001514	VIT_214s0060g00300.1	Aqcoe2G242700.1.p, Aqcoe2G242500.1.p, Aqcoe0444s0001.1.p, Aqcoe2G242600.1.p, Aqcoe5G287400.1.p, Aqcoe2G242300.1.p, Aqcoe5G152800.1.p, Aqcoe1G495000.1.p
OG0001515	VIT_216s0013g01066.1	Aqcoe2G164000.1.p
OG0001515	VIT_211s0016g02030.1	Aqcoe7G231200.1.p, Aqcoe2G188900.1.p
OG0001516	VIT_201s0011g01680.2, VIT_201s0011g01680.1, VIT_201s0011g01680.5, VIT_201s0011g01680.6, VIT_201s0011g01680.4, VIT_201s0011g01680.3	Aqcoe1G164200.1.p
OG0001516	VIT_206s0061g00270.1	Aqcoe1G137100.1.p, Aqcoe2G143400.1.p
OG0001517	VIT_205s0049g00200.1	Aqcoe2G369900.1.p
OG0001517	VIT_205s0049g00210.2, VIT_205s0049g00210.1, VIT_205s0049g00210.3	Aqcoe5G029600.1.p, Aqcoe2G370000.1.p
OG0001518	VIT_208s0105g00380.1, VIT_208s0105g00380.2, VIT_213s0067g01020.2, VIT_213s0067g01020.1	Aqcoe2G092600.1.p, Aqcoe2G092600.2.p, Aqcoe1G419000.2.p, Aqcoe1G419000.1.p
OG0001519	VIT_213s0067g01780.6, VIT_213s0067g01780.3, VIT_213s0067g01780.9, VIT_213s0067g01780.7, VIT_213s0067g01780.1, VIT_213s0067g01780.2, VIT_213s0067g01780.4, VIT_213s0067g01800.2, VIT_213s0067g01800.4, VIT_213s0067g01800.1, VIT_213s0067g01800.3	Aqcoe2G218600.8.p, Aqcoe2G218600.4.p, Aqcoe2G218600.6.p, Aqcoe2G218600.3.p, Aqcoe2G218600.2.p, Aqcoe2G218600.5.p, Aqcoe2G218600.7.p, Aqcoe2G218600.1.p, Aqcoe1G152400.3.p
OG0001520	VIT_213s0067g03370.1, VIT_213s0019g03230.9, VIT_213s0019g03230.8, VIT_213s0019g03230.6, VIT_213s0019g03230.11, VIT_213s0019g03230.2, VIT_213s0019g03230.3, VIT_213s0019g03230.12, VIT_213s0019g03230.1, VIT_213s0019g03230.4, VIT_213s0019g03230.10, VIT_213s0019g03230.7, VIT_213s0019g03230.5	Aqcoe6G241400.1.p, Aqcoe6G241100.1.p, Aqcoe6G241100.2.p, Aqcoe6G241100.3.p, Aqcoe6G241100.4.p, Aqcoe2G088500.1.p, Aqcoe1G089600.1.p
OG0001521	VIT_205s0020g01650.1, VIT_205s0020g01650.3, VIT_205s0020g01650.2	Aqcoe5G079900.1.p, Aqcoe5G079900.2.p
OG0001521	VIT_207s0104g01460.1	Aqcoe2G307600.2.p, Aqcoe2G307600.1.p
OG0001522	VIT_200s0873g00010.1	Aqcoe6G263900.1.p
OG0001523	VIT_206s0004g01200.1	Aqcoe2G005500.1.p
OG0001523	VIT_217s0000g10010.3, VIT_217s0000g10010.4, VIT_217s0000g10010.1, VIT_217s0000g10010.2	Aqcoe3G129500.1.p
OG0001524	VIT_218s0001g09310.3, VIT_218s0001g09310.2, VIT_218s0001g09310.1	Aqcoe1G096400.1.p, Aqcoe1G097100.1.p, Aqcoe2G339600.2.p, Aqcoe2G339600.1.p, Aqcoe1G096500.1.p
OG0001525	VIT_208s0007g08690.2, VIT_208s0007g08690.1	Aqcoe2G016100.2.p, Aqcoe2G016100.1.p
OG0001526	VIT_210s0003g02650.3, VIT_210s0003g02650.1, VIT_210s0003g02650.2	Aqcoe1G206200.1.p, Aqcoe2G410000.3.p, Aqcoe2G410000.4.p, Aqcoe2G410000.2.p, Aqcoe2G410000.1.p
OG0001527	VIT_206s0080g00740.1, VIT_208s0007g03020.3	Aqcoe1G441400.1.p, Aqcoe2G119800.1.p, Aqcoe3G161200.1.p
OG0001528	VIT_206s0004g01270.1	Aqcoe2G005400.3.p
OG0001528	VIT_213s0156g00210.1	Aqcoe2G005400.1.p, Aqcoe2G005400.2.p
OG0001529	VIT_214s0030g01800.5, VIT_214s0030g01800.4, VIT_214s0030g01800.3, VIT_214s0030g01800.7, VIT_214s0030g01800.6, VIT_214s0030g01800.2, VIT_214s0030g01800.1, VIT_205s0020g03880.1, VIT_205s0020g03880.3, VIT_205s0020g03880.2	Aqcoe2G350600.1.p, Aqcoe2G350600.2.p, Aqcoe2G350600.3.p
OG0001530	VIT_205s0102g00160.1, VIT_205s0102g00160.2	Aqcoe1G014200.1.p, Aqcoe1G494800.1.p, Aqcoe1G014300.1.p
OG0001530	VIT_200s0207g00090.2, VIT_200s0207g00090.1	Aqcoe2G431100.1.p
OG0001531	VIT_206s0009g01600.1, VIT_218s0117g00580.1	Aqcoe2G007200.2.p, Aqcoe2G007200.1.p, Aqcoe2G007200.3.p
OG0001532	VIT_206s0061g01490.2, VIT_206s0061g01490.1, VIT_206s0061g01480.1, VIT_206s0080g00040.1, VIT_208s0007g03710.1, VIT_213s0074g00660.2, VIT_213s0074g00660.1, VIT_213s0074g00700.1, VIT_213s0074g00680.1, VIT_213s0074g00700.2	Aqcoe2G130200.2.p, Aqcoe2G130200.1.p, Aqcoe1G453300.1.p
OG0001533	VIT_205s0077g00920.2, VIT_205s0077g00920.3, VIT_205s0077g00920.1, VIT_205s0077g00920.4, VIT_205s0077g00920.5	Aqcoe2G270600.1.p
OG0001534	VIT_206s0004g00690.2, VIT_206s0004g00690.1, VIT_208s0007g07190.2, VIT_208s0007g07190.1	Aqcoe2G050400.1.p, Aqcoe2G050400.2.p
OG0001535	VIT_213s0067g01550.1, VIT_206s0004g07030.1, VIT_206s0004g07030.2, VIT_206s0004g07030.3	Aqcoe2G085200.1.p
OG0001536	VIT_200s0286g00010.1	Aqcoe4G201200.1.p
OG0001537	VIT_213s0019g02460.2, VIT_213s0019g02460.7, VIT_213s0019g02460.6, VIT_213s0019g02460.5, VIT_213s0019g02460.3, VIT_213s0019g02460.4, VIT_213s0019g02460.1	Aqcoe1G095400.1.p, Aqcoe1G095400.2.p, Aqcoe1G095400.3.p
OG0001537	VIT_208s0007g01320.1	Aqcoe2G233300.1.p
OG0001538	VIT_203s0088g01150.2, VIT_203s0088g01150.1, VIT_203s0088g01150.3, VIT_203s0088g01140.1, VIT_200s0525g00020.1, VIT_218s0001g08550.5, VIT_218s0001g08550.1, VIT_218s0001g08550.3	Aqcoe2G246600.1.p, Aqcoe5G095500.1.p, Aqcoe6G318000.1.p
OG0001539	VIT_215s0024g00240.3, VIT_215s0024g00240.4, VIT_215s0024g00240.2, VIT_215s0024g00240.5, VIT_215s0024g00240.1	Aqcoe2G161900.4.p, Aqcoe2G161900.1.p, Aqcoe2G161900.2.p, Aqcoe2G161900.3.p, Aqcoe5G335100.1.p, Aqcoe4G144800.1.p
OG0001540	VIT_219s0015g01350.1, VIT_219s0015g01350.3, VIT_208s0007g08310.7, VIT_208s0007g08310.2, VIT_208s0007g08310.1, VIT_208s0007g08310.8, VIT_208s0007g08310.9, VIT_208s0007g08310.6, VIT_208s0007g08310.4, VIT_208s0007g08310.3, VIT_208s0007g08310.5	Aqcoe2G020700.1.p, Aqcoe2G020700.3.p, Aqcoe2G020700.4.p, Aqcoe2G020700.2.p
OG0001541	VIT_216s0013g01120.1, VIT_216s0013g00900.1, VIT_216s0013g01030.1, VIT_216s0013g00990.1, VIT_216s0013g00970.1, VIT_216s0013g01064.1, VIT_216s0013g01070.1, VIT_216s0013g01050.1, VIT_216s0013g01060.1, VIT_216s0013g00980.1, VIT_216s0013g00950.1, VIT_216s0013g01090.1, VIT_216s0013g01000.1, VIT_216s0013g01110.1, VIT_216s0013g01080.1	Aqcoe2G363000.1.p, Aqcoe6G224300.1.p, Aqcoe3G269100.1.p
OG0001542	VIT_214s0060g00310.1, VIT_205s0020g01010.1, VIT_205s0020g01000.1, VIT_205s0020g00980.1, VIT_205s0020g01030.1	Aqcoe2G246100.1.p, Aqcoe5G285900.1.p
OG0001543	VIT_203s0038g02980.2, VIT_203s0038g02980.1, VIT_203s0038g03030.1	Aqcoe5G127200.1.p
OG0001544	VIT_200s0983g00010.1, VIT_200s0324g00020.2, VIT_200s0817g00010.1, VIT_200s0324g00020.1, VIT_218s0001g05710.1, VIT_218s0001g05710.4, VIT_218s0001g05710.3, VIT_218s0001g05710.2, VIT_212s0028g00540.1	Aqcoe6G083200.1.p
OG0001545	VIT_218s0001g09210.1, VIT_203s0091g00730.1	Aqcoe6G285100.1.p, Aqcoe6G285000.1.p, Aqcoe5G100400.1.p
OG0001546	VIT_203s0063g01030.2, VIT_203s0063g01030.3, VIT_203s0063g01030.1	Aqcoe5G159900.1.p
OG0001547	VIT_203s0063g01340.1, VIT_203s0063g01180.1, VIT_203s0063g01180.2, VIT_203s0063g01250.2, VIT_203s0063g01280.1, VIT_203s0063g01250.1, VIT_203s0063g01310.1, VIT_203s0063g01330.1, VIT_203s0063g01290.1, VIT_203s0063g01150.1, VIT_203s0063g01210.1, VIT_203s0063g01160.1	Aqcoe6G098400.1.p
OG0001548	VIT_218s0001g08310.1	Aqcoe6G160500.1.p, Aqcoe5G314200.1.p
OG0001549	VIT_200s0665g00040.1	Aqcoe6G085700.1.p
OG0001549	VIT_215s0021g00640.1, VIT_215s0021g00640.3	Aqcoe3G254600.1.p
OG0001550	VIT_213s0047g01180.1	Aqcoe3G225200.5.p, Aqcoe3G225200.15.p, Aqcoe3G225200.18.p, Aqcoe3G225200.20.p, Aqcoe3G225200.19.p, Aqcoe3G225200.2.p, Aqcoe3G225200.4.p, Aqcoe3G225200.1.p, Aqcoe3G225200.9.p, Aqcoe3G225200.7.p, Aqcoe3G225200.8.p, Aqcoe3G225200.13.p, Aqcoe3G225200.11.p, Aqcoe3G225200.17.p, Aqcoe3G225200.16.p, Aqcoe3G225200.14.p, Aqcoe3G225200.10.p, Aqcoe3G225200.6.p, Aqcoe3G225200.12.p, Aqcoe3G225200.3.p, Aqcoe6G009800.5.p, Aqcoe6G009800.8.p, Aqcoe6G009800.2.p, Aqcoe6G009800.3.p, Aqcoe6G009800.7.p, Aqcoe6G009800.1.p, Aqcoe6G009800.4.p, Aqcoe6G009800.6.p
OG0001551	VIT_213s0156g00245.1	Aqcoe3G421500.1.p
OG0001551	VIT_213s0156g00240.1	Aqcoe6G311200.1.p
OG0001552	VIT_203s0038g02570.4, VIT_203s0038g02570.3, VIT_203s0038g02570.1, VIT_203s0038g02570.2	Aqcoe6G215500.2.p, Aqcoe6G215500.1.p, Aqcoe6G215500.3.p
OG0001553	VIT_218s0001g10180.1	Aqcoe6G134500.1.p
OG0001554	VIT_201s0011g02220.1	Aqcoe6G050000.2.p, Aqcoe6G050000.1.p
OG0001555	VIT_204s0023g01440.5, VIT_204s0023g01440.3, VIT_204s0023g01440.6, VIT_204s0023g01440.8, VIT_204s0023g01440.2, VIT_204s0023g01440.1, VIT_204s0023g01440.4, VIT_204s0023g01440.7, VIT_204s0023g01440.10, VIT_204s0023g01440.9	Aqcoe6G113100.14.p, Aqcoe6G113100.2.p, Aqcoe6G113100.8.p, Aqcoe6G113100.1.p, Aqcoe6G113100.9.p, Aqcoe6G113100.3.p, Aqcoe6G113100.12.p, Aqcoe6G113100.7.p, Aqcoe6G113100.19.p, Aqcoe6G113100.20.p, Aqcoe6G113100.18.p, Aqcoe6G113100.16.p, Aqcoe6G113100.17.p, Aqcoe6G113100.15.p, Aqcoe6G113100.10.p, Aqcoe6G113100.4.p, Aqcoe6G113100.5.p, Aqcoe6G113100.11.p, Aqcoe6G113100.6.p, Aqcoe6G113100.13.p
OG0001556	VIT_211s0118g00600.1	Aqcoe7G373100.1.p
OG0001556	VIT_203s0063g02240.1	Aqcoe6G113900.1.p
OG0001556	VIT_215s0048g00580.1	Aqcoe7G079300.1.p
OG0001557	VIT_219s0014g01810.5, VIT_219s0014g01810.3, VIT_219s0014g01810.2, VIT_219s0014g01810.1, VIT_219s0014g01810.4	Aqcoe6G187700.1.p, Aqcoe6G187700.3.p, Aqcoe4G068700.2.p, Aqcoe4G068700.1.p, Aqcoe6G187700.2.p, Aqcoe7G291400.1.p
OG0001558	VIT_213s0064g01150.1	Aqcoe3G116900.2.p, Aqcoe3G116900.4.p, Aqcoe3G116900.1.p, Aqcoe3G116900.3.p
OG0001559	VIT_211s0016g05420.1, VIT_211s0016g05420.3, VIT_211s0016g05420.2	Aqcoe7G387500.1.p, Aqcoe7G387500.4.p, Aqcoe7G387500.3.p, Aqcoe7G387500.2.p
OG0001559	VIT_218s0001g07980.4, VIT_218s0001g07980.2, VIT_218s0001g07980.5, VIT_218s0001g07980.6, VIT_218s0001g07980.1, VIT_218s0001g07980.3	Aqcoe6G068000.1.p
OG0001560	VIT_200s0216g00040.1	Aqcoe4G246700.1.p
OG0001560	VIT_203s0038g01470.1, VIT_218s0001g14280.2, VIT_218s0001g14280.1	Aqcoe5G209200.1.p
OG0001561	VIT_214s0171g00490.3, VIT_214s0171g00490.4, VIT_214s0171g00490.6, VIT_214s0171g00490.9, VIT_214s0171g00490.1, VIT_214s0171g00490.5, VIT_214s0171g00490.8, VIT_214s0171g00490.7, VIT_214s0171g00490.11, VIT_214s0171g00490.12, VIT_214s0171g00490.10, VIT_214s0171g00490.2	Aqcoe4G205600.2.p, Aqcoe4G205600.1.p, Aqcoe4G205600.3.p
OG0001562	VIT_215s0046g01230.2, VIT_215s0046g01230.1	Aqcoe5G447400.1.p
OG0001562	VIT_202s0025g01200.2, VIT_202s0025g01200.4, VIT_202s0025g01200.1, VIT_202s0025g01200.3	Aqcoe7G015500.1.p
OG0001563	VIT_216s0098g01580.2, VIT_202s0025g02140.2, VIT_216s0098g01580.1, VIT_202s0025g02140.1	Aqcoe7G006000.1.p
OG0001563	VIT_214s0060g02340.2, VIT_214s0060g02340.3	Aqcoe3G307400.2.p, Aqcoe3G307400.1.p
OG0001564	VIT_209s0054g01600.1, VIT_201s0010g03690.2, VIT_201s0010g03690.3, VIT_201s0010g03690.1, VIT_211s0065g00160.7, VIT_211s0065g00160.1, VIT_211s0065g00160.3, VIT_211s0065g00160.2, VIT_211s0065g00160.4, VIT_211s0065g00160.8, VIT_211s0065g00160.5, VIT_211s0065g00160.6	Aqcoe7G241300.1.p, Aqcoe7G241300.2.p
OG0001565	VIT_200s0179g00110.1, VIT_200s0179g00140.1, VIT_200s0179g00140.2	Aqcoe7G365600.1.p
OG0001566	VIT_204s0008g01110.4, VIT_204s0008g01110.3, VIT_204s0008g01110.2, VIT_204s0008g01110.1	Aqcoe7G125300.5.p, Aqcoe7G125300.1.p, Aqcoe7G125300.9.p, Aqcoe7G125300.7.p, Aqcoe7G125300.3.p, Aqcoe7G125300.2.p, Aqcoe7G125300.6.p, Aqcoe7G125300.8.p, Aqcoe7G125300.4.p
OG0001567	VIT_204s0044g01560.1, VIT_204s0044g01560.5, VIT_204s0044g01560.4, VIT_204s0044g01560.3, VIT_204s0044g01560.2, VIT_218s0001g01680.3, VIT_218s0001g01680.2, VIT_218s0001g01680.1	Aqcoe5G264200.1.p, Aqcoe5G264200.2.p
OG0001568	VIT_202s0025g03370.1, VIT_216s0050g00770.6, VIT_216s0050g00770.5, VIT_216s0050g00770.7, VIT_216s0050g00770.2, VIT_216s0050g00770.3, VIT_216s0050g00770.4, VIT_216s0050g00770.1	Aqcoe7G030000.2.p, Aqcoe7G030000.1.p
OG0001569	VIT_209s0002g03360.1, VIT_211s0016g03030.3, VIT_211s0016g03030.1, VIT_211s0016g03030.2	Aqcoe7G147100.4.p, Aqcoe7G147100.5.p, Aqcoe7G147100.7.p, Aqcoe7G147100.6.p, Aqcoe7G147100.1.p, Aqcoe7G147100.2.p, Aqcoe7G147100.3.p
OG0001570	VIT_201s0010g01850.2, VIT_201s0010g01850.1, VIT_201s0010g01850.3, VIT_201s0010g01830.1	Aqcoe3G246200.3.p, Aqcoe3G246200.2.p, Aqcoe3G246200.4.p, Aqcoe3G246200.1.p, Aqcoe3G246200.5.p, Aqcoe7G083500.1.p, Aqcoe7G083500.2.p, Aqcoe7G083500.3.p
OG0001571	VIT_209s0002g04860.7, VIT_209s0002g04860.8, VIT_209s0002g04860.6, VIT_209s0002g04860.5, VIT_209s0002g04860.10, VIT_209s0002g04860.2, VIT_209s0002g04860.1, VIT_209s0002g04860.4, VIT_209s0002g04860.3, VIT_209s0002g04860.9, VIT_211s0016g04210.3, VIT_211s0016g04210.4, VIT_211s0016g04210.1, VIT_211s0016g04210.2, VIT_211s0016g04210.5	Aqcoe7G190000.1.p, Aqcoe7G190000.2.p, Aqcoe7G190000.3.p
OG0001572	VIT_211s0016g05580.2, VIT_211s0016g05580.5, VIT_211s0016g05580.1, VIT_211s0016g05580.4, VIT_211s0016g05580.3, VIT_209s0002g06870.1, VIT_209s0002g06870.2	Aqcoe7G386200.1.p, Aqcoe7G386200.2.p, Aqcoe7G386200.3.p, Aqcoe7G386200.4.p
OG0001572	VIT_206s0080g01270.1	Aqcoe1G075100.1.p
OG0001573	VIT_202s0241g00120.1, VIT_215s0048g00680.2, VIT_215s0048g00680.1	Aqcoe7G071700.1.p
OG0001574	VIT_206s0004g03130.1	Aqcoe1G494900.1.p
OG0001575	VIT_203s0091g00870.3	Aqcoe5G101800.1.p
OG0001575	VIT_208s0007g07370.2, VIT_208s0007g07370.1	Aqcoe1G058300.1.p
OG0001576	VIT_202s0025g02900.1, VIT_215s0048g02520.3, VIT_215s0048g02520.1, VIT_215s0048g02520.2, VIT_215s0048g02520.4	Aqcoe1G364400.1.p
OG0001576	VIT_206s0004g05540.1	Aqcoe1G095300.1.p, Aqcoe1G095300.2.p, Aqcoe1G095300.3.p
OG0001577	VIT_206s0004g03620.1	Aqcoe1G484900.1.p
OG0001577	VIT_202s0025g00270.1	Aqcoe5G433800.1.p
OG0001578	VIT_208s0032g00920.4, VIT_208s0032g00920.6, VIT_208s0032g00920.2, VIT_208s0032g00920.3, VIT_208s0032g00920.1, VIT_208s0032g00920.7, VIT_208s0032g00920.5, VIT_206s0009g01000.1, VIT_206s0009g01000.2, VIT_206s0009g01000.3	Aqcoe1G072600.2.p, Aqcoe1G072600.1.p, Aqcoe1G072600.3.p
OG0001579	VIT_210s0042g01326.2, VIT_210s0042g01326.1, VIT_210s0042g01360.1, VIT_212s0028g01000.1	Aqcoe1G166100.1.p
OG0001580	VIT_208s0007g04370.1, VIT_208s0007g04370.2, VIT_208s0007g04370.3	Aqcoe1G119700.1.p, Aqcoe1G119700.2.p, Aqcoe1G119800.1.p
OG0001581	VIT_212s0059g02500.1	Aqcoe1G365500.1.p
OG0001582	VIT_212s0028g00050.2, VIT_212s0028g00050.5, VIT_212s0028g00050.4, VIT_212s0028g00050.3, VIT_212s0028g00050.1, VIT_210s0003g02720.2, VIT_210s0003g02720.3, VIT_210s0003g02720.1	Aqcoe1G203900.1.p, Aqcoe1G203900.3.p, Aqcoe1G203900.2.p
OG0001583	VIT_208s0032g00790.4, VIT_208s0032g00790.2, VIT_208s0032g00790.3, VIT_208s0032g00790.1	Aqcoe1G073500.3.p, Aqcoe1G073500.4.p, Aqcoe1G073500.1.p, Aqcoe1G073500.2.p
OG0001584	VIT_206s0004g04140.2, VIT_206s0004g04140.4, VIT_206s0004g04140.5, VIT_206s0004g04140.3, VIT_206s0004g04140.6, VIT_206s0004g04140.1	Aqcoe1G472000.1.p
OG0001585	VIT_201s0011g01870.2, VIT_201s0011g01870.1, VIT_201s0011g01870.3, VIT_201s0011g01870.4, VIT_219s0027g00520.5, VIT_219s0027g00520.1, VIT_219s0027g00520.2, VIT_219s0027g00520.6, VIT_219s0027g00520.3, VIT_219s0027g00520.4	Aqcoe1G165400.1.p, Aqcoe1G165400.6.p, Aqcoe1G165400.4.p, Aqcoe1G165400.2.p, Aqcoe1G165400.3.p, Aqcoe1G165400.5.p
OG0001586	VIT_208s0007g03060.1	Aqcoe1G439700.1.p
OG0001588	VIT_218s0001g08370.2, VIT_218s0001g08370.1, VIT_218s0001g08370.3	Aqcoe5G096600.2.p, Aqcoe5G096600.1.p, Aqcoe5G096600.3.p, Aqcoe5G096600.5.p, Aqcoe5G096600.4.p
OG0001589	VIT_218s0072g00440.2, VIT_218s0072g00440.9, VIT_218s0072g00440.8, VIT_218s0072g00440.6, VIT_218s0072g00440.10, VIT_218s0072g00440.4, VIT_218s0072g00440.7, VIT_218s0072g00440.5, VIT_218s0072g00440.3, VIT_218s0072g00440.1	Aqcoe5G250800.1.p
OG0001590	VIT_214s0171g00410.1, VIT_214s0171g00410.3, VIT_214s0171g00410.2	Aqcoe5G374400.2.p, Aqcoe5G374400.1.p
OG0001590	VIT_201s0010g02480.3, VIT_201s0010g02480.1, VIT_201s0010g02480.2	Aqcoe3G187500.1.p
OG0001591	VIT_218s0075g00710.1, VIT_218s0075g00790.1	Aqcoe5G099000.1.p
OG0001592	VIT_214s0060g00630.3, VIT_214s0060g00630.2, VIT_214s0060g00630.1, VIT_214s0060g00630.5, VIT_214s0060g00630.4, VIT_201s0127g00380.1, VIT_201s0127g00380.2	Aqcoe5G297500.1.p, Aqcoe5G297500.2.p
OG0001593	VIT_214s0066g00350.2, VIT_214s0066g00350.1	Aqcoe3G142000.1.p, Aqcoe5G398400.1.p
OG0001594	VIT_215s0046g00740.5, VIT_215s0046g00740.6, VIT_215s0046g00740.3, VIT_215s0046g00740.2, VIT_215s0046g00740.4, VIT_215s0046g00740.1	Aqcoe5G460400.1.p, Aqcoe5G460400.3.p, Aqcoe5G460400.2.p
OG0001595	VIT_216s0013g00260.2, VIT_216s0013g00260.1, VIT_216s0013g00260.3, VIT_216s0013g00260.4, VIT_216s0013g00260.5	Aqcoe3G264600.1.p
OG0001596	VIT_204s0079g00280.2, VIT_204s0079g00280.3, VIT_204s0079g00280.1	Aqcoe3G424500.1.p, Aqcoe3G424500.2.p
OG0001596	VIT_217s0053g00740.1	Aqcoe3G424400.1.p
OG0001597	VIT_217s0000g03690.1	Aqcoe3G038800.1.p, Aqcoe3G038900.1.p
OG0001598	VIT_202s0012g01030.1	Aqcoe3G235700.2.p, Aqcoe3G235700.3.p, Aqcoe3G235700.1.p
OG0001599	VIT_201s0011g06190.2, VIT_201s0011g06190.3, VIT_201s0011g06190.1	Aqcoe3G409100.1.p, Aqcoe3G409100.2.p
OG0001600	VIT_214s0108g01360.3, VIT_214s0108g01360.1, VIT_214s0108g01360.2, VIT_201s0011g00910.5, VIT_201s0011g00910.4, VIT_201s0011g00910.2, VIT_201s0011g00910.3, VIT_201s0011g00910.1	Aqcoe3G356700.1.p, Aqcoe3G056700.1.p
OG0001601	VIT_201s0127g00700.1	Aqcoe3G122100.1.p
OG0001601	VIT_217s0000g08380.1, VIT_214s0066g01190.1	Aqcoe3G290000.1.p
OG0001602	VIT_217s0000g05470.1, VIT_217s0000g05460.1	Aqcoe3G321200.1.p
OG0001603	VIT_218s0041g02320.1, VIT_214s0030g00890.1, VIT_201s0011g04090.2, VIT_201s0011g04090.4, VIT_201s0011g04090.3, VIT_201s0011g04090.1, VIT_217s0000g03200.1, VIT_217s0000g03200.3, VIT_217s0000g03200.2	Aqcoe3G410300.2.p, Aqcoe3G410300.1.p
OG0001604	VIT_202s0012g01960.5, VIT_202s0012g01960.3, VIT_202s0012g01960.4, VIT_202s0012g01960.2, VIT_202s0012g01960.1, VIT_216s0039g01890.1	Aqcoe3G169600.1.p
OG0001616	VIT_213s0067g00110.3, VIT_213s0067g00110.4, VIT_213s0067g00110.5, VIT_213s0067g00110.2, VIT_213s0067g00110.1	Aqcoe2G185800.1.p
OG0001616	VIT_215s0021g01060.1, VIT_215s0021g01060.2, VIT_215s0021g01060.3, VIT_215s0021g01040.1, VIT_215s0021g01110.1	Aqcoe2G060500.2.p, Aqcoe2G060500.1.p
OG0001617	VIT_204s0043g00840.3, VIT_204s0043g00840.1, VIT_204s0043g00840.2, VIT_200s0524g00030.1, VIT_200s0524g00010.1	Aqcoe2G410100.1.p, Aqcoe2G410100.2.p
OG0001618	VIT_206s0004g04090.1, VIT_206s0004g04090.2, VIT_213s0019g00250.1, VIT_208s0040g02630.2, VIT_208s0040g02630.1	Aqcoe7G302600.1.p, Aqcoe2G177200.1.p, Aqcoe1G473400.1.p
OG0001619	VIT_204s0008g01560.1, VIT_204s0008g01580.1, VIT_204s0008g01520.1, VIT_204s0008g01550.1, VIT_204s0008g01570.1, VIT_204s0008g01510.1, VIT_204s0008g01490.1, VIT_204s0008g01500.1, VIT_204s0008g01590.1	Aqcoe1G416800.1.p, Aqcoe7G117700.1.p, Aqcoe2G117700.1.p, Aqcoe7G118400.1.p, Aqcoe7G118100.1.p
OG0001620	VIT_201s0146g00060.3, VIT_201s0146g00060.5, VIT_201s0146g00060.4, VIT_201s0146g00060.2, VIT_201s0146g00060.1	Aqcoe5G349100.1.p, Aqcoe2G263000.1.p, Aqcoe2G263000.2.p
OG0001620	VIT_212s0057g00940.1, VIT_212s0057g00940.2, VIT_212s0057g00940.7, VIT_212s0057g00940.4	Aqcoe4G313000.1.p
OG0001621	VIT_213s0064g01030.1	Aqcoe1G021300.1.p, Aqcoe2G013900.1.p
OG0001621	VIT_206s0004g01930.3, VIT_206s0004g01930.2, VIT_206s0004g01930.1, VIT_206s0004g01930.4	Aqcoe5G306900.1.p
OG0001622	VIT_212s0057g00310.4, VIT_212s0057g00310.3, VIT_212s0057g00310.1, VIT_212s0057g00310.2	Aqcoe2G341400.1.p, Aqcoe2G341400.3.p, Aqcoe2G341400.2.p, Aqcoe3G271000.1.p
OG0001623	VIT_216s0050g00610.2, VIT_216s0050g00610.1	Aqcoe1G463000.1.p, Aqcoe1G463000.2.p, Aqcoe2G206100.1.p, Aqcoe3G141000.1.p
OG0001624	VIT_211s0118g00680.1, VIT_204s0008g06220.1	Aqcoe3G365100.1.p, Aqcoe7G372500.1.p, Aqcoe2G202600.1.p, Aqcoe6G162000.1.p
OG0001625	VIT_208s0007g03200.1, VIT_208s0007g03200.2, VIT_208s0007g03200.6, VIT_208s0007g03200.5, VIT_208s0007g03200.3, VIT_208s0007g03200.4, VIT_206s0080g00470.3, VIT_206s0080g00470.2, VIT_206s0080g00470.4, VIT_206s0080g00470.1	Aqcoe1G443900.1.p, Aqcoe1G443900.2.p, Aqcoe2G124000.1.p, Aqcoe2G124000.3.p, Aqcoe2G124000.2.p
OG0001626	VIT_206s0004g00830.3, VIT_206s0004g00830.4	Aqcoe1G050400.5.p
OG0001626	VIT_213s0156g00060.1	Aqcoe2G053900.1.p
OG0001626	VIT_213s0156g00060.2, VIT_206s0004g00830.1	Aqcoe1G050400.1.p
OG0001627	VIT_208s0007g04700.3, VIT_208s0007g04700.4, VIT_208s0007g04700.1, VIT_208s0007g04700.6, VIT_208s0007g04700.2, VIT_208s0007g04700.5	Aqcoe2G213000.3.p, Aqcoe2G213000.2.p, Aqcoe2G213000.1.p
OG0001628	VIT_205s0020g00730.3, VIT_205s0020g00730.1, VIT_205s0020g00730.2	Aqcoe5G293400.1.p
OG0001628	VIT_214s0060g00460.2, VIT_214s0060g00460.1	Aqcoe2G252000.2.p, Aqcoe2G252000.1.p
OG0001629	VIT_216s0098g01560.1	Aqcoe5G465600.1.p
OG0001629	VIT_213s0019g01180.1, VIT_213s0019g01180.2	Aqcoe1G460300.1.p
OG0001629	VIT_206s0004g04750.1	Aqcoe2G150500.1.p
OG0001631	VIT_207s0005g06350.1	Aqcoe2G189400.1.p
OG0001631	VIT_200s2608g00010.1	Aqcoe2G201000.1.p, Aqcoe6G264300.1.p, Aqcoe3G240300.1.p, Aqcoe6G254300.1.p
OG0001632	VIT_213s0019g04010.1, VIT_213s0019g04010.3, VIT_213s0019g04010.2	Aqcoe2G145200.2.p, Aqcoe2G145200.1.p
OG0001633	VIT_218s0001g10150.1	Aqcoe5G145500.1.p
OG0001634	VIT_212s0035g01100.2, VIT_212s0035g01100.1	Aqcoe6G012600.2.p, Aqcoe6G012600.1.p
OG0001634	VIT_206s0004g08290.1, VIT_208s0056g00510.1	Aqcoe1G498300.2.p, Aqcoe1G498300.1.p
OG0001635	VIT_218s0001g11355.1	Aqcoe6G028700.1.p, Aqcoe6G157400.1.p, Aqcoe6G028500.1.p, Aqcoe6G028600.1.p, Aqcoe6G028800.1.p
OG0001636	VIT_208s0007g03210.1, VIT_208s0007g03210.4, VIT_208s0007g03210.3, VIT_208s0007g03210.2	Aqcoe6G181300.1.p
OG0001637	VIT_218s0001g11300.1	Aqcoe5G172100.1.p, Aqcoe6G098900.1.p
OG0001637	VIT_203s0038g03540.3, VIT_203s0038g03540.1, VIT_203s0038g03540.2	Aqcoe6G197400.1.p
OG0001638	VIT_212s0034g01790.2, VIT_212s0034g01790.5, VIT_212s0034g01790.4, VIT_212s0034g01790.1, VIT_212s0034g01790.3	Aqcoe6G020500.1.p
OG0001639	VIT_206s0004g08050.2, VIT_206s0004g08050.3, VIT_206s0004g08050.1, VIT_206s0004g08050.4, VIT_206s0004g08050.6, VIT_206s0004g08050.7, VIT_206s0004g08050.5	Aqcoe1G402600.4.p, Aqcoe1G402600.3.p, Aqcoe1G402600.1.p, Aqcoe1G402600.2.p, Aqcoe6G133300.1.p, Aqcoe6G133300.3.p, Aqcoe6G133300.2.p
OG0001640	VIT_218s0001g08490.2, VIT_218s0001g08490.1, VIT_218s0001g08490.5, VIT_218s0001g08490.3, VIT_218s0001g08490.4	Aqcoe7G150700.4.p, Aqcoe7G150700.3.p, Aqcoe7G150700.1.p, Aqcoe7G150700.2.p, Aqcoe6G315200.2.p, Aqcoe6G315200.1.p
OG0001641	VIT_200s0264g00030.1, VIT_200s0264g00030.3	Aqcoe6G235200.1.p
OG0001641	VIT_219s0090g00460.1	Aqcoe1G234800.1.p
OG0001642	VIT_207s0141g00250.1	Aqcoe6G084800.1.p
OG0001643	VIT_214s0006g01090.3, VIT_214s0006g01090.2	Aqcoe3G007000.4.p
OG0001643	VIT_200s0601g00030.4	Aqcoe6G277900.1.p
OG0001643	VIT_203s0091g00970.1	Aqcoe3G057600.1.p
OG0001644	VIT_211s0037g00750.1, VIT_211s0037g00750.3, VIT_211s0037g00750.2	Aqcoe7G187700.1.p, Aqcoe6G282900.1.p, Aqcoe6G282900.2.p
OG0001645	VIT_212s0059g01130.1	Aqcoe4G222600.1.p, Aqcoe4G222600.2.p, Aqcoe4G013600.1.p, Aqcoe4G222700.3.p, Aqcoe4G222700.1.p, Aqcoe4G222700.2.p, Aqcoe5G213600.1.p
OG0001645	VIT_210s0116g00920.1	Aqcoe1G344600.1.p
OG0001646	VIT_207s0104g00200.4, VIT_207s0104g00200.2, VIT_207s0104g00200.7, VIT_207s0104g00200.6, VIT_207s0104g00200.5, VIT_207s0104g00200.1, VIT_207s0104g00200.3	Aqcoe5G061500.1.p, Aqcoe0153s0002.1.p, Aqcoe0153s0002.2.p, Aqcoe0084s0002.1.p, Aqcoe0153s0002.4.p, Aqcoe4G039800.2.p, Aqcoe0153s0002.3.p, Aqcoe4G039800.1.p
OG0001647	VIT_215s0048g02740.3, VIT_215s0048g02740.2, VIT_215s0048g02740.1, VIT_215s0048g02740.4	Aqcoe7G001200.1.p
OG0001647	VIT_210s0003g04020.5, VIT_210s0003g04020.6, VIT_210s0003g04020.4, VIT_210s0003g04020.1, VIT_210s0003g04020.2, VIT_210s0003g04020.7, VIT_210s0003g04020.3	Aqcoe4G008700.1.p
OG0001648	VIT_200s0186g00020.1, VIT_200s0186g00080.1, VIT_200s0186g00020.2, VIT_200s0186g00080.2, VIT_212s0059g01310.1, VIT_212s0059g01310.2	Aqcoe1G339100.1.p, Aqcoe5G001400.1.p
OG0001649	VIT_213s0019g04860.6, VIT_213s0019g04860.5, VIT_213s0019g04860.4, VIT_213s0019g04860.1, VIT_213s0019g04860.2, VIT_213s0019g04860.8, VIT_213s0019g04860.7, VIT_213s0019g04860.3	Aqcoe1740s0001.1.p, Aqcoe4G160100.1.p, Aqcoe4G160800.2.p, Aqcoe4G160800.1.p, Aqcoe5G469600.2.p, Aqcoe5G469600.1.p
OG0001650	VIT_207s0141g00870.1, VIT_207s0141g00840.1, VIT_207s0141g00930.1, VIT_202s0087g01010.1, VIT_212s0059g02600.1, VIT_212s0059g02590.1, VIT_212s0059g02620.1, VIT_212s0059g02580.1	Aqcoe4G246600.1.p, Aqcoe4G246800.1.p, Aqcoe1G075400.1.p
OG0001651	VIT_210s0116g00400.1, VIT_219s0015g00760.2, VIT_219s0015g00760.3, VIT_219s0015g00760.1, VIT_219s0015g00760.4, VIT_219s0015g00760.5, VIT_219s0015g00760.6	Aqcoe4G304700.2.p, Aqcoe4G304700.1.p
OG0001652	VIT_212s0057g00420.1, VIT_212s0057g00420.3, VIT_212s0057g00420.2, VIT_210s0405g00040.3, VIT_210s0405g00040.2, VIT_210s0405g00040.1	Aqcoe1G392000.1.p, Aqcoe1G392000.2.p
OG0001653	VIT_216s0013g01355.1	Aqcoe4G228800.2.p, Aqcoe4G228800.1.p
OG0001654	VIT_217s0000g07520.2, VIT_217s0000g07520.1	Aqcoe7G331300.1.p
OG0001654	VIT_208s0058g01440.1	Aqcoe1G500900.1.p
OG0001655	VIT_202s0025g04150.2, VIT_202s0025g04150.3, VIT_202s0025g04150.1, VIT_215s0048g02030.1	Aqcoe7G044200.1.p
OG0001656	VIT_211s0016g00490.2, VIT_211s0016g00490.1, VIT_211s0016g00490.3	Aqcoe7G105700.2.p, Aqcoe7G105700.5.p, Aqcoe7G105700.4.p, Aqcoe7G105700.3.p, Aqcoe7G105700.10.p, Aqcoe7G105700.9.p, Aqcoe7G105700.12.p, Aqcoe7G105700.11.p, Aqcoe7G105700.6.p, Aqcoe7G105700.7.p, Aqcoe7G105700.8.p, Aqcoe7G105700.1.p
OG0001657	VIT_202s0025g03620.2, VIT_202s0025g03620.1	Aqcoe7G036500.1.p, Aqcoe7G036700.1.p, Aqcoe7G036700.2.p, Aqcoe7G036800.1.p, Aqcoe7G036800.2.p
OG0001658	VIT_209s0070g00060.1, VIT_204s0008g05850.2, VIT_204s0008g05850.1, VIT_211s0037g00100.1	Aqcoe7G315000.1.p
OG0001659	VIT_202s0241g00080.1	Aqcoe7G070700.2.p, Aqcoe7G070700.1.p
OG0001660	VIT_211s0037g00080.1, VIT_211s0037g00080.2, VIT_211s0037g00080.3	Aqcoe7G258500.1.p, Aqcoe7G314900.1.p
OG0001661	VIT_204s0008g05900.1, VIT_204s0008g05900.3, VIT_204s0008g05900.2, VIT_204s0008g05900.4, VIT_211s0052g01160.1, VIT_211s0206g00060.2, VIT_211s0206g00060.1	Aqcoe7G362900.2.p, Aqcoe7G362900.1.p
OG0001662	VIT_204s0069g00870.1	Aqcoe7G302500.3.p, Aqcoe7G302500.1.p, Aqcoe7G302500.2.p
OG0001663	VIT_204s0008g01460.5, VIT_204s0008g01460.4, VIT_204s0008g01460.2, VIT_204s0008g01460.3, VIT_204s0008g01460.6, VIT_204s0008g01460.1, VIT_204s0008g01460.7, VIT_211s0016g01690.3, VIT_211s0016g01690.1, VIT_211s0016g01690.2	Aqcoe7G118500.1.p
OG0001664	VIT_216s0022g02240.1, VIT_216s0022g02240.2, VIT_216s0022g02270.2, VIT_216s0022g02270.1, VIT_216s0022g02270.3, VIT_216s0022g02250.1	Aqcoe7G055800.1.p, Aqcoe5G421600.1.p, Aqcoe5G421800.1.p
OG0001665	VIT_213s0067g03550.2, VIT_213s0067g03550.3, VIT_213s0067g03550.1	Aqcoe7G394600.2.p, Aqcoe7G394600.1.p
OG0001666	VIT_216s0050g00600.1	Aqcoe7G033900.10.p, Aqcoe7G033900.11.p, Aqcoe7G033900.8.p, Aqcoe7G033900.1.p, Aqcoe7G033900.7.p, Aqcoe7G033900.4.p, Aqcoe7G033900.3.p, Aqcoe7G033900.12.p, Aqcoe7G033900.9.p, Aqcoe7G033900.13.p, Aqcoe7G033900.5.p, Aqcoe7G033900.6.p, Aqcoe7G033900.2.p, Aqcoe7G033900.14.p
OG0001667	VIT_215s0046g02530.1, VIT_215s0046g02530.3, VIT_215s0046g02530.4, VIT_215s0046g02530.2	Aqcoe7G032500.1.p, Aqcoe7G032500.2.p, Aqcoe7G032700.1.p
OG0001668	VIT_209s0002g00960.2, VIT_209s0002g00960.1, VIT_211s0016g00810.4, VIT_211s0016g00810.3, VIT_211s0016g00810.5, VIT_211s0016g00810.1, VIT_211s0016g00810.2	Aqcoe7G109500.1.p, Aqcoe7G109500.2.p
OG0001669	VIT_205s0077g01790.2, VIT_205s0077g01790.1	Aqcoe5G093900.1.p, Aqcoe5G093900.2.p, Aqcoe5G093900.3.p
OG0001669	VIT_209s0002g00990.2, VIT_209s0002g00990.1	Aqcoe7G432900.1.p, Aqcoe7G432900.2.p
OG0001670	VIT_213s0019g04610.2, VIT_213s0019g04610.1, VIT_213s0019g04610.3, VIT_208s0040g01580.1	Aqcoe1G137400.1.p, Aqcoe1G137400.2.p
OG0001671	VIT_210s0003g00080.4, VIT_210s0003g00080.1, VIT_210s0003g00080.2, VIT_210s0003g00080.3, VIT_210s0003g00080.5, VIT_212s0028g03340.2, VIT_212s0028g03340.1	Aqcoe1G257800.1.p
OG0001672	VIT_212s0028g00400.5, VIT_212s0028g00400.4, VIT_212s0028g00400.1, VIT_212s0028g00400.3, VIT_212s0028g00400.2	Aqcoe1G199000.3.p, Aqcoe1G199000.2.p, Aqcoe1G199000.1.p
OG0001673	VIT_207s0005g01000.3, VIT_207s0005g01000.2, VIT_207s0005g01000.5, VIT_207s0005g01000.8, VIT_207s0005g01000.9, VIT_207s0005g01000.7, VIT_207s0005g01000.4, VIT_207s0005g01000.6, VIT_207s0005g01000.1, VIT_214s0060g01540.2, VIT_214s0060g01540.1	Aqcoe1G029200.1.p, Aqcoe1G029200.2.p
OG0001674	VIT_208s0040g01230.1, VIT_208s0040g01220.1, VIT_208s0040g01220.3, VIT_208s0040g01220.2	Aqcoe1G048900.1.p
OG0001674	VIT_217s0000g02420.1, VIT_217s0000g02420.3, VIT_217s0000g02420.2	Aqcoe3G003200.1.p
OG0001675	VIT_213s0073g00170.1, VIT_213s0073g00170.2, VIT_213s0073g00170.3, VIT_213s0073g00170.4, VIT_208s0007g02340.1	Aqcoe1G081400.1.p
OG0001676	VIT_215s0021g01420.1, VIT_215s0021g01420.2, VIT_200s0620g00020.1	Aqcoe3G265600.1.p, Aqcoe1G354700.1.p
OG0001677	VIT_210s0003g04070.5, VIT_210s0003g04070.3, VIT_210s0003g04070.1, VIT_210s0003g04070.2, VIT_210s0003g04070.4	Aqcoe1G185600.1.p, Aqcoe1G185600.2.p
OG0001678	VIT_210s0003g04650.2, VIT_210s0003g04650.1	Aqcoe1G178600.8.p, Aqcoe1G178600.3.p, Aqcoe1G178600.2.p, Aqcoe1G178600.5.p, Aqcoe1G178600.9.p, Aqcoe1G178600.6.p, Aqcoe1G178600.1.p, Aqcoe1G178600.10.p, Aqcoe1G178600.7.p, Aqcoe1G178600.4.p
OG0001679	VIT_213s0067g02041.1	Aqcoe1G149200.1.p
OG0001680	VIT_202s0087g00480.1, VIT_213s0175g00210.1, VIT_210s0003g02690.8, VIT_210s0003g02690.6, VIT_210s0003g02690.1, VIT_200s0160g00062.1, VIT_210s0003g02690.7, VIT_210s0003g02690.3, VIT_210s0003g02690.5, VIT_210s0003g02690.2, VIT_210s0003g02690.4	Aqcoe1G204700.3.p, Aqcoe1G204700.2.p, Aqcoe1G204700.5.p, Aqcoe1G204700.4.p, Aqcoe1G204700.1.p, Aqcoe1G204700.6.p
OG0001681	VIT_212s0142g00700.1, VIT_212s0034g00240.1, VIT_212s0034g00750.1, VIT_218s0001g03960.1	Aqcoe5G278500.2.p, Aqcoe5G278500.1.p
OG0001682	VIT_203s0063g01860.1, VIT_203s0063g01850.1, VIT_203s0063g01820.1, VIT_203s0063g01830.1	Aqcoe5G204600.1.p, Aqcoe5G204700.1.p
OG0001682	VIT_218s0001g11630.1	Aqcoe5G204900.1.p
OG0001683	VIT_202s0025g02040.1	Aqcoe5G467700.1.p
OG0001684	VIT_212s0035g00950.1, VIT_212s0035g00930.1, VIT_212s0035g00945.1	Aqcoe5G301000.2.p, Aqcoe5G301000.4.p, Aqcoe5G301000.1.p, Aqcoe5G301000.3.p
OG0001685	VIT_205s0051g00060.1, VIT_207s0005g04800.1	Aqcoe5G009000.1.p
OG0001686	VIT_205s0020g04850.3, VIT_205s0020g04850.4, VIT_205s0020g04850.1, VIT_205s0020g04850.2, VIT_207s0141g00760.1	Aqcoe5G036900.1.p
OG0001687	VIT_218s0001g12350.3, VIT_218s0001g12350.2, VIT_218s0001g12350.1	Aqcoe5G195700.1.p, Aqcoe5G195700.2.p
OG0001688	VIT_219s0014g05310.1	Aqcoe5G148100.1.p
OG0001689	VIT_214s0066g01290.1	Aqcoe3G292100.1.p
OG0001689	VIT_207s0104g00400.3, VIT_207s0104g00400.4, VIT_207s0104g00400.1, VIT_207s0104g00400.2	Aqcoe5G062300.1.p
OG0001690	VIT_218s0001g03680.2, VIT_218s0001g03680.1, VIT_218s0001g03680.3	Aqcoe5G279300.2.p, Aqcoe5G279300.1.p
OG0001691	VIT_207s0005g04940.3, VIT_207s0005g04940.4, VIT_207s0005g04940.2, VIT_207s0005g04940.1	Aqcoe5G006000.2.p, Aqcoe5G006000.1.p
OG0001692	VIT_201s0150g00440.1	Aqcoe5G319800.1.p
OG0001692	VIT_214s0060g02320.2, VIT_214s0060g02320.5, VIT_214s0060g02320.4, VIT_214s0060g02320.1, VIT_214s0060g02320.3	Aqcoe5G083800.1.p
OG0001693	VIT_214s0060g01160.5, VIT_214s0060g01160.3, VIT_214s0060g01160.4, VIT_214s0060g01160.6, VIT_214s0060g01160.2, VIT_214s0060g01160.1	Aqcoe5G383000.1.p
OG0001694	VIT_217s0000g06840.10, VIT_217s0000g06840.6, VIT_217s0000g06840.12, VIT_217s0000g06840.7, VIT_217s0000g06840.5, VIT_217s0000g06840.1, VIT_217s0000g06840.2, VIT_217s0000g06840.8, VIT_217s0000g06840.3, VIT_217s0000g06840.9, VIT_217s0000g06840.11, VIT_217s0000g06840.4	Aqcoe3G360100.1.p, Aqcoe3G360100.3.p, Aqcoe3G360100.2.p
OG0001695	VIT_211s0052g01560.2, VIT_211s0052g01560.5, VIT_211s0052g01560.6, VIT_211s0052g01560.8, VIT_211s0052g01540.5, VIT_211s0052g01540.7, VIT_211s0052g01540.6, VIT_211s0052g01540.4, VIT_211s0052g01540.3, VIT_211s0052g01540.2, VIT_211s0052g01540.1, VIT_211s0052g01560.7, VIT_211s0052g01510.2, VIT_211s0052g01510.1, VIT_211s0052g01560.1, VIT_211s0052g01560.3, VIT_211s0052g01560.4, VIT_217s0000g02990.2, VIT_217s0000g02990.3, VIT_211s0052g01520.1	Aqcoe3G005300.2.p, Aqcoe3G005300.1.p, Aqcoe3G005200.1.p
OG0001696	VIT_208s0007g07620.2, VIT_208s0007g07620.1, VIT_217s0000g06370.1, VIT_217s0000g06370.2, VIT_217s0000g06370.3	Aqcoe3G344900.1.p
OG0001697	VIT_201s0010g02890.1, VIT_201s0010g02890.2	Aqcoe3G192700.1.p
OG0001698	VIT_216s0039g01850.2, VIT_216s0039g01850.1, VIT_214s0068g00800.2, VIT_214s0068g00800.3, VIT_214s0068g00800.1, VIT_202s0012g01850.1	Aqcoe3G167400.1.p
OG0001699	VIT_201s0010g01440.2, VIT_201s0010g01440.1, VIT_201s0010g01440.7, VIT_201s0010g01440.4, VIT_201s0010g01440.13, VIT_201s0010g01440.14, VIT_201s0010g01440.8, VIT_201s0010g01440.11, VIT_201s0010g01440.6, VIT_201s0010g01440.5, VIT_201s0010g01440.3, VIT_201s0010g01440.9, VIT_201s0010g01440.10, VIT_201s0010g01440.12	Aqcoe3G437000.2.p, Aqcoe3G437000.1.p
OG0001700	VIT_201s0011g00710.1, VIT_217s0000g06820.1	Aqcoe3G360500.1.p
OG0001701	VIT_218s0001g01590.1	Aqcoe3G175400.1.p
OG0001702	VIT_200s0216g00020.1, VIT_200s0160g00280.1, VIT_214s0083g00690.1, VIT_214s0083g00690.2, VIT_214s0083g00690.3	Aqcoe3G072000.1.p, Aqcoe3G383100.1.p
OG0001703	VIT_214s0006g02800.2, VIT_214s0006g02800.1	Aqcoe3G034000.1.p
OG0001717	VIT_209s0002g01570.1, VIT_207s0031g02070.1	Aqcoe2G359700.1.p, Aqcoe2G364400.1.p, Aqcoe2G077900.1.p, Aqcoe1G376100.1.p, Aqcoe2G179000.1.p
OG0001717	VIT_204s0044g00175.1, VIT_218s0072g00375.1	Aqcoe5G251500.1.p
OG0001718	VIT_214s0060g00680.1	Aqcoe2G258800.1.p
OG0001718	VIT_207s0005g02050.1	Aqcoe2G258500.1.p, Aqcoe2G258600.1.p
OG0001718	VIT_207s0005g02040.1	Aqcoe2G257800.1.p, Aqcoe2G257800.2.p
OG0001719	VIT_215s0021g00160.1, VIT_213s0073g00120.1, VIT_208s0007g02620.1	Aqcoe1G435900.1.p, Aqcoe2G113300.1.p
OG0001720	VIT_213s0158g00420.2, VIT_213s0158g00420.1, VIT_213s0158g00410.1	Aqcoe3G310300.1.p, Aqcoe5G415100.1.p, Aqcoe3G362600.1.p, Aqcoe5G289300.1.p, Aqcoe1G136400.1.p, Aqcoe5G406800.1.p, Aqcoe1G460700.1.p, Aqcoe3G285700.1.p, Aqcoe3G123900.1.p, Aqcoe1G252900.1.p, Aqcoe7G288600.1.p, Aqcoe3G108400.1.p, Aqcoe0071s0002.1.p, Aqcoe6G307700.1.p, Aqcoe2G165300.1.p, Aqcoe5G288500.1.p, Aqcoe1232s0001.1.p, Aqcoe0071s0001.1.p, Aqcoe2G135300.1.p, Aqcoe4G190100.1.p, Aqcoe2G230400.1.p, Aqcoe0075s0002.1.p, Aqcoe5G225300.1.p, Aqcoe5G275800.1.p, Aqcoe5G409100.1.p, Aqcoe6G161100.1.p, Aqcoe4G213500.1.p, Aqcoe5G335400.1.p, Aqcoe1G265900.1.p, Aqcoe3G116200.1.p, Aqcoe2G163400.1.p, Aqcoe1G206400.1.p, Aqcoe2G098900.1.p, Aqcoe2G176100.1.p, Aqcoe4G128500.1.p, Aqcoe1G179100.1.p, Aqcoe5G312600.1.p
OG0001721	VIT_208s0007g06460.2, VIT_208s0007g06460.5, VIT_208s0040g01790.5, VIT_208s0040g01790.2, VIT_208s0040g01790.4, VIT_208s0040g01790.1, VIT_208s0040g01790.3, VIT_208s0007g06460.3, VIT_208s0007g06460.4, VIT_208s0007g06460.1, VIT_204s0023g01960.2, VIT_204s0023g01960.1, VIT_204s0023g01960.3, VIT_204s0023g01960.5, VIT_204s0023g01960.7, VIT_204s0023g01960.4, VIT_204s0023g01960.6	Aqcoe6G259100.1.p, Aqcoe6G122600.1.p, Aqcoe7G316900.1.p, Aqcoe2G146700.1.p
OG0001723	VIT_213s0067g00080.3, VIT_213s0067g00080.4, VIT_213s0067g00080.5, VIT_213s0067g00080.2, VIT_213s0067g00080.1	Aqcoe2G072400.1.p, Aqcoe2G072400.2.p
OG0001724	VIT_214s0030g00180.3, VIT_214s0030g00180.2, VIT_214s0030g00180.4, VIT_214s0030g00180.1, VIT_207s0104g00760.6, VIT_207s0104g00760.7, VIT_207s0104g00760.8, VIT_207s0104g00760.9, VIT_207s0104g00760.1, VIT_207s0104g00760.2, VIT_207s0104g00760.4, VIT_207s0104g00760.3, VIT_207s0104g00760.5	Aqcoe5G066000.2.p, Aqcoe5G066000.1.p, Aqcoe2G322900.1.p
OG0001725	VIT_208s0058g00390.1, VIT_206s0004g07150.3, VIT_213s0067g01820.1, VIT_206s0004g07150.1, VIT_206s0004g07150.2	Aqcoe1G152200.1.p, Aqcoe2G084600.1.p
OG0001726	VIT_204s0044g01430.1	Aqcoe5G265700.1.p, Aqcoe5G265800.1.p
OG0001726	VIT_218s0001g15120.1, VIT_218s0001g15220.1, VIT_218s0001g15230.1, VIT_218s0001g15130.1	Aqcoe2G326200.1.p, Aqcoe2G326100.1.p, Aqcoe3G251000.1.p, Aqcoe6G154700.1.p, Aqcoe5G335500.1.p, Aqcoe6G154800.1.p
OG0001727	VIT_208s0032g00100.1, VIT_208s0058g00210.1, VIT_206s0009g01090.1	Aqcoe2G066400.1.p
OG0001728	VIT_207s0005g00610.5, VIT_207s0005g00610.1, VIT_207s0005g00610.7, VIT_207s0005g00610.4, VIT_207s0005g00610.3, VIT_207s0005g00610.2, VIT_207s0005g00610.6	Aqcoe2G292000.2.p, Aqcoe2G292000.1.p
OG0001729	VIT_205s0020g04970.1	Aqcoe2G367100.5.p, Aqcoe2G367100.1.p, Aqcoe2G367100.2.p, Aqcoe2G367100.3.p, Aqcoe2G367100.4.p
OG0001730	VIT_214s0081g00070.3, VIT_214s0081g00070.5, VIT_214s0081g00070.2, VIT_214s0081g00070.4, VIT_214s0081g00070.1, VIT_207s0141g00610.3, VIT_207s0141g00610.2, VIT_207s0141g00610.5, VIT_207s0141g00610.1, VIT_207s0141g00610.4, VIT_207s0141g00610.6	Aqcoe2G362300.2.p, Aqcoe2G362300.1.p
OG0001731	VIT_215s0021g02090.1	Aqcoe5G406200.1.p, Aqcoe5G406200.2.p
OG0001731	VIT_213s0073g00560.1, VIT_213s0073g00560.2	Aqcoe1G076000.1.p, Aqcoe2G068500.1.p
OG0001732	VIT_205s0020g02790.2, VIT_205s0020g02790.1, VIT_205s0020g02790.4, VIT_205s0020g02790.3, VIT_214s0128g00250.1, VIT_214s0128g00250.4, VIT_214s0128g00250.3, VIT_214s0128g00250.2, VIT_214s0128g00250.5	Aqcoe2G333900.1.p, Aqcoe5G060300.4.p, Aqcoe5G060300.2.p, Aqcoe5G060300.3.p, Aqcoe5G060300.1.p
OG0001733	VIT_206s0004g02720.1, VIT_206s0004g02720.3, VIT_206s0004g02720.4, VIT_206s0004g02720.2	Aqcoe2G207400.3.p, Aqcoe2G207400.1.p, Aqcoe2G207400.4.p, Aqcoe2G207400.2.p
OG0001734	VIT_213s0019g00340.1	Aqcoe2G036900.1.p
OG0001734	VIT_208s0007g05530.1	Aqcoe1G039800.1.p, Aqcoe7G193400.1.p, Aqcoe3G368900.1.p
OG0001735	VIT_206s0004g06090.1	Aqcoe2G103800.1.p
OG0001735	VIT_208s0007g01910.2, VIT_208s0007g01910.1, VIT_213s0019g03360.1	Aqcoe2G103700.2.p, Aqcoe2G103700.1.p, Aqcoe1G083400.1.p
OG0001736	VIT_205s0094g00900.1	Aqcoe1G154900.2.p, Aqcoe1G154900.1.p
OG0001736	VIT_206s0004g03540.1	Aqcoe1G488300.1.p
OG0001737	VIT_205s0062g00140.1	Aqcoe2G427900.25.p, Aqcoe2G427900.2.p, Aqcoe2G427900.24.p, Aqcoe2G427900.1.p, Aqcoe2G427900.4.p, Aqcoe2G427900.3.p, Aqcoe2G427900.16.p, Aqcoe2G427900.15.p, Aqcoe2G427900.11.p, Aqcoe2G427900.12.p, Aqcoe2G427900.7.p, Aqcoe2G427900.8.p, Aqcoe2G427900.22.p, Aqcoe2G427900.23.p, Aqcoe2G427900.21.p, Aqcoe2G427900.6.p, Aqcoe2G427900.20.p, Aqcoe2G427900.5.p, Aqcoe2G427900.19.p, Aqcoe2G427900.18.p, Aqcoe2G427900.17.p, Aqcoe2G427900.14.p, Aqcoe2G427900.13.p, Aqcoe2G427900.9.p, Aqcoe2G427900.10.p
OG0001738	VIT_205s0051g00640.2, VIT_205s0051g00640.1	Aqcoe2G390600.1.p
OG0001738	VIT_205s0029g00200.1	Aqcoe5G004700.1.p
OG0001739	VIT_214s0060g01780.1, VIT_214s0060g01760.1, VIT_207s0005g00670.1	Aqcoe2G291000.1.p, Aqcoe2G291000.2.p
OG0001740	VIT_211s0016g05730.1, VIT_211s0016g05730.2	Aqcoe2G056400.1.p, Aqcoe3G092800.1.p, Aqcoe4G045300.1.p, Aqcoe7G381200.1.p
OG0001741	VIT_205s0020g02340.3, VIT_200s0282g00010.2, VIT_200s0282g00010.1, VIT_200s0282g00010.4, VIT_200s0282g00010.3, VIT_205s0020g02340.1, VIT_205s0020g02340.2	Aqcoe2G323100.1.p
OG0001742	VIT_213s0019g00680.1	Aqcoe2G181300.1.p
OG0001744	VIT_207s0151g00350.1	Aqcoe2G405200.1.p, Aqcoe2G405200.3.p, Aqcoe2G405200.8.p, Aqcoe2G405200.6.p, Aqcoe2G405200.5.p, Aqcoe2G405200.7.p, Aqcoe2G405200.9.p, Aqcoe2G405200.10.p, Aqcoe2G405200.2.p, Aqcoe2G405200.4.p
OG0001745	VIT_207s0255g00030.1	Aqcoe6G099300.1.p
OG0001745	VIT_205s0077g00870.2, VIT_205s0077g00870.1	Aqcoe5G343700.1.p, Aqcoe6G224400.1.p
OG0001746	VIT_203s0038g02130.1, VIT_204s0023g03520.1	Aqcoe6G211100.1.p
OG0001747	VIT_218s0001g00950.2, VIT_218s0001g00950.1	Aqcoe5G130200.1.p
OG0001747	VIT_200s0264g00040.2, VIT_200s0264g00040.4, VIT_200s0264g00040.3, VIT_200s0264g00040.1	Aqcoe6G235100.3.p, Aqcoe6G235100.2.p, Aqcoe6G235100.1.p
OG0001748	VIT_203s0091g00690.1, VIT_218s0001g09230.1, VIT_207s0129g00240.1	Aqcoe6G286600.1.p
OG0001749	VIT_207s0031g00905.1	Aqcoe6G147900.1.p
OG0001749	VIT_207s0031g00883.1, VIT_207s0031g00901.1, VIT_207s0031g00903.1, VIT_218s0001g11070.1	Aqcoe6G147800.1.p, Aqcoe6G148000.1.p
OG0001750	VIT_203s0038g03840.5, VIT_203s0038g03840.6, VIT_203s0038g03840.1, VIT_203s0038g03840.4, VIT_203s0038g03840.3, VIT_203s0038g03840.2	Aqcoe6G174800.1.p, Aqcoe6G174900.1.p
OG0001750	VIT_218s0122g01210.1	Aqcoe5G120600.3.p, Aqcoe5G120600.1.p, Aqcoe5G120600.2.p, Aqcoe5G120600.4.p
OG0001751	VIT_200s0349g00060.3, VIT_200s0349g00060.4, VIT_200s0349g00060.2, VIT_200s0349g00060.1	Aqcoe6G217000.1.p, Aqcoe6G216900.1.p, Aqcoe6G217000.2.p
OG0001751	VIT_218s0001g14900.1	Aqcoe5G284800.1.p
OG0001752	VIT_218s0001g00100.1, VIT_218s0001g00100.2, VIT_218s0001g00100.6, VIT_218s0001g00100.5, VIT_218s0001g00100.4, VIT_218s0001g00100.7, VIT_218s0001g00100.3, VIT_203s0038g03240.1, VIT_203s0038g03240.2	Aqcoe6G189000.1.p
OG0001753	VIT_218s0001g12620.1, VIT_218s0001g12620.4, VIT_218s0001g12620.7, VIT_218s0001g12620.6, VIT_218s0001g12620.3, VIT_218s0001g12620.5, VIT_218s0001g12620.2, VIT_204s0023g01920.3, VIT_204s0023g01920.1, VIT_204s0023g01920.2, VIT_204s0023g01920.4, VIT_204s0023g01920.6, VIT_208s0058g00080.1, VIT_216s0039g02330.1, VIT_204s0023g01920.5	Aqcoe6G121900.1.p
OG0001754	VIT_218s0001g06500.2, VIT_218s0001g06500.3, VIT_218s0001g06500.4, VIT_218s0001g06500.6, VIT_218s0001g06500.5, VIT_218s0001g06500.9, VIT_218s0001g06500.8, VIT_218s0001g06500.7, VIT_218s0001g06500.1	Aqcoe6G009300.1.p, Aqcoe6G009300.3.p, Aqcoe6G009300.2.p
OG0001755	VIT_217s0000g03010.3, VIT_217s0000g03010.4, VIT_217s0000g03010.5, VIT_201s0011g04370.9, VIT_217s0000g03010.1, VIT_217s0000g03010.2, VIT_201s0011g04370.1, VIT_201s0011g04370.2, VIT_201s0011g04370.3, VIT_201s0011g04370.5, VIT_201s0011g04370.4, VIT_201s0011g04370.6, VIT_201s0011g04370.7	Aqcoe5G414700.5.p, Aqcoe5G414700.2.p, Aqcoe5G414700.4.p, Aqcoe5G414700.3.p, Aqcoe5G414700.1.p, Aqcoe6G054600.5.p, Aqcoe6G054600.2.p, Aqcoe6G054600.1.p, Aqcoe6G054600.4.p
OG0001756	VIT_218s0001g10670.1	Aqcoe6G143900.1.p, Aqcoe6G144000.1.p
OG0001756	VIT_218s0001g10600.1, VIT_218s0001g10595.1, VIT_218s0001g10645.1, VIT_218s0001g10610.1, VIT_218s0001g10630.1, VIT_218s0001g10620.1, VIT_218s0001g10640.1, VIT_218s0001g10605.1	Aqcoe4G051600.1.p
OG0001756	VIT_207s0031g00760.1	Aqcoe5G153600.1.p
OG0001757	VIT_203s0097g00510.1, VIT_203s0097g00510.2, VIT_218s0001g07950.3	Aqcoe6G069400.1.p, Aqcoe6G069300.1.p
OG0001757	VIT_218s0001g07940.1, VIT_218s0001g07940.2, VIT_218s0001g07950.2, VIT_218s0001g07950.1, VIT_218s0001g07930.1	Aqcoe6G115100.1.p, Aqcoe6G069500.1.p
OG0001758	VIT_207s0031g02200.1	Aqcoe6G169200.4.p, Aqcoe6G169200.3.p, Aqcoe6G169200.1.p, Aqcoe6G169200.2.p, Aqcoe6G169000.1.p
OG0001759	VIT_204s0023g02040.1, VIT_204s0023g02040.3, VIT_204s0023g02040.2, VIT_218s0001g12720.1	Aqcoe6G123700.1.p, Aqcoe6G123700.2.p
OG0001759	VIT_203s0038g04600.1, VIT_203s0038g04600.2	Aqcoe5G231400.1.p
OG0001760	VIT_200s0194g00080.6, VIT_200s0194g00080.2, VIT_200s0194g00080.5, VIT_200s0194g00080.4, VIT_200s0194g00080.3, VIT_200s0194g00080.7, VIT_200s0194g00080.8, VIT_200s0194g00080.1	Aqcoe4G302600.1.p, Aqcoe7G083800.1.p, Aqcoe4G302600.2.p, Aqcoe4G302600.3.p
OG0001761	VIT_210s0003g01480.2, VIT_210s0003g01480.1	Aqcoe4G036400.1.p, Aqcoe1G221700.1.p
OG0001762	VIT_214s0108g00590.1	Aqcoe3G077900.1.p
OG0001762	VIT_212s0028g01600.1, VIT_212s0028g01600.2	Aqcoe4G029100.1.p
OG0001763	VIT_214s0060g00100.4, VIT_214s0060g00100.3, VIT_214s0060g00100.1, VIT_214s0060g00100.2	Aqcoe5G289400.1.p
OG0001763	VIT_212s0057g00980.2, VIT_212s0057g00980.1	Aqcoe4G312000.1.p, Aqcoe4G312000.4.p, Aqcoe4G312000.3.p, Aqcoe4G312000.5.p, Aqcoe4G312000.2.p
OG0001764	VIT_219s0014g00120.4, VIT_219s0014g00120.5, VIT_219s0014g00120.1, VIT_219s0014g00120.2, VIT_219s0014g00120.3, VIT_210s0003g02990.2, VIT_210s0003g02990.1, VIT_210s0003g02990.3	Aqcoe4G040400.1.p
OG0001765	VIT_203s0091g00280.1, VIT_218s0001g09580.4, VIT_218s0001g09580.3, VIT_218s0001g09580.5, VIT_218s0001g09580.1, VIT_218s0001g09580.2	Aqcoe5G133700.1.p, Aqcoe4G166200.1.p
OG0001766	VIT_207s0005g03150.2, VIT_207s0005g03150.1	Aqcoe4G163300.1.p
OG0001767	VIT_202s0025g04170.2, VIT_202s0025g04170.1, VIT_202s0025g04170.3, VIT_216s0100g00720.1	Aqcoe7G042500.1.p
OG0001768	VIT_209s0002g03450.1, VIT_209s0002g03460.1	Aqcoe7G415700.2.p, Aqcoe7G415700.1.p
OG0001769	VIT_209s0070g00310.1	Aqcoe7G242400.1.p
OG0001769	VIT_211s0016g00220.1	Aqcoe7G443100.1.p
OG0001770	VIT_213s0019g01020.1	Aqcoe1G464900.1.p
OG0001770	VIT_213s0019g00990.1	Aqcoe1G465000.1.p
OG0001770	VIT_208s0007g00150.1	Aqcoe1G464800.1.p
OG0001770	VIT_211s0016g01430.1	Aqcoe7G434100.1.p
OG0001771	VIT_209s0002g06360.1	Aqcoe7G391400.2.p, Aqcoe7G391400.1.p, Aqcoe7G216100.1.p
OG0001772	VIT_211s0103g00610.3, VIT_211s0103g00610.4, VIT_211s0103g00610.2, VIT_211s0103g00610.1, VIT_209s0054g01000.1	Aqcoe7G296500.1.p, Aqcoe7G296500.2.p
OG0001773	VIT_202s0025g01485.12, VIT_202s0025g01485.4, VIT_202s0025g01485.7, VIT_202s0025g01485.8, VIT_202s0025g01485.2, VIT_202s0025g01485.11, VIT_202s0025g01485.14, VIT_202s0025g01485.13, VIT_202s0025g01485.9, VIT_202s0025g01485.6, VIT_202s0025g01485.5, VIT_202s0025g01485.3, VIT_202s0025g01485.1, VIT_202s0025g01485.10	Aqcoe7G010600.9.p, Aqcoe7G010600.5.p, Aqcoe7G010600.1.p, Aqcoe7G010600.6.p, Aqcoe7G010600.4.p, Aqcoe7G010600.2.p, Aqcoe7G010600.7.p, Aqcoe7G010600.3.p, Aqcoe7G010600.8.p
OG0001774	VIT_202s0025g04730.2, VIT_202s0025g04730.1, VIT_202s0025g04750.1, VIT_202s0025g04750.2, VIT_215s0048g01330.2, VIT_215s0048g01330.1	Aqcoe5G422200.1.p, Aqcoe7G055000.1.p, Aqcoe5G421900.1.p
OG0001775	VIT_204s0008g04190.1, VIT_204s0008g04190.2, VIT_204s0008g04195.2, VIT_204s0008g04195.1, VIT_204s0008g04195.5, VIT_204s0008g04195.3, VIT_204s0008g04195.4, VIT_209s0002g05750.1	Aqcoe7G023700.1.p
OG0001776	VIT_211s0016g01270.1, VIT_211s0016g01270.2, VIT_211s0016g01270.4, VIT_211s0016g01270.3	Aqcoe7G113100.1.p, Aqcoe7G113200.1.p
OG0001777	VIT_215s0046g00050.2, VIT_215s0046g00050.3, VIT_215s0046g00050.1, VIT_215s0046g00050.4	Aqcoe5G468600.3.p, Aqcoe5G468600.2.p, Aqcoe5G468600.1.p, Aqcoe7G004300.2.p, Aqcoe7G004300.4.p, Aqcoe7G004300.1.p, Aqcoe7G004300.8.p, Aqcoe7G004300.5.p, Aqcoe7G004300.3.p, Aqcoe7G004300.6.p, Aqcoe7G004300.7.p
OG0001778	VIT_215s0021g01020.1	Aqcoe3G247500.1.p, Aqcoe3G247500.2.p
OG0001778	VIT_202s0012g00080.2, VIT_202s0012g00080.1, VIT_202s0012g00080.3	Aqcoe7G091500.2.p, Aqcoe7G091500.3.p, Aqcoe7G091500.1.p
OG0001779	VIT_211s0078g00250.9, VIT_211s0078g00250.3, VIT_211s0078g00250.2, VIT_211s0078g00250.8, VIT_211s0078g00250.6, VIT_211s0078g00250.5, VIT_211s0078g00250.4, VIT_211s0078g00250.7, VIT_211s0078g00250.1	Aqcoe7G284600.2.p, Aqcoe7G284600.1.p, Aqcoe7G284600.3.p
OG0001780	VIT_202s0025g00140.1, VIT_214s0060g02560.1, VIT_215s0046g01880.1, VIT_203s0091g01135.1	Aqcoe7G026500.1.p
OG0001781	VIT_202s0025g03980.1	Aqcoe7G038400.1.p
OG0001781	VIT_213s0019g03280.1	Aqcoe1G087800.1.p
OG0001782	VIT_218s0001g03280.1, VIT_218s0117g00010.1, VIT_200s0288g00050.1, VIT_218s0001g03500.1, VIT_218s0001g03320.1	Aqcoe5G367300.1.p
OG0001782	VIT_213s0019g04230.1, VIT_208s0040g01910.1	Aqcoe1G144800.1.p, Aqcoe7G027000.1.p, Aqcoe7G027000.2.p
OG0001783	VIT_211s0016g03260.1, VIT_211s0016g03260.2	Aqcoe7G409900.1.p, Aqcoe7G409900.2.p, Aqcoe7G409900.3.p
OG0001784	VIT_219s0015g00940.1, VIT_219s0015g00940.2, VIT_219s0015g00940.4, VIT_219s0015g00940.3, VIT_211s0052g00430.5, VIT_211s0052g00430.6, VIT_211s0052g00430.4, VIT_211s0052g00430.1, VIT_211s0052g00430.2, VIT_211s0052g00430.3	Aqcoe7G304800.1.p, Aqcoe7G304800.2.p
OG0001785	VIT_209s0002g01680.1, VIT_209s0002g01680.2, VIT_204s0008g01070.1, VIT_209s0002g04560.2, VIT_209s0002g04560.1, VIT_211s0016g01970.1, VIT_211s0016g01970.2	Aqcoe7G125100.1.p
OG0001786	VIT_210s0092g00240.1, VIT_210s0092g00260.1, VIT_210s0092g00250.1	Aqcoe1G177000.3.p, Aqcoe1G177000.1.p, Aqcoe1G177000.2.p, Aqcoe1G177100.1.p, Aqcoe1G176900.1.p
OG0001787	VIT_218s0041g02410.1, VIT_218s0041g02430.1, VIT_206s0009g00770.1, VIT_206s0009g00770.2	Aqcoe1G068500.1.p
OG0001788	VIT_219s0090g01180.5, VIT_219s0090g01180.2, VIT_219s0090g01170.2, VIT_219s0090g01170.1, VIT_219s0090g01180.7, VIT_219s0090g01180.4, VIT_219s0090g01180.3, VIT_219s0090g01180.1, VIT_219s0090g01180.6, VIT_219s0090g01170.3, VIT_212s0059g01620.2, VIT_212s0059g01620.1, VIT_200s0981g00010.1	Aqcoe1G286400.1.p
OG0001789	VIT_200s0800g00010.1, VIT_200s0370g00095.1	Aqcoe1G316600.1.p
OG0001789	VIT_208s0007g02100.1	Aqcoe1G426600.1.p
OG0001790	VIT_202s0033g00270.1, VIT_217s0053g00460.1, VIT_202s0033g00290.1, VIT_202s0033g00290.2, VIT_217s0053g00460.2, VIT_202s0033g00290.3, VIT_202s0033g00260.1, VIT_202s0033g00290.5, VIT_202s0033g00290.4, VIT_217s0053g00460.3, VIT_202s0033g00260.2, VIT_208s0040g00550.1, VIT_208s0040g00550.2, VIT_208s0040g00550.3, VIT_208s0040g00560.1	Aqcoe1G200800.1.p, Aqcoe1G202400.1.p, Aqcoe1G202800.2.p, Aqcoe1G202800.1.p
OG0001791	VIT_219s0090g00690.1, VIT_219s0090g00690.5, VIT_219s0090g00690.8, VIT_219s0090g00690.2, VIT_219s0090g00690.4, VIT_219s0090g00690.3, VIT_219s0090g00690.9, VIT_219s0090g00690.7, VIT_219s0090g00690.6	Aqcoe1G292200.1.p
OG0001792	VIT_214s0068g00690.4, VIT_214s0068g00690.1, VIT_214s0068g00690.2, VIT_214s0068g00690.5, VIT_214s0068g00690.3, VIT_214s0068g00690.6	Aqcoe5G319500.1.p
OG0001792	VIT_209s0002g09280.1, VIT_209s0002g09280.3, VIT_209s0002g09280.5, VIT_209s0002g09280.4, VIT_209s0002g09280.2	Aqcoe1G168100.5.p, Aqcoe1G168100.6.p, Aqcoe1G168100.3.p, Aqcoe1G168100.7.p, Aqcoe1G168100.2.p, Aqcoe1G168100.4.p, Aqcoe1G168100.1.p
OG0001793	VIT_213s0067g00550.1	Aqcoe1G425500.1.p
OG0001793	VIT_200s0370g00020.1	Aqcoe1G314700.1.p
OG0001794	VIT_200s0317g00130.1, VIT_206s0004g04020.3, VIT_206s0004g04020.1, VIT_206s0004g04020.2	Aqcoe1G477400.1.p
OG0001795	VIT_204s0008g03440.4, VIT_204s0008g03440.3, VIT_204s0008g03440.1, VIT_204s0008g03440.2, VIT_204s0008g03440.6, VIT_204s0008g03440.5	Aqcoe3G152900.1.p, Aqcoe3G215200.2.p, Aqcoe3G215200.1.p, Aqcoe1G402500.1.p
OG0001796	VIT_208s0040g00020.5, VIT_208s0040g00020.2, VIT_208s0040g00020.3, VIT_208s0040g00020.4, VIT_208s0040g00020.1	Aqcoe1G500300.1.p
OG0001797	VIT_206s0004g00710.1, VIT_213s0156g00020.1	Aqcoe1G051600.2.p, Aqcoe1G051600.1.p
OG0001799	VIT_208s0040g03220.4, VIT_208s0040g03220.1, VIT_208s0040g03220.6, VIT_208s0040g03220.5, VIT_208s0040g03220.3, VIT_208s0040g03220.2	Aqcoe1G487500.1.p
OG0001800	VIT_208s0032g00935.1	Aqcoe1G072700.1.p
OG0001801	VIT_214s0006g01210.1, VIT_201s0011g05250.1, VIT_214s0006g02980.1	Aqcoe1G217400.1.p, Aqcoe3G418100.1.p
OG0001802	VIT_205s0102g01050.1, VIT_213s0047g01240.1	Aqcoe1G009800.1.p
OG0001803	VIT_204s0023g01950.1, VIT_204s0023g01950.2, VIT_218s0001g12660.2, VIT_218s0001g12660.1	Aqcoe5G188500.1.p
OG0001804	VIT_207s0005g02790.1, VIT_214s0068g00970.1, VIT_214s0068g00970.3, VIT_214s0068g00970.2	Aqcoe5G331200.1.p
OG0001804	VIT_214s0068g00290.1	Aqcoe3G370800.1.p
OG0001805	VIT_216s0050g02180.1, VIT_216s0050g02180.2	Aqcoe5G440600.2.p, Aqcoe5G440600.1.p, Aqcoe5G440600.3.p
OG0001805	VIT_202s0012g01170.1	Aqcoe3G238000.3.p, Aqcoe3G238000.1.p, Aqcoe3G238000.2.p
OG0001806	VIT_205s0020g02000.4, VIT_205s0020g02000.3, VIT_205s0020g02000.8, VIT_205s0020g02000.9, VIT_205s0020g02000.6, VIT_205s0020g02000.5, VIT_205s0020g02000.2, VIT_205s0020g02000.7, VIT_205s0020g02000.1	Aqcoe5G073700.1.p
OG0001808	VIT_201s0146g00310.1, VIT_217s0000g00690.1	Aqcoe5G343900.3.p, Aqcoe5G343900.1.p, Aqcoe5G343900.2.p, Aqcoe5G343800.3.p, Aqcoe5G343800.2.p, Aqcoe5G343800.1.p
OG0001809	VIT_200s2725g00005.1, VIT_200s0267g00030.1, VIT_200s0267g00030.2, VIT_200s0245g00010.1, VIT_200s0245g00030.1	Aqcoe5G478600.2.p, Aqcoe5G478600.4.p, Aqcoe5G478600.3.p, Aqcoe5G478600.6.p, Aqcoe5G478600.5.p, Aqcoe5G478600.1.p
OG0001810	VIT_207s0141g00220.3, VIT_207s0141g00220.2, VIT_207s0141g00220.1, VIT_214s0030g02230.3, VIT_214s0030g02230.4, VIT_214s0030g02230.2, VIT_214s0030g02230.1, VIT_205s0020g04620.1, VIT_205s0020g04620.2	Aqcoe5G042200.2.p, Aqcoe5G042200.1.p
OG0001811	VIT_200s0181g00070.1, VIT_215s0048g02360.2, VIT_215s0048g02360.1, VIT_200s0181g00110.1	Aqcoe5G041600.1.p
OG0001812	VIT_201s0026g00730.1	Aqcoe3G303700.1.p, Aqcoe3G109200.1.p
OG0001813	VIT_215s0048g00970.1, VIT_213s0019g05000.6, VIT_213s0019g05000.2, VIT_213s0019g05000.1, VIT_213s0019g05000.4, VIT_213s0019g05000.7	Aqcoe3G435600.1.p
OG0001814	VIT_217s0000g06230.2, VIT_217s0000g06230.1	Aqcoe3G078600.2.p, Aqcoe3G078600.1.p, Aqcoe3G078600.3.p
OG0001815	VIT_217s0000g06860.1	Aqcoe3G359900.1.p
OG0001815	VIT_201s0011g00670.1	Aqcoe3G050700.1.p
OG0001816	VIT_214s0083g00680.1, VIT_214s0083g00683.1, VIT_214s0083g00674.1, VIT_214s0083g00676.1, VIT_214s0083g00672.1, VIT_214s0083g00670.1	Aqcoe3G073400.1.p, Aqcoe3G384300.1.p, Aqcoe3G384200.1.p
OG0001817	VIT_216s0039g01670.2, VIT_216s0039g01670.1, VIT_216s0039g01670.4, VIT_216s0039g01670.5, VIT_216s0039g01670.3, VIT_211s0037g01030.1, VIT_202s0012g01570.2, VIT_202s0012g01570.1, VIT_202s0012g01570.3	Aqcoe3G222100.1.p
OG0001818	VIT_212s0028g03800.1	Aqcoe3G277300.3.p, Aqcoe3G277300.2.p, Aqcoe3G277300.1.p
OG0001819	VIT_217s0000g05640.3, VIT_217s0000g05640.2, VIT_217s0000g05640.1, VIT_201s0026g01570.3, VIT_201s0026g01570.2, VIT_201s0026g01570.1	Aqcoe3G325700.1.p
OG0001820	VIT_200s0291g00090.1	Aqcoe3G144800.2.p, Aqcoe3G144800.1.p
OG0001821	VIT_216s0039g01840.1, VIT_216s0039g01840.2, VIT_202s0012g01810.1	Aqcoe3G166900.1.p
OG0001822	VIT_206s0004g06250.10, VIT_206s0004g06250.11, VIT_206s0004g06250.8, VIT_206s0004g06250.2, VIT_206s0004g06250.5, VIT_206s0004g06250.7, VIT_206s0004g06250.3, VIT_206s0004g06250.4, VIT_206s0004g06250.6, VIT_206s0004g06250.1, VIT_206s0004g06250.9	Aqcoe3G266100.4.p, Aqcoe3G266100.9.p, Aqcoe3G266100.7.p, Aqcoe3G266100.10.p, Aqcoe3G266100.6.p, Aqcoe3G266100.1.p, Aqcoe3G266100.5.p, Aqcoe3G266100.8.p, Aqcoe3G266100.3.p, Aqcoe3G266100.2.p, Aqcoe3G266100.11.p
OG0001833	VIT_215s0045g01260.1	Aqcoe2G427200.1.p
OG0001834	VIT_214s0066g00890.1	Aqcoe3G279500.1.p
OG0001834	VIT_214s0060g01170.2, VIT_214s0060g01170.1	Aqcoe2G274800.1.p, Aqcoe5G343200.1.p
OG0001835	VIT_208s0007g03340.1	Aqcoe2G104900.2.p, Aqcoe2G165600.2.p, Aqcoe2G165600.1.p, Aqcoe2G104900.3.p, Aqcoe2G104900.1.p, Aqcoe2G165600.3.p, Aqcoe1G445600.1.p
OG0001836	VIT_207s0151g00930.1, VIT_214s0030g01760.1, VIT_214s0030g01760.4, VIT_214s0030g01760.2, VIT_214s0030g01760.3, VIT_205s0020g03340.1	Aqcoe5G056300.2.p, Aqcoe5G056300.1.p, Aqcoe2G343900.1.p
OG0001837	VIT_219s0015g01720.1	Aqcoe1G377200.1.p
OG0001837	VIT_208s0007g03830.2	Aqcoe2G127900.1.p, Aqcoe1G456800.1.p
OG0001838	VIT_207s0104g00900.1, VIT_207s0104g00900.2, VIT_207s0104g00900.5, VIT_207s0104g00900.7, VIT_207s0104g00900.6, VIT_205s0029g00900.1, VIT_207s0104g00900.4, VIT_207s0104g00900.3	Aqcoe2G319900.1.p
OG0001839	VIT_208s0058g00940.4, VIT_208s0058g00940.5, VIT_208s0058g00940.2, VIT_208s0058g00940.9, VIT_208s0058g00940.6, VIT_208s0058g00940.1, VIT_208s0058g00940.3, VIT_208s0058g00940.7, VIT_208s0058g00940.8, VIT_209s0002g00770.3, VIT_209s0002g00770.2, VIT_209s0002g00770.1	Aqcoe4G182800.1.p, Aqcoe2G079800.1.p, Aqcoe2G079900.1.p
OG0001841	VIT_207s0141g00800.1, VIT_207s0141g00800.4, VIT_207s0141g00800.3, VIT_207s0141g00800.2, VIT_214s0081g00440.1, VIT_214s0081g00440.2, VIT_214s0081g00440.4, VIT_214s0081g00440.3, VIT_214s0081g00440.5	Aqcoe2G364300.1.p, Aqcoe2G364300.2.p, Aqcoe5G036500.1.p
OG0001842	VIT_219s0090g01160.1	Aqcoe1G054100.1.p, Aqcoe1G054000.1.p
OG0001843	VIT_205s0062g00310.1, VIT_205s0062g00270.1, VIT_205s0062g00300.1, VIT_205s0062g00700.1, VIT_205s0062g00710.1, VIT_205s0062g00350.1, VIT_209s0002g06590.1, VIT_205s0062g00540.1, VIT_205s0062g00520.1, VIT_205s0062g00460.1, VIT_205s0062g00570.1, VIT_205s0062g00430.1, VIT_205s0062g00590.1, VIT_205s0062g00470.1, VIT_205s0062g00400.1, VIT_205s0062g00640.1, VIT_205s0062g00630.1	Aqcoe2G402900.1.p, Aqcoe2G403200.1.p
OG0001844	VIT_210s0116g00060.1	Aqcoe2G191800.1.p
OG0001845	VIT_204s0008g05070.1	Aqcoe7G174700.1.p, Aqcoe2G069500.1.p, Aqcoe7G402100.1.p, Aqcoe7G402000.1.p, Aqcoe4G104300.1.p, Aqcoe6G323000.1.p, Aqcoe6G323300.1.p
OG0001846	VIT_213s0019g02050.3, VIT_213s0019g02050.1, VIT_213s0019g02050.4	Aqcoe2G227300.2.p, Aqcoe2G227300.1.p, Aqcoe1G103200.2.p, Aqcoe1G103200.1.p
OG0001846	VIT_213s0019g02050.2	Aqcoe1G103200.3.p
OG0001847	VIT_216s0098g01720.2, VIT_216s0098g01720.1, VIT_216s0098g01720.3, VIT_216s0098g01720.4	Aqcoe5G461100.1.p, Aqcoe5G461100.2.p, Aqcoe2G075500.1.p, Aqcoe7G007100.2.p, Aqcoe7G007100.3.p, Aqcoe7G007100.1.p
OG0001848	VIT_217s0000g03765.2, VIT_217s0000g03765.4, VIT_217s0000g03765.3, VIT_217s0000g03765.1, VIT_201s0011g03470.1	Aqcoe2G182800.1.p, Aqcoe3G040500.1.p
OG0001849	VIT_200s0246g00115.1, VIT_212s0055g00100.1	Aqcoe2G195900.1.p
OG0001850	VIT_205s0102g00070.1, VIT_205s0102g00070.2, VIT_200s0207g00060.1, VIT_200s0207g00020.1	Aqcoe2G431600.1.p
OG0001851	VIT_217s0000g00320.1	Aqcoe5G338800.2.p, Aqcoe5G338800.1.p, Aqcoe2G315700.1.p
OG0001852	VIT_207s0005g00950.2	Aqcoe2G283300.1.p
OG0001852	VIT_201s0011g03920.1, VIT_201s0011g03920.2	Aqcoe3G402800.2.p, Aqcoe3G402800.3.p, Aqcoe3G402800.4.p, Aqcoe3G402800.1.p
OG0001853	VIT_204s0023g02130.1, VIT_218s0001g12830.1	Aqcoe6G124700.1.p
OG0001854	VIT_213s0067g02170.1, VIT_213s0067g02170.3, VIT_213s0067g02170.2	Aqcoe2G080900.1.p
OG0001855	VIT_213s0019g04660.2, VIT_213s0019g04660.5, VIT_213s0019g04660.6, VIT_213s0019g04660.7, VIT_213s0019g04660.4, VIT_213s0019g04660.3, VIT_213s0019g04660.1	Aqcoe1G136500.2.p, Aqcoe1G136500.1.p, Aqcoe1G136500.3.p, Aqcoe2G143700.2.p, Aqcoe2G143700.1.p
OG0001856	VIT_218s0001g07640.1, VIT_205s0029g00480.1	Aqcoe5G166900.1.p, Aqcoe2G406600.1.p
OG0001857	VIT_205s0049g01860.2, VIT_205s0049g01860.1, VIT_207s0005g04220.1, VIT_207s0005g04220.2	Aqcoe2G383800.1.p, Aqcoe2G383800.2.p
OG0001858	VIT_202s0025g03750.1, VIT_202s0025g03730.2, VIT_202s0025g03730.1, VIT_202s0025g03730.3, VIT_202s0025g03740.1	Aqcoe5G387400.1.p, Aqcoe2G300000.1.p
OG0001859	VIT_207s0005g06300.1, VIT_207s0005g06300.2, VIT_208s0056g00610.1, VIT_208s0056g00610.5, VIT_208s0056g00610.2, VIT_208s0056g00610.3, VIT_208s0056g00610.4, VIT_208s0056g00610.6	Aqcoe2G400000.1.p, Aqcoe2G400000.3.p, Aqcoe2G400000.2.p
OG0001860	VIT_204s0023g02700.1	Aqcoe6G131300.1.p
OG0001860	VIT_218s0001g13250.1	Aqcoe6G131400.1.p
OG0001861	VIT_215s0048g00950.1	Aqcoe7G068700.1.p
OG0001861	VIT_212s0035g02100.2, VIT_212s0035g02100.1, VIT_212s0035g02110.1, VIT_212s0035g02040.1, VIT_212s0035g02110.4, VIT_212s0035g02110.6, VIT_212s0035g02110.5, VIT_212s0035g02110.2, VIT_212s0035g02110.3, VIT_212s0035g02110.7	Aqcoe6G001100.1.p
OG0001862	VIT_218s0001g11060.1	Aqcoe5G157600.1.p, Aqcoe6G147600.2.p, Aqcoe6G147600.1.p
OG0001863	VIT_203s0063g00140.1, VIT_203s0063g00140.2, VIT_203s0063g00140.3	Aqcoe6G136900.2.p
OG0001863	VIT_207s0031g00350.1	Aqcoe6G136800.2.p, Aqcoe6G136800.1.p, Aqcoe6G136900.1.p
OG0001864	VIT_207s0130g00190.1, VIT_207s0130g00190.2, VIT_207s0130g00190.3	Aqcoe5G196600.1.p, Aqcoe6G004500.1.p
OG0001865	VIT_212s0028g03420.3, VIT_212s0028g03420.1, VIT_212s0028g03420.4, VIT_212s0028g03420.5, VIT_212s0028g03420.2, VIT_209s0096g00110.1, VIT_209s0096g00040.1	Aqcoe6G304300.4.p, Aqcoe6G304300.2.p, Aqcoe6G304300.3.p, Aqcoe6G304300.10.p, Aqcoe6G304300.9.p, Aqcoe6G304300.7.p, Aqcoe6G304300.8.p, Aqcoe6G304300.6.p, Aqcoe6G304300.5.p, Aqcoe6G304300.1.p
OG0001865	VIT_201s0010g01065.1, VIT_209s0096g00325.1	Aqcoe3G193700.1.p
OG0001866	VIT_218s0001g11620.1, VIT_218s0001g11620.2, VIT_200s0207g00280.3, VIT_200s0207g00280.2, VIT_200s0207g00280.1	Aqcoe6G103500.2.p, Aqcoe6G103500.3.p, Aqcoe6G103500.1.p, Aqcoe6G103500.4.p, Aqcoe5G205000.1.p
OG0001867	VIT_207s0031g02320.3, VIT_207s0031g02320.2, VIT_207s0031g02320.1, VIT_200s0208g00090.1	Aqcoe6G029200.1.p
OG0001867	VIT_211s0016g00820.1, VIT_211s0016g00820.2	Aqcoe7G109600.1.p, Aqcoe7G109600.2.p
OG0001868	VIT_218s0001g12090.3, VIT_218s0001g12090.4, VIT_218s0001g12090.5, VIT_218s0001g12090.2, VIT_218s0001g12090.6, VIT_218s0001g12090.1	Aqcoe6G111200.2.p, Aqcoe6G111200.1.p
OG0001869	VIT_204s0023g01250.1, VIT_218s0001g12020.1	Aqcoe6G111000.1.p
OG0001870	VIT_218s0001g07630.1, VIT_218s0001g07630.2	Aqcoe6G092800.1.p
OG0001870	VIT_211s0052g00880.1	Aqcoe7G320400.1.p
OG0001871	VIT_218s0001g09300.2, VIT_218s0001g09300.1, VIT_203s0091g00580.1	Aqcoe6G289300.2.p, Aqcoe6G289300.3.p, Aqcoe6G289300.1.p, Aqcoe5G105000.1.p, Aqcoe5G105000.2.p
OG0001872	VIT_203s0038g02280.1, VIT_203s0038g02280.2, VIT_203s0038g02280.3, VIT_203s0038g02280.4, VIT_203s0038g02280.5	Aqcoe5G212400.1.p
OG0001872	VIT_204s0023g03670.1	Aqcoe6G222700.1.p
OG0001873	VIT_203s0063g00120.3, VIT_203s0063g00120.4, VIT_203s0063g00120.2, VIT_203s0063g00120.1	Aqcoe6G135900.1.p, Aqcoe6G135900.2.p, Aqcoe6G136000.1.p
OG0001874	VIT_206s0004g06830.1	Aqcoe1G415100.3.p, Aqcoe1G415100.2.p, Aqcoe1G415100.1.p
OG0001875	VIT_203s0038g00690.1	Aqcoe6G248700.3.p, Aqcoe6G248700.4.p, Aqcoe6G248700.2.p, Aqcoe6G248700.1.p
OG0001875	VIT_204s0023g03030.2, VIT_204s0023g03030.3, VIT_204s0023g03030.1	Aqcoe5G178200.2.p, Aqcoe5G178200.1.p
OG0001876	VIT_218s0001g11890.6, VIT_218s0001g11890.3, VIT_218s0001g11890.2, VIT_218s0001g11890.1, VIT_201s0010g02110.1, VIT_218s0001g11890.4, VIT_218s0001g11890.5	Aqcoe5G200300.1.p, Aqcoe5G200300.3.p, Aqcoe5G200300.2.p
OG0001876	VIT_204s0023g01130.1, VIT_203s0063g02050.1	Aqcoe6G108600.1.p
OG0001877	VIT_206s0004g08300.2, VIT_206s0004g08300.3, VIT_206s0004g08300.4, VIT_206s0004g08300.1, VIT_208s0056g00440.1, VIT_208s0056g00440.3, VIT_208s0056g00440.4, VIT_208s0056g00440.2	Aqcoe0017s0010.1.p
OG0001878	VIT_219s0014g03190.1, VIT_219s0014g03190.2, VIT_219s0014g03190.3, VIT_219s0014g03190.4	Aqcoe4G147400.1.p
OG0001878	VIT_200s0652g00020.3, VIT_200s0652g00020.2, VIT_200s0652g00020.1	Aqcoe1G317700.1.p
OG0001880	VIT_214s0006g01790.1, VIT_214s0006g01790.5, VIT_214s0006g01790.3, VIT_214s0006g01790.2, VIT_214s0006g01790.4, VIT_217s0000g02680.1	Aqcoe4G010700.2.p, Aqcoe4G010700.1.p, Aqcoe4G010800.1.p, Aqcoe4G010600.1.p, Aqcoe3G410000.1.p
OG0001881	VIT_210s0003g00060.3, VIT_210s0003g00060.2, VIT_210s0003g00060.8, VIT_210s0003g00060.9, VIT_210s0003g00060.10, VIT_210s0003g00060.7, VIT_210s0003g00060.4, VIT_210s0003g00060.5, VIT_210s0003g00060.6, VIT_210s0003g00060.1	Aqcoe4G093100.2.p, Aqcoe4G093100.1.p, Aqcoe4G093100.6.p, Aqcoe4G093100.3.p, Aqcoe4G093100.5.p, Aqcoe4G093100.4.p
OG0001882	VIT_219s0014g03320.1, VIT_219s0014g03320.4, VIT_219s0014g03320.2, VIT_219s0014g03320.3	Aqcoe4G149500.1.p, Aqcoe4G155400.1.p
OG0001882	VIT_212s0059g01850.1, VIT_212s0059g01850.2, VIT_212s0059g01850.4, VIT_212s0059g01850.3	Aqcoe1G322100.4.p, Aqcoe1G322100.3.p, Aqcoe1G322100.1.p, Aqcoe1G322100.2.p
OG0001883	VIT_201s0150g00070.1, VIT_214s0068g01070.3, VIT_214s0068g01070.1, VIT_214s0068g01070.2	Aqcoe7G012100.1.p, Aqcoe4G045400.1.p, Aqcoe5G325600.10.p, Aqcoe5G325600.8.p, Aqcoe5G325600.9.p, Aqcoe5G325600.2.p, Aqcoe5G325600.3.p, Aqcoe5G325600.1.p, Aqcoe5G325600.4.p, Aqcoe5G325600.7.p, Aqcoe5G325600.6.p, Aqcoe5G325600.5.p
OG0001884	VIT_212s0028g03310.1, VIT_212s0028g03310.2, VIT_212s0028g03310.3	Aqcoe1G257000.1.p
OG0001884	VIT_219s0014g02340.3, VIT_219s0014g02340.1	Aqcoe4G091700.3.p, Aqcoe4G091700.2.p, Aqcoe4G091700.1.p
OG0001885	VIT_205s0077g01400.2, VIT_205s0077g01400.1, VIT_205s0077g01400.7, VIT_205s0077g01400.4, VIT_205s0077g01400.6, VIT_207s0005g01120.1, VIT_207s0005g01120.6, VIT_207s0005g01120.3, VIT_207s0005g01120.2, VIT_207s0005g01120.4, VIT_207s0005g01120.5	Aqcoe3G102500.1.p, Aqcoe3G102500.3.p, Aqcoe3G102500.2.p
OG0001885	VIT_212s0035g01360.1	Aqcoe5G314600.4.p, Aqcoe5G314600.3.p, Aqcoe5G314600.1.p, Aqcoe5G314600.2.p
OG0001886	VIT_205s0062g01190.1, VIT_205s0062g01190.2	Aqcoe1G035600.1.p
OG0001886	VIT_219s0090g01530.1	Aqcoe4G277500.2.p, Aqcoe4G277800.2.p, Aqcoe4G277500.1.p, Aqcoe4G277800.1.p
OG0001887	VIT_212s0028g02590.2, VIT_212s0028g02590.3, VIT_212s0028g02590.1, VIT_219s0014g01780.2, VIT_219s0014g01780.1	Aqcoe1G242500.1.p, Aqcoe4G068200.1.p
OG0001888	VIT_212s0142g00430.1	Aqcoe4G100000.1.p, Aqcoe5G221100.1.p
OG0001888	VIT_202s0033g01400.1	Aqcoe3G183400.1.p, Aqcoe5G325700.1.p
OG0001889	VIT_216s0022g00960.1, VIT_200s0323g00050.1	Aqcoe7G076300.1.p, Aqcoe7G076200.1.p
OG0001890	VIT_214s0068g00340.3, VIT_214s0068g00340.1, VIT_214s0068g00340.2, VIT_208s0040g01420.1	Aqcoe3G369400.1.p, Aqcoe3G369400.2.p, Aqcoe7G018800.2.p, Aqcoe7G018800.1.p
OG0001891	VIT_216s0039g02230.1, VIT_206s0009g02010.1, VIT_206s0009g01990.1, VIT_206s0009g02000.1, VIT_206s0009g01960.1, VIT_211s0052g01630.1, VIT_211s0052g01600.1, VIT_211s0052g01640.1, VIT_211s0052g01580.1	Aqcoe7G256700.1.p, Aqcoe7G256600.1.p
OG0001892	VIT_211s0052g00670.1	Aqcoe7G316600.2.p, Aqcoe7G316600.3.p, Aqcoe7G316600.1.p, Aqcoe7G316600.4.p
OG0001894	VIT_215s0048g01320.1, VIT_216s0022g02310.1	Aqcoe7G054600.1.p
OG0001895	VIT_211s0016g03330.2, VIT_211s0016g03330.1, VIT_204s0008g03350.1	Aqcoe7G411800.1.p, Aqcoe7G159500.1.p
OG0001896	VIT_204s0008g05730.1, VIT_211s0118g00200.2, VIT_211s0118g00200.1	Aqcoe7G378600.1.p
OG0001897	VIT_209s0002g00470.1, VIT_209s0002g00470.4, VIT_209s0002g00470.2, VIT_209s0002g00470.5, VIT_209s0002g00470.3	Aqcoe7G439900.2.p, Aqcoe7G439900.1.p
OG0001898	VIT_209s0002g01350.1, VIT_202s0025g04910.1, VIT_211s0016g01250.1	Aqcoe7G112900.4.p, Aqcoe7G112900.1.p, Aqcoe7G112900.3.p, Aqcoe7G112900.2.p
OG0001899	VIT_211s0037g00560.3, VIT_211s0037g00560.1, VIT_211s0037g00560.2	Aqcoe7G352300.1.p, Aqcoe7G352300.2.p
OG0001900	VIT_211s0118g00070.1, VIT_211s0118g00030.1, VIT_211s0118g00060.1, VIT_211s0118g00020.1, VIT_211s0118g00170.1, VIT_211s0118g00170.2, VIT_211s0118g00170.3, VIT_211s0118g00170.4, VIT_204s0008g05720.1	Aqcoe7G378700.1.p, Aqcoe7G101700.1.p, Aqcoe7G378300.1.p
OG0001901	VIT_215s0048g01650.3, VIT_215s0048g01650.2, VIT_215s0048g01650.1, VIT_215s0048g01650.5, VIT_215s0048g01650.6, VIT_215s0048g01650.4	Aqcoe7G058100.2.p, Aqcoe7G058100.1.p
OG0001902	VIT_211s0016g05700.1, VIT_211s0016g05700.3, VIT_211s0016g05700.2, VIT_211s0016g05700.8, VIT_211s0016g05700.6, VIT_211s0016g05700.7, VIT_211s0016g05700.9, VIT_211s0016g05700.5, VIT_211s0016g05700.4	Aqcoe7G383900.2.p, Aqcoe7G383900.1.p
OG0001903	VIT_216s0098g01850.1, VIT_202s0025g01660.1	Aqcoe7G009000.1.p
OG0001904	VIT_209s0002g04220.1	Aqcoe7G404800.1.p, Aqcoe7G404800.2.p
OG0001904	VIT_203s0063g02420.1, VIT_203s0063g02420.2	Aqcoe5G195200.2.p, Aqcoe5G195200.1.p
OG0001905	VIT_213s0067g03230.1, VIT_206s0004g08170.7, VIT_206s0004g08170.8, VIT_206s0004g08170.1, VIT_206s0004g08170.2, VIT_206s0004g08170.6, VIT_206s0004g08170.5, VIT_206s0004g08170.9, VIT_206s0004g08170.3, VIT_206s0004g08170.4	Aqcoe1G501200.2.p, Aqcoe1G501200.1.p, Aqcoe1G501200.3.p, Aqcoe1G501200.4.p
OG0001906	VIT_213s0019g01040.1, VIT_212s0059g00030.1	Aqcoe1G464600.1.p
OG0001907	VIT_209s0002g00810.4, VIT_209s0002g00810.6, VIT_209s0002g00810.5, VIT_209s0002g00810.1, VIT_209s0002g00810.7, VIT_209s0002g00810.3, VIT_209s0002g00810.2	Aqcoe1G220200.4.p, Aqcoe1G220200.5.p, Aqcoe1G220200.3.p, Aqcoe1G220200.2.p, Aqcoe1G220200.6.p, Aqcoe1G220200.1.p
OG0001908	VIT_212s0059g02320.2, VIT_212s0059g02320.1, VIT_219s0177g00230.2, VIT_219s0177g00230.3, VIT_219s0177g00230.1	Aqcoe1G353100.1.p
OG0001909	VIT_203s0063g02610.1	Aqcoe1G413200.1.p
OG0001910	VIT_206s0004g03410.1, VIT_213s0019g03640.1, VIT_208s0040g02420.1	Aqcoe3G154300.1.p, Aqcoe1G489900.1.p
OG0001911	VIT_212s0059g01460.1, VIT_207s0031g02760.1, VIT_219s0090g01080.1	Aqcoe1G466400.1.p
OG0001912	VIT_208s0058g00740.2, VIT_208s0058g00740.1, VIT_208s0058g00740.5, VIT_208s0058g00740.4, VIT_208s0058g00740.3, VIT_208s0058g00730.1	Aqcoe1G393100.2.p, Aqcoe1G393100.1.p
OG0001913	VIT_200s2574g00010.1	Aqcoe1G218600.2.p
OG0001913	VIT_219s0014g01020.3, VIT_219s0014g01020.1	Aqcoe5G129300.1.p, Aqcoe1G218600.1.p
OG0001914	VIT_210s0003g01040.1	Aqcoe1G283800.1.p
OG0001915	VIT_201s0011g01480.2, VIT_201s0011g01480.3, VIT_201s0011g01480.1	Aqcoe1G162800.4.p, Aqcoe1G162800.3.p, Aqcoe1G162800.5.p, Aqcoe1G162800.1.p, Aqcoe1G162800.2.p
OG0001916	VIT_208s0007g01780.2, VIT_208s0007g01780.1	Aqcoe1G472400.3.p, Aqcoe1G472400.1.p, Aqcoe1G472400.2.p
OG0001917	VIT_210s0116g01720.1, VIT_200s1488g00010.1, VIT_219s0090g00510.4, VIT_219s0090g00510.1, VIT_219s0090g00510.2, VIT_219s0090g00510.3	Aqcoe1G232700.1.p, Aqcoe1G232700.2.p, Aqcoe1G232700.3.p
OG0001918	VIT_212s0059g01550.4, VIT_212s0059g01550.3, VIT_212s0059g01550.1, VIT_212s0059g01550.2, VIT_212s0059g01480.1	Aqcoe1G410800.1.p
OG0001918	VIT_212s0059g01500.1	Aqcoe5G362300.1.p
OG0001919	VIT_218s0072g00870.3, VIT_218s0072g00870.5, VIT_218s0072g00870.8, VIT_218s0072g00870.2, VIT_218s0072g00870.6, VIT_218s0072g00870.1, VIT_218s0072g00870.7, VIT_218s0072g00870.4	Aqcoe1G175900.2.p, Aqcoe1G175900.1.p
OG0001920	VIT_208s0007g03390.1	Aqcoe1G446000.1.p, Aqcoe1G446000.3.p, Aqcoe1G446000.2.p
OG0001921	VIT_212s0059g01690.1, VIT_212s0059g01690.5, VIT_212s0059g01690.3, VIT_212s0059g01690.4, VIT_212s0059g01690.2	Aqcoe1G334200.2.p, Aqcoe1G334200.3.p, Aqcoe1G334200.1.p
OG0001921	VIT_201s0026g01700.2, VIT_201s0026g01700.1	Aqcoe3G328200.1.p
OG0001922	VIT_205s0049g01460.4, VIT_205s0049g01460.1, VIT_205s0049g01460.3, VIT_205s0049g01460.2, VIT_205s0049g01460.6, VIT_205s0049g01460.5, VIT_207s0005g03830.1	Aqcoe5G020300.1.p
OG0001923	VIT_207s0005g04710.2, VIT_207s0005g04710.3, VIT_207s0005g04710.1, VIT_207s0005g04710.4	Aqcoe5G009200.1.p, Aqcoe5G009200.2.p
OG0001924	VIT_204s0023g01240.1, VIT_216s0022g01970.1, VIT_216s0115g00360.1, VIT_204s0023g01290.1	Aqcoe5G198500.1.p
OG0001925	VIT_218s0001g10060.1, VIT_203s0063g00010.1, VIT_218s0001g10040.1, VIT_218s0001g10050.1, VIT_203s0063g00020.1	Aqcoe5G143900.1.p
OG0001926	VIT_200s0591g00020.1, VIT_200s1217g00010.1, VIT_200s0391g00070.1, VIT_218s0001g06250.1	Aqcoe5G301900.2.p, Aqcoe5G301900.1.p
OG0001927	VIT_203s0132g00210.6, VIT_203s0132g00210.7, VIT_203s0132g00210.5, VIT_203s0132g00210.1, VIT_203s0132g00210.4, VIT_203s0132g00210.8, VIT_203s0132g00210.3, VIT_203s0132g00210.2, VIT_203s0132g00200.1	Aqcoe5G164200.3.p, Aqcoe5G164200.2.p, Aqcoe5G164200.1.p
OG0001928	VIT_214s0066g02320.5, VIT_214s0066g02320.4, VIT_214s0066g02320.3, VIT_214s0066g02320.2, VIT_214s0066g02320.1, VIT_219s0085g00060.1	Aqcoe3G312900.1.p, Aqcoe3G335100.1.p
OG0001929	VIT_217s0000g02550.3, VIT_217s0000g02550.1, VIT_217s0000g02550.2	Aqcoe3G014400.1.p
OG0001930	VIT_219s0027g01660.1, VIT_219s0027g01660.2	Aqcoe3G428000.1.p
OG0001931	VIT_217s0000g05630.2, VIT_217s0000g05630.1, VIT_201s0026g01550.3, VIT_201s0026g01550.1, VIT_201s0026g01550.2	Aqcoe3G325400.1.p
OG0001932	VIT_215s0021g00220.2, VIT_215s0021g00220.1	Aqcoe3G249200.1.p
OG0001933	VIT_201s0026g01240.3, VIT_201s0026g01240.2, VIT_201s0026g01240.1, VIT_217s0000g05410.1	Aqcoe3G099300.1.p, Aqcoe3G317200.1.p
OG0001934	VIT_216s0013g01920.1, VIT_216s0013g01920.2, VIT_216s0013g01920.4, VIT_216s0013g01920.3	Aqcoe3G272800.2.p, Aqcoe3G272800.3.p, Aqcoe3G272800.1.p
OG0001935	VIT_201s0127g00680.1, VIT_201s0127g00680.2, VIT_217s0000g08370.1, VIT_217s0000g08370.5, VIT_217s0000g08370.3, VIT_217s0000g08370.4, VIT_217s0000g08370.2	Aqcoe3G122600.1.p
OG0001936	VIT_204s0079g00200.6, VIT_204s0079g00200.7, VIT_204s0079g00200.5, VIT_204s0079g00200.2, VIT_204s0079g00200.4, VIT_204s0079g00200.3, VIT_204s0079g00200.1	Aqcoe3G431200.1.p
OG0001937	VIT_217s0000g05500.1	Aqcoe3G321800.5.p, Aqcoe3G321800.4.p, Aqcoe3G321800.2.p, Aqcoe3G321800.6.p, Aqcoe3G321800.7.p, Aqcoe3G321800.1.p, Aqcoe3G321800.3.p
OG0001938	VIT_217s0000g06190.1, VIT_214s0108g00830.1, VIT_214s0108g00830.2	Aqcoe3G338000.1.p
OG0001939	VIT_214s0066g02590.1	Aqcoe3G323300.2.p, Aqcoe3G323300.3.p, Aqcoe3G323300.1.p, Aqcoe3G323300.4.p, Aqcoe3G323200.1.p, Aqcoe3G323200.2.p
OG0001958	VIT_213s0158g00320.1, VIT_213s0158g00320.2, VIT_213s0158g00320.3, VIT_200s0252g00040.1	Aqcoe2G024800.1.p, Aqcoe1G038400.1.p, Aqcoe1G038400.2.p
OG0001959	VIT_201s0011g05400.4, VIT_201s0011g05400.1, VIT_201s0011g05400.3, VIT_201s0011g05400.2	Aqcoe2G041900.2.p, Aqcoe2G041900.1.p, Aqcoe2G041900.3.p
OG0001959	VIT_205s0049g01740.1, VIT_205s0049g01740.2, VIT_205s0049g01740.4, VIT_205s0049g01740.3	Aqcoe2G381500.2.p, Aqcoe2G381500.3.p, Aqcoe2G381500.1.p
OG0001960	VIT_214s0030g00440.1, VIT_214s0030g00440.2, VIT_207s0104g00930.1	Aqcoe2G319700.2.p, Aqcoe2G319700.1.p
OG0001961	VIT_208s0007g03450.1, VIT_206s0080g00290.1, VIT_216s0100g00700.1	Aqcoe2G140500.1.p
OG0001962	VIT_219s0014g02520.1	Aqcoe2G194800.1.p
OG0001963	VIT_206s0061g00530.1, VIT_206s0061g00530.2	Aqcoe2G206200.1.p
OG0001964	VIT_206s0004g07460.1	Aqcoe1G148100.1.p, Aqcoe2G081100.1.p
OG0001964	VIT_210s0003g01310.1	Aqcoe1G225300.1.p, Aqcoe4G043100.1.p
OG0001965	VIT_208s0007g04250.1	Aqcoe1G118500.1.p
OG0001965	VIT_212s0057g01420.1, VIT_212s0057g01420.2	Aqcoe1G377000.1.p
OG0001965	VIT_212s0057g01410.1	Aqcoe4G251800.2.p, Aqcoe4G251800.1.p
OG0001966	VIT_205s0102g00270.4, VIT_205s0102g00270.1, VIT_205s0102g00270.3, VIT_205s0102g00270.2	Aqcoe2G430400.1.p, Aqcoe2G430400.6.p, Aqcoe2G430400.4.p, Aqcoe2G430400.5.p, Aqcoe2G430400.3.p, Aqcoe2G430400.2.p
OG0001967	VIT_207s0005g04380.1, VIT_207s0005g04380.3, VIT_207s0005g04380.7, VIT_207s0005g04380.6, VIT_207s0005g04380.5, VIT_207s0005g04380.4, VIT_207s0005g04380.2, VIT_205s0049g01970.1, VIT_205s0049g01970.2	Aqcoe2G385200.1.p, Aqcoe2G385200.2.p, Aqcoe2G385200.3.p
OG0001968	VIT_207s0104g01320.2, VIT_207s0104g01320.1, VIT_214s0030g01240.4, VIT_214s0030g01240.3, VIT_214s0030g01240.1, VIT_214s0030g01240.2	Aqcoe5G072500.1.p, Aqcoe2G310400.1.p
OG0001969	VIT_212s0059g00270.2	Aqcoe2G161800.2.p, Aqcoe2G161800.1.p
OG0001969	VIT_219s0014g03160.4, VIT_219s0014g03160.1, VIT_219s0014g03160.2	Aqcoe1G317100.1.p
OG0001970	VIT_212s0035g02180.1	Aqcoe6G000900.1.p
OG0001970	VIT_200s0340g00050.1	Aqcoe2G438500.1.p
OG0001971	VIT_213s0019g01540.1, VIT_213s0019g01520.1, VIT_213s0019g01550.1, VIT_213s0019g01560.1	Aqcoe2G030400.1.p, Aqcoe2G030200.1.p, Aqcoe2G030100.1.p, Aqcoe2G140700.1.p, Aqcoe2G029900.1.p, Aqcoe1G357200.1.p
OG0001972	VIT_206s0004g05800.2, VIT_206s0004g05800.3, VIT_206s0004g05800.1, VIT_208s0007g01510.2, VIT_208s0007g01510.1	Aqcoe1G091900.3.p, Aqcoe1G091900.2.p, Aqcoe1G091900.1.p, Aqcoe2G036600.1.p
OG0001973	VIT_200s0317g00140.1, VIT_208s0040g02730.1, VIT_206s0004g04010.1	Aqcoe1G477500.1.p, Aqcoe2G175400.1.p
OG0001974	VIT_203s0017g01950.2, VIT_203s0017g01950.1	Aqcoe5G014600.2.p, Aqcoe5G014600.1.p
OG0001974	VIT_208s0007g04480.1	Aqcoe1G123000.1.p
OG0001975	VIT_205s0020g02270.1	Aqcoe5G067000.1.p, Aqcoe5G067000.2.p, Aqcoe2G321400.1.p
OG0001975	VIT_211s0149g00060.1	Aqcoe7G367400.1.p
OG0001976	VIT_201s0010g00650.1	Aqcoe3G379500.1.p, Aqcoe3G379600.1.p, Aqcoe3G379700.1.p, Aqcoe4G264000.1.p, Aqcoe3G379400.1.p, Aqcoe1G272800.1.p, Aqcoe1G272700.1.p, Aqcoe3G379800.1.p, Aqcoe2G281400.2.p, Aqcoe2G281400.1.p, Aqcoe2G281400.3.p
OG0001976	VIT_214s0083g00840.3, VIT_214s0083g00840.2, VIT_214s0083g00840.1, VIT_214s0083g00830.1, VIT_213s0019g00770.1	Aqcoe3G379300.1.p, Aqcoe3G379100.1.p, Aqcoe3G379000.1.p, Aqcoe3G379200.1.p, Aqcoe3G378900.1.p, Aqcoe3G379900.1.p, Aqcoe3G379900.2.p
OG0001977	VIT_206s0004g07940.1, VIT_206s0004g07940.2, VIT_213s0067g02700.1	Aqcoe1G401500.1.p, Aqcoe7G407400.1.p, Aqcoe2G076100.2.p, Aqcoe2G076100.1.p
OG0001978	VIT_207s0005g03170.1, VIT_200s2071g00010.1	Aqcoe5G121400.1.p, Aqcoe7G313600.1.p, Aqcoe7G313600.2.p, Aqcoe6G175700.3.p, Aqcoe6G175700.2.p, Aqcoe6G175700.4.p, Aqcoe2G107600.1.p, Aqcoe6G175700.1.p
OG0001979	VIT_207s0005g00840.1, VIT_205s0077g01840.1	Aqcoe5G093400.1.p
OG0001980	VIT_212s0059g01040.1	Aqcoe1G298800.5.p, Aqcoe1G298800.3.p, Aqcoe1G298800.1.p, Aqcoe1G298800.2.p, Aqcoe1G298800.4.p, Aqcoe4G217000.1.p
OG0001981	VIT_205s0020g00390.5, VIT_205s0020g00390.1, VIT_205s0020g00390.3, VIT_205s0020g00390.2, VIT_205s0020g00390.4, VIT_207s0005g02110.1, VIT_207s0005g02110.5, VIT_207s0005g02110.2, VIT_207s0005g02110.3, VIT_207s0005g02110.6, VIT_207s0005g02110.7, VIT_207s0005g02110.4	Aqcoe2G260900.1.p
OG0001982	VIT_203s0038g00350.2, VIT_203s0038g00350.1	Aqcoe6G255700.1.p
OG0001983	VIT_203s0038g02420.2, VIT_203s0038g02420.3, VIT_203s0038g02420.1	Aqcoe6G218600.1.p
OG0001984	VIT_206s0004g06270.1, VIT_206s0004g06270.2	Aqcoe1G428800.2.p, Aqcoe1G428800.4.p, Aqcoe1G428800.1.p, Aqcoe1G428800.3.p
OG0001984	VIT_204s0044g01330.1, VIT_204s0044g01330.4, VIT_204s0044g01330.3, VIT_204s0044g01330.2	Aqcoe6G039000.1.p
OG0001985	VIT_218s0001g09490.1, VIT_207s0129g00620.1, VIT_207s0129g00620.2	Aqcoe6G298500.1.p
OG0001986	VIT_200s0415g00040.2, VIT_200s0415g00040.1, VIT_200s0262g00150.1, VIT_200s1916g00010.1	Aqcoe6G067900.1.p
OG0001987	VIT_218s0001g15310.1	Aqcoe6G037300.1.p
OG0001987	VIT_212s0028g03850.1	Aqcoe1G269500.1.p, Aqcoe7G244900.1.p
OG0001987	VIT_219s0014g02890.1	Aqcoe4G110000.1.p
OG0001988	VIT_203s0038g02760.2, VIT_203s0038g02760.1, VIT_203s0038g02760.3, VIT_218s0001g01020.1, VIT_203s0038g02760.4, VIT_203s0038g02760.5	Aqcoe5G130500.1.p, Aqcoe6G236200.1.p
OG0001989	VIT_207s0191g00250.1	Aqcoe6G074900.1.p
OG0001989	VIT_200s0357g00060.2, VIT_200s0357g00060.3, VIT_200s0357g00060.1, VIT_200s0895g00010.1, VIT_200s0357g00080.1, VIT_218s0001g05030.1, VIT_218s0001g05030.2	Aqcoe6G075000.1.p
OG0001990	VIT_203s0038g01350.1	Aqcoe5G164600.1.p, Aqcoe6G089300.1.p, Aqcoe6G089300.2.p
OG0001990	VIT_211s0037g00890.1, VIT_211s0037g00890.2, VIT_211s0037g00890.3	Aqcoe7G342400.1.p, Aqcoe7G342300.1.p
OG0001991	VIT_203s0091g00670.1, VIT_207s0129g00330.1	Aqcoe6G287400.1.p
OG0001991	VIT_218s0001g09250.1	Aqcoe5G104200.1.p
OG0001992	VIT_218s0001g05060.4, VIT_218s0001g05060.2, VIT_218s0001g05060.1, VIT_218s0001g05060.6, VIT_218s0001g05060.5, VIT_218s0001g05060.3	Aqcoe6G061700.2.p, Aqcoe6G061700.1.p, Aqcoe6G061700.4.p, Aqcoe6G061700.3.p
OG0001993	VIT_207s0031g00220.3, VIT_207s0031g00220.2, VIT_207s0031g00220.1	Aqcoe6G134300.1.p, Aqcoe5G145900.2.p, Aqcoe5G145900.1.p
OG0001994	VIT_211s0016g05840.1	Aqcoe6G315100.1.p, Aqcoe7G382400.1.p
OG0001994	VIT_203s0017g02260.1, VIT_203s0017g02200.1	Aqcoe4G008300.1.p
OG0001995	VIT_200s0647g00010.1	Aqcoe7G153300.1.p
OG0001995	VIT_200s0586g00010.1, VIT_200s0586g00010.6, VIT_200s0586g00010.7, VIT_200s0586g00010.3, VIT_200s0586g00010.4, VIT_200s0586g00010.5, VIT_200s0586g00010.2	Aqcoe4G129700.2.p, Aqcoe4G129700.1.p
OG0001996	VIT_212s0028g02440.1, VIT_210s0003g01070.1	Aqcoe1G284000.2.p, Aqcoe1G284000.1.p, Aqcoe4G056900.1.p
OG0001997	VIT_219s0014g01740.2, VIT_219s0014g01710.1, VIT_219s0014g01710.2, VIT_219s0014g01740.3, VIT_219s0014g01740.4, VIT_219s0014g01740.1, VIT_212s0028g02570.2	Aqcoe1G240700.1.p, Aqcoe1G240600.1.p, Aqcoe4G061200.1.p, Aqcoe4G061200.2.p
OG0001998	VIT_219s0014g01850.1, VIT_219s0014g01850.2, VIT_203s0097g00680.1, VIT_203s0088g00930.1, VIT_203s0088g01090.1	Aqcoe4G069500.1.p
OG0001999	VIT_208s0056g00470.1	Aqcoe1G267800.2.p, Aqcoe1G267800.1.p
OG0002000	VIT_219s0090g01070.1	Aqcoe4G297900.1.p, Aqcoe4G297900.2.p
OG0002000	VIT_212s0059g01320.2, VIT_212s0059g01320.1, VIT_212s0059g01320.3	Aqcoe1G338900.4.p, Aqcoe1G338900.3.p, Aqcoe1G338900.2.p, Aqcoe1G338900.1.p
OG0002001	VIT_203s0063g01510.1, VIT_212s0028g01670.1, VIT_210s0003g01680.1, VIT_210s0003g01680.2	Aqcoe4G028600.1.p, Aqcoe4G028600.3.p, Aqcoe4G028600.2.p
OG0002002	VIT_210s0003g01460.1, VIT_210s0003g01460.2, VIT_210s0003g01460.4	Aqcoe1G221900.1.p
OG0002002	VIT_212s0059g01280.4, VIT_212s0059g01280.3, VIT_212s0059g01280.2, VIT_212s0059g01280.1	Aqcoe1G340500.1.p, Aqcoe4G298400.1.p
OG0002003	VIT_211s0016g04820.9, VIT_211s0016g04820.6, VIT_211s0016g04820.3, VIT_211s0016g04820.1, VIT_211s0016g04820.5, VIT_211s0016g04820.8, VIT_211s0016g04820.7, VIT_211s0016g04820.2, VIT_211s0016g04820.4, VIT_204s0008g05040.2, VIT_204s0008g05040.1	Aqcoe7G394100.1.p, Aqcoe7G213200.1.p
OG0002004	VIT_209s0002g04440.2, VIT_209s0002g04440.1, VIT_204s0008g03900.1	Aqcoe7G177900.1.p, Aqcoe7G405400.1.p, Aqcoe7G405400.2.p
OG0002005	VIT_204s0008g01260.3, VIT_204s0008g01260.1, VIT_204s0008g01260.4, VIT_204s0008g01260.2	Aqcoe7G428400.1.p, Aqcoe7G127600.1.p
OG0002006	VIT_202s0109g00250.2, VIT_202s0109g00250.1	Aqcoe7G096100.1.p
OG0002006	VIT_218s0001g00280.1, VIT_218s0001g00290.1	Aqcoe5G124700.1.p
OG0002007	VIT_211s0103g00370.1	Aqcoe7G291900.2.p, Aqcoe7G291900.3.p, Aqcoe7G291900.1.p
OG0002008	VIT_216s0013g01430.1	Aqcoe3G270600.2.p, Aqcoe3G270600.3.p, Aqcoe3G270600.1.p, Aqcoe3G270600.5.p, Aqcoe3G270600.7.p, Aqcoe3G270600.8.p, Aqcoe3G270600.6.p, Aqcoe3G270600.4.p
OG0002008	VIT_215s0021g01810.3, VIT_215s0021g01810.4, VIT_215s0021g01810.2, VIT_215s0021g01810.1	Aqcoe7G092800.1.p, Aqcoe7G092800.3.p, Aqcoe7G092800.2.p
OG0002009	VIT_200s0475g00040.1, VIT_200s0475g00040.2, VIT_200s0475g00040.14, VIT_200s0475g00040.9, VIT_200s0475g00040.3, VIT_200s0475g00040.10, VIT_200s0475g00040.13, VIT_200s0475g00040.4, VIT_200s0475g00040.5, VIT_200s0475g00040.7, VIT_200s0475g00040.12, VIT_200s0475g00040.8, VIT_200s0475g00040.6, VIT_200s0475g00040.11	Aqcoe7G341000.1.p, Aqcoe7G341000.2.p
OG0002010	VIT_207s0151g00050.1, VIT_209s0002g00740.4, VIT_209s0002g00740.3, VIT_209s0002g00740.2, VIT_209s0002g00740.1	Aqcoe7G106700.1.p, Aqcoe7G431300.1.p
OG0002011	VIT_209s0002g02440.1, VIT_209s0002g02430.1	Aqcoe7G413500.2.p, Aqcoe7G413500.1.p, Aqcoe7G413600.1.p
OG0002012	VIT_204s0079g00810.1	Aqcoe3G428600.1.p
OG0002012	VIT_204s0008g00460.1, VIT_211s0016g02980.1	Aqcoe7G183500.1.p
OG0002013	VIT_216s0022g00840.1, VIT_216s0022g00830.1, VIT_216s0022g00860.1, VIT_216s0022g00870.1, VIT_200s0323g00060.1, VIT_200s0323g00070.1, VIT_200s0323g00076.1, VIT_216s0022g00890.1	Aqcoe7G076400.1.p
OG0002014	VIT_216s0098g01140.1, VIT_215s0048g02840.2, VIT_215s0048g02840.1	Aqcoe7G001800.1.p, Aqcoe7G001800.2.p
OG0002015	VIT_209s0002g03660.1, VIT_209s0002g03660.2, VIT_209s0002g03660.3, VIT_204s0008g00170.2, VIT_204s0008g00170.1	Aqcoe7G409200.1.p, Aqcoe7G409200.2.p
OG0002016	VIT_215s0046g02560.1, VIT_202s0025g03450.3, VIT_202s0025g03450.2, VIT_202s0025g03450.1	Aqcoe7G033100.2.p, Aqcoe7G033100.3.p, Aqcoe7G033100.1.p
OG0002017	VIT_211s0052g01840.1, VIT_211s0052g01840.2	Aqcoe7G333500.2.p, Aqcoe7G333500.1.p, Aqcoe7G256000.1.p, Aqcoe7G256000.2.p
OG0002018	VIT_215s0046g02510.1, VIT_215s0046g02510.3, VIT_215s0046g02510.6, VIT_215s0046g02510.4, VIT_215s0046g02510.5, VIT_215s0046g02510.2, VIT_215s0046g03620.1	Aqcoe7G032100.1.p, Aqcoe7G032100.3.p, Aqcoe7G032100.2.p
OG0002019	VIT_212s0034g00980.1, VIT_212s0034g00970.1, VIT_212s0034g00990.1	Aqcoe7G275900.1.p, Aqcoe7G275900.6.p, Aqcoe7G275900.9.p, Aqcoe7G275900.10.p, Aqcoe7G275900.7.p, Aqcoe7G275900.8.p, Aqcoe7G275900.4.p, Aqcoe7G275900.2.p, Aqcoe7G275900.3.p, Aqcoe7G275900.5.p, Aqcoe3G084900.1.p, Aqcoe3G084400.1.p
OG0002020	VIT_201s0010g03700.1, VIT_201s0010g03700.2, VIT_201s0010g03700.4, VIT_201s0010g03700.6, VIT_201s0010g03700.5, VIT_201s0010g03700.7, VIT_201s0010g03700.3, VIT_201s0010g03700.9, VIT_201s0010g03700.8, VIT_201s0010g03700.10, VIT_201s0010g03700.11	Aqcoe7G241500.1.p
OG0002021	VIT_209s0002g01000.5, VIT_209s0002g01000.1, VIT_209s0002g01000.2, VIT_209s0002g01000.3, VIT_209s0002g01000.4, VIT_211s0016g00890.1	Aqcoe7G110100.1.p
OG0002022	VIT_202s0025g01740.2, VIT_202s0025g01740.1, VIT_215s0046g00290.2, VIT_215s0046g00290.1	Aqcoe7G007400.1.p
OG0002023	VIT_201s0150g00140.2, VIT_201s0150g00140.1	Aqcoe3G422300.1.p, Aqcoe3G422400.1.p, Aqcoe1G334000.1.p, Aqcoe7G260600.1.p, Aqcoe3G031700.1.p, Aqcoe3G031700.2.p
OG0002024	VIT_212s0059g00450.1, VIT_219s0027g01520.2, VIT_219s0027g01520.3, VIT_219s0027g01520.1	Aqcoe7G070800.1.p
OG0002025	VIT_205s0094g00930.1, VIT_205s0094g00930.2, VIT_205s0094g00930.3, VIT_205s0094g00930.4, VIT_200s0582g00020.1, VIT_200s0582g00020.2, VIT_200s0227g00180.1, VIT_200s0227g00190.1	Aqcoe1G191400.2.p, Aqcoe1G191400.1.p
OG0002026	VIT_208s0007g02360.1	Aqcoe1G082500.1.p, Aqcoe1G082900.1.p, Aqcoe1G082300.1.p, Aqcoe1G082400.1.p
OG0002027	VIT_202s0025g00900.1	Aqcoe1G450300.1.p
OG0002027	VIT_201s0010g01130.1, VIT_201s0010g01130.2, VIT_201s0010g01130.3	Aqcoe3G383200.1.p, Aqcoe3G072900.1.p
OG0002028	VIT_203s0017g01450.2, VIT_203s0017g01400.2, VIT_203s0017g01400.1, VIT_203s0017g01450.1, VIT_203s0017g01390.1, VIT_203s0017g01460.3, VIT_203s0017g01410.3, VIT_203s0017g01460.1, VIT_203s0017g01410.1, VIT_203s0017g01410.2, VIT_203s0017g01460.2	Aqcoe1G168700.1.p
OG0002029	VIT_219s0015g01290.1	Aqcoe1G381700.1.p, Aqcoe1G381700.2.p
OG0002029	VIT_219s0015g01300.1	Aqcoe5G085800.1.p
OG0002030	VIT_205s0077g01340.1, VIT_208s0007g06680.3, VIT_208s0007g06680.1, VIT_208s0007g06680.2	Aqcoe1G013700.2.p, Aqcoe1G013700.1.p
OG0002031	VIT_213s0156g00220.2, VIT_213s0156g00220.1, VIT_213s0156g00220.4, VIT_213s0156g00220.3, VIT_206s0004g01210.6, VIT_206s0004g01210.9, VIT_206s0004g01210.1, VIT_206s0004g01210.8, VIT_206s0004g01210.3, VIT_206s0004g01210.10, VIT_206s0004g01210.4, VIT_206s0004g01210.7, VIT_206s0004g01210.5, VIT_206s0004g01210.2	Aqcoe1G012700.3.p, Aqcoe1G012700.2.p, Aqcoe1G012700.1.p
OG0002032	VIT_206s0004g06320.1, VIT_213s0067g00400.2, VIT_213s0067g00400.1	Aqcoe1G427300.4.p, Aqcoe1G427300.1.p, Aqcoe1G427300.3.p, Aqcoe1G427300.2.p, Aqcoe3G226100.1.p
OG0002033	VIT_206s0009g00320.1, VIT_208s0105g00190.1, VIT_208s0105g00180.1	Aqcoe1G078300.1.p
OG0002034	VIT_217s0000g03530.1, VIT_214s0006g02830.2, VIT_214s0006g02830.1, VIT_214s0006g02830.3	Aqcoe3G034200.2.p, Aqcoe3G034200.1.p, Aqcoe1G100300.1.p
OG0002035	VIT_213s0067g03780.1, VIT_206s0004g03920.1	Aqcoe1G479600.2.p, Aqcoe1G479600.1.p, Aqcoe5G220800.1.p
OG0002036	VIT_208s0040g02800.3, VIT_208s0040g02800.4, VIT_208s0040g02800.7, VIT_208s0040g02800.6, VIT_208s0040g02800.5, VIT_208s0040g02800.1, VIT_208s0040g02800.2	Aqcoe1G478900.2.p, Aqcoe1G478900.1.p, Aqcoe3G021900.1.p
OG0002037	VIT_214s0066g00950.3, VIT_214s0066g00950.1, VIT_214s0066g00950.2	Aqcoe3G281000.1.p
OG0002037	VIT_204s0079g00530.1	Aqcoe1G156500.1.p
OG0002038	VIT_216s0039g00700.4, VIT_216s0039g00700.5, VIT_216s0039g00700.6, VIT_216s0039g00700.7, VIT_216s0039g00700.2, VIT_216s0039g00700.3, VIT_216s0039g00700.1	Aqcoe3G430300.3.p, Aqcoe3G430300.4.p, Aqcoe3G430300.7.p, Aqcoe3G430300.1.p, Aqcoe3G430300.5.p, Aqcoe3G430300.2.p, Aqcoe3G430300.8.p, Aqcoe3G430300.9.p, Aqcoe3G430300.10.p, Aqcoe1G197100.2.p, Aqcoe1G197100.4.p, Aqcoe1G197100.3.p, Aqcoe1G197100.5.p, Aqcoe1G197100.1.p, Aqcoe3G430300.6.p
OG0002039	VIT_212s0059g02670.1, VIT_212s0059g02670.4, VIT_212s0059g02670.2, VIT_212s0059g02670.3	Aqcoe1G367700.1.p, Aqcoe1G367700.2.p
OG0002040	VIT_213s0074g00780.1, VIT_206s0080g00080.1	Aqcoe1G450500.1.p, Aqcoe1G450500.2.p
OG0002041	VIT_217s0119g00150.1, VIT_217s0119g00280.1, VIT_217s0119g00240.1, VIT_217s0119g00120.1	Aqcoe1G340300.1.p
OG0002042	VIT_212s0057g01020.1, VIT_219s0015g00530.1	Aqcoe1G379800.1.p
OG0002043	VIT_219s0014g00960.1, VIT_219s0014g00960.2, VIT_212s0059g02280.1	Aqcoe1G275100.2.p, Aqcoe1G275100.1.p
OG0002044	VIT_213s0067g03190.4, VIT_213s0067g03190.5, VIT_213s0067g03190.6, VIT_213s0067g03190.7, VIT_213s0067g03190.3, VIT_213s0067g03190.2, VIT_213s0067g03190.1	Aqcoe1G502000.2.p, Aqcoe1G502000.1.p, Aqcoe1G502000.3.p
OG0002045	VIT_213s0019g02200.3, VIT_213s0019g02200.2, VIT_213s0019g02200.1, VIT_206s0004g05460.1, VIT_206s0004g05460.3, VIT_206s0004g05460.2	Aqcoe1G100800.1.p, Aqcoe3G290900.1.p
OG0002046	VIT_206s0061g00860.4, VIT_206s0061g00860.1, VIT_206s0061g00860.2, VIT_206s0061g00860.3, VIT_213s0019g05390.2, VIT_213s0019g05390.1	Aqcoe1G122500.2.p, Aqcoe1G122500.1.p
OG0002047	VIT_207s0141g00440.1, VIT_212s0055g01215.1, VIT_212s0055g01255.1, VIT_201s0010g03270.1, VIT_204s0043g00940.1, VIT_202s0033g00900.1, VIT_208s0007g01150.4, VIT_208s0007g01150.3, VIT_208s0007g01150.7, VIT_208s0007g01150.6, VIT_208s0007g01150.8, VIT_208s0007g01150.9, VIT_208s0007g01150.5, VIT_208s0007g01150.2, VIT_208s0007g01150.1	Aqcoe1G096800.3.p, Aqcoe1G096800.2.p, Aqcoe1G096800.1.p
OG0002048	VIT_208s0040g00370.1, VIT_208s0040g00380.5, VIT_208s0040g00380.6, VIT_208s0040g00380.1, VIT_208s0040g00380.4, VIT_208s0040g00380.2, VIT_208s0040g00380.3	Aqcoe1G010900.1.p
OG0002049	VIT_209s0054g00010.1, VIT_211s0052g00290.1	Aqcoe5G012200.2.p, Aqcoe5G012200.3.p, Aqcoe5G012200.1.p, Aqcoe5G086300.1.p
OG0002050	VIT_207s0031g00590.1, VIT_207s0031g00590.4, VIT_207s0031g00590.5, VIT_207s0031g00590.3, VIT_207s0031g00590.2, VIT_207s0031g00570.1, VIT_207s0031g00560.1, VIT_218s0001g10410.2, VIT_218s0001g10410.5, VIT_218s0001g10410.4, VIT_218s0001g10410.3, VIT_218s0001g10410.1	Aqcoe5G151100.1.p
OG0002052	VIT_215s0046g01800.1, VIT_216s0050g00900.1, VIT_216s0050g00910.1, VIT_216s0050g00930.1	Aqcoe5G432900.1.p, Aqcoe5G429700.1.p, Aqcoe5G433200.1.p, Aqcoe5G431600.1.p, Aqcoe5G431600.2.p
OG0002053	VIT_204s0044g00880.1	Aqcoe5G241600.7.p, Aqcoe5G241600.8.p, Aqcoe5G241600.5.p, Aqcoe5G241600.14.p, Aqcoe5G241600.13.p, Aqcoe5G241600.9.p, Aqcoe5G241600.1.p, Aqcoe5G241600.3.p, Aqcoe5G241600.4.p, Aqcoe5G241600.11.p, Aqcoe5G241600.12.p, Aqcoe5G241600.2.p, Aqcoe5G241600.10.p, Aqcoe5G241600.6.p
OG0002054	VIT_204s0008g04180.1, VIT_202s0025g03310.1, VIT_202s0025g03310.2, VIT_216s0050g00780.3, VIT_216s0050g00780.1, VIT_216s0050g00780.2, VIT_216s0050g00780.4	Aqcoe5G434800.1.p
OG0002055	VIT_218s0001g07740.7, VIT_218s0001g07740.1, VIT_218s0001g07740.3, VIT_218s0001g07740.6, VIT_218s0001g07740.4, VIT_218s0001g07740.2, VIT_218s0001g07740.9, VIT_218s0001g07740.8, VIT_218s0001g07740.10, VIT_218s0001g07740.5	Aqcoe5G165400.1.p, Aqcoe5G165400.2.p
OG0002056	VIT_218s0122g01320.3, VIT_218s0122g01320.4, VIT_204s0044g00020.2, VIT_200s0698g00010.4, VIT_200s0698g00010.7, VIT_200s0698g00010.1, VIT_204s0044g00020.1, VIT_218s0122g01320.1, VIT_218s0122g01320.2	Aqcoe5G121500.1.p, Aqcoe5G121500.2.p
OG0002057	VIT_202s0025g03280.1	Aqcoe5G432500.3.p
OG0002057	VIT_202s0025g03270.1	Aqcoe5G432500.2.p, Aqcoe5G432500.1.p
OG0002058	VIT_204s0044g00510.1, VIT_218s0072g00670.1	Aqcoe5G248000.1.p
OG0002059	VIT_207s0031g00130.1, VIT_218s0001g10090.2, VIT_218s0001g10090.3, VIT_218s0001g10090.5, VIT_218s0001g10090.6, VIT_218s0001g10090.7, VIT_218s0001g10090.4, VIT_218s0001g10090.1	Aqcoe5G144600.2.p, Aqcoe5G144600.1.p
OG0002060	VIT_218s0001g01700.3, VIT_218s0001g01700.1, VIT_218s0001g01700.2	Aqcoe5G281300.1.p
OG0002061	VIT_207s0129g00660.1, VIT_203s0091g00310.2, VIT_203s0091g00310.1	Aqcoe5G214900.1.p
OG0002062	VIT_214s0083g00400.1, VIT_214s0083g00370.1, VIT_214s0083g00380.1	Aqcoe3G385200.1.p, Aqcoe3G385300.1.p, Aqcoe3G388100.1.p
OG0002063	VIT_214s0083g00540.4, VIT_214s0083g00540.5, VIT_214s0083g00540.6	Aqcoe3G076100.1.p
OG0002063	VIT_208s0056g00280.1, VIT_214s0036g01250.1, VIT_214s0083g00570.1	Aqcoe3G076200.3.p, Aqcoe3G076200.1.p, Aqcoe3G076200.2.p
OG0002064	VIT_201s0011g02950.2, VIT_201s0011g02950.1	Aqcoe3G395800.1.p
OG0002064	VIT_217s0000g04160.1, VIT_217s0000g04160.2, VIT_217s0000g04160.5, VIT_217s0000g04160.4, VIT_217s0000g04160.3	Aqcoe3G049000.4.p, Aqcoe3G049000.2.p, Aqcoe3G049000.3.p, Aqcoe3G049000.1.p
OG0002065	VIT_202s0087g00210.1, VIT_202s0087g00220.1	Aqcoe3G190000.1.p
OG0002066	VIT_214s0083g00200.1, VIT_214s0083g00060.1	Aqcoe3G046400.2.p, Aqcoe3G046400.1.p, Aqcoe3G046400.3.p, Aqcoe3G046400.4.p
OG0002066	VIT_217s0000g04090.1	Aqcoe3G398200.5.p, Aqcoe3G398200.4.p, Aqcoe3G398200.3.p, Aqcoe3G398200.2.p, Aqcoe3G398200.1.p
OG0002067	VIT_202s0012g00530.1, VIT_215s0021g00460.1	Aqcoe3G239500.1.p, Aqcoe3G239500.2.p
OG0002068	VIT_214s0066g01390.1	Aqcoe3G294000.2.p, Aqcoe3G294000.1.p
OG0002069	VIT_203s0038g04270.5, VIT_203s0038g04270.2, VIT_203s0038g04270.6, VIT_203s0038g04270.1, VIT_203s0038g04270.4, VIT_203s0038g04270.3	Aqcoe3G178800.3.p, Aqcoe3G178800.2.p, Aqcoe3G178800.1.p, Aqcoe3G178800.4.p
OG0002070	VIT_214s0066g02540.2, VIT_214s0066g02540.1, VIT_214s0066g02540.3	Aqcoe3G094700.1.p, Aqcoe3G094700.2.p
OG0002071	VIT_214s0006g02590.2, VIT_214s0006g02590.3, VIT_214s0006g02590.1, VIT_201s0011g04010.1, VIT_201s0011g04010.3, VIT_201s0011g04010.4, VIT_201s0011g04010.2	Aqcoe3G026300.1.p
OG0002072	VIT_214s0066g01610.1, VIT_201s0026g00300.1	Aqcoe3G300100.1.p
OG0002086	VIT_214s0030g01620.1, VIT_207s0151g00900.1	Aqcoe2G345100.3.p, Aqcoe2G345100.1.p, Aqcoe2G345100.2.p, Aqcoe5G055500.1.p, Aqcoe3G433100.1.p
OG0002087	VIT_206s0004g00720.6, VIT_206s0004g00720.4, VIT_206s0004g00720.5, VIT_206s0004g00720.1, VIT_206s0004g00720.2, VIT_206s0004g00720.3	Aqcoe2G079100.1.p, Aqcoe1G051500.1.p, Aqcoe2G051200.1.p
OG0002088	VIT_213s0064g01390.1, VIT_208s0007g06150.1	Aqcoe1G020900.1.p, Aqcoe1G020900.3.p, Aqcoe1G020900.2.p, Aqcoe2G011800.1.p
OG0002089	VIT_217s0053g00620.3, VIT_217s0053g00620.1, VIT_217s0053g00620.2	Aqcoe3G430200.1.p, Aqcoe2G105600.1.p, Aqcoe2G206400.1.p
OG0002090	VIT_214s0060g01070.1, VIT_202s0012g02495.1, VIT_214s0060g01060.1	Aqcoe2G270400.1.p
OG0002090	VIT_205s0136g00310.1	Aqcoe6G147700.1.p
OG0002091	VIT_207s0005g03320.2, VIT_207s0005g03320.1, VIT_207s0005g03320.3, VIT_205s0049g01000.2, VIT_205s0049g01000.1	Aqcoe2G372500.1.p
OG0002092	VIT_205s0020g03930.1, VIT_205s0020g03930.3, VIT_205s0020g03970.1, VIT_205s0020g03970.2, VIT_205s0020g03930.4	Aqcoe2G351200.1.p
OG0002092	VIT_207s0151g00340.2, VIT_207s0151g00340.3, VIT_207s0151g00340.4, VIT_207s0151g00340.1, VIT_207s0151g00410.1	Aqcoe5G049400.1.p
OG0002093	VIT_212s0034g02360.7, VIT_212s0034g02360.6, VIT_212s0034g02360.8, VIT_203s0097g00670.4, VIT_203s0097g00670.3, VIT_212s0034g02360.11, VIT_212s0034g02360.10, VIT_203s0097g00670.5	Aqcoe1G308200.1.p
OG0002093	VIT_212s0034g02360.12, VIT_212s0034g02360.9, VIT_212s0034g02360.5, VIT_212s0034g02360.4, VIT_212s0034g02360.3, VIT_212s0034g02360.1, VIT_212s0034g02360.2, VIT_203s0097g00670.1	Aqcoe2G126800.2.p, Aqcoe2G126800.1.p
OG0002094	VIT_215s0021g02730.1, VIT_215s0021g02730.2, VIT_200s2430g00010.1, VIT_200s0229g00030.1	Aqcoe2G109400.2.p, Aqcoe2G109400.1.p
OG0002095	VIT_213s0019g05080.5, VIT_213s0019g05080.1, VIT_213s0019g05080.4, VIT_213s0019g05080.6, VIT_213s0019g05080.2, VIT_213s0019g05080.3, VIT_208s0007g04870.1, VIT_208s0007g04870.2	Aqcoe2G243400.2.p, Aqcoe2G243400.3.p, Aqcoe2G243400.1.p, Aqcoe2G208700.1.p
OG0002096	VIT_205s0020g02200.3, VIT_205s0020g02200.4, VIT_205s0020g02200.2, VIT_205s0020g02200.1, VIT_205s0020g02200.6, VIT_205s0020g02200.7, VIT_205s0020g02200.5, VIT_214s0030g00420.3, VIT_214s0030g00420.2, VIT_214s0030g00420.1	Aqcoe2G320600.1.p
OG0002097	VIT_208s0056g01710.1, VIT_208s0056g01710.4, VIT_208s0056g01710.2, VIT_208s0056g01710.3, VIT_208s0056g01700.1	Aqcoe1G063100.1.p, Aqcoe1G063100.2.p, Aqcoe1G063100.3.p, Aqcoe2G062900.1.p, Aqcoe2G062900.2.p
OG0002098	VIT_200s0301g00090.1, VIT_200s0301g00090.2	Aqcoe1G330400.5.p, Aqcoe1G330400.4.p, Aqcoe1G330400.3.p, Aqcoe1G330400.1.p, Aqcoe1G330400.2.p
OG0002098	VIT_219s0027g01030.1	Aqcoe2G090900.1.p
OG0002099	VIT_207s0151g01080.2, VIT_207s0151g01080.1, VIT_205s0020g03150.1, VIT_205s0020g03150.2, VIT_205s0020g03150.3, VIT_205s0020g03150.4	Aqcoe2G341600.2.p, Aqcoe2G341600.1.p
OG0002100	VIT_207s0104g01440.2, VIT_207s0104g01440.3, VIT_207s0104g01440.1	Aqcoe2G308200.1.p, Aqcoe2G308200.2.p, Aqcoe5G080500.3.p, Aqcoe5G080500.1.p, Aqcoe5G080500.2.p
OG0002101	VIT_211s0065g00640.1	Aqcoe0158s0002.1.p
OG0002101	VIT_209s0018g00630.1, VIT_209s0054g01120.1, VIT_209s0054g01180.1, VIT_209s0054g01110.1, VIT_209s0054g01110.2, VIT_209s0054g01550.1	Aqcoe7G239400.2.p, Aqcoe7G239400.1.p
OG0002102	VIT_205s0020g00740.3, VIT_205s0020g00740.6	Aqcoe5G038900.2.p
OG0002102	VIT_205s0020g00740.5, VIT_205s0020g00740.4, VIT_205s0020g00740.2, VIT_205s0020g00740.1, VIT_207s0005g02280.2, VIT_207s0005g02280.1	Aqcoe2G044500.2.p, Aqcoe2G044500.3.p, Aqcoe2G044500.1.p, Aqcoe5G038900.1.p
OG0002103	VIT_214s0030g00660.4, VIT_214s0030g00660.2, VIT_214s0030g00660.1, VIT_214s0030g00660.3, VIT_214s0030g00650.2, VIT_214s0030g00650.1	Aqcoe2G316100.1.p
OG0002103	VIT_205s0020g02030.2, VIT_205s0020g02030.4, VIT_205s0020g02030.3, VIT_205s0020g02030.1	Aqcoe5G074500.2.p, Aqcoe5G074500.1.p
OG0002104	VIT_205s0094g00870.1, VIT_200s0174g00190.1	Aqcoe5G446300.1.p, Aqcoe2G433800.1.p
OG0002105	VIT_208s0040g01330.1, VIT_208s0040g01330.2	Aqcoe1G133600.1.p
OG0002106	VIT_206s0061g00700.4, VIT_206s0061g00700.3, VIT_206s0061g00700.5, VIT_215s0045g00180.1, VIT_206s0061g00700.2, VIT_206s0061g00700.1	Aqcoe2G211600.1.p, Aqcoe2G211600.2.p
OG0002107	VIT_214s0060g02465.1, VIT_214s0060g02630.1, VIT_214s0060g02633.1, VIT_214s0060g02550.1, VIT_214s0060g02510.1, VIT_214s0060g02620.1, VIT_214s0060g02490.1, VIT_214s0060g02636.1, VIT_208s0007g05662.1, VIT_214s0060g02604.1, VIT_214s0060g02612.1, VIT_214s0060g02596.1, VIT_208s0007g05666.1, VIT_208s0007g05650.1, VIT_208s0007g05670.1, VIT_208s0007g05670.2, VIT_208s0007g05675.1, VIT_208s0007g05664.1, VIT_208s0007g05610.1	Aqcoe2G039800.1.p
OG0002108	VIT_214s0060g00230.1, VIT_205s0020g01110.2, VIT_205s0020g01110.1	Aqcoe2G239100.1.p
OG0002109	VIT_208s0007g02600.1, VIT_206s0080g01076.1, VIT_206s0080g01076.2	Aqcoe2G112900.1.p, Aqcoe3G372300.1.p, Aqcoe1G434800.1.p
OG0002110	VIT_205s0029g00400.5, VIT_205s0029g00400.2, VIT_205s0029g00400.3, VIT_205s0029g00400.1, VIT_205s0029g00400.4	Aqcoe2G415200.1.p, Aqcoe2G415200.2.p
OG0002111	VIT_212s0035g00260.1	Aqcoe6G006900.2.p, Aqcoe6G006900.1.p
OG0002111	VIT_204s0023g03610.1	Aqcoe6G213400.2.p, Aqcoe6G213400.1.p
OG0002112	VIT_213s0019g00720.1	Aqcoe1G467700.2.p, Aqcoe1G467700.1.p
OG0002112	VIT_203s0038g00620.1	Aqcoe6G253300.2.p, Aqcoe6G253300.1.p
OG0002113	VIT_207s0031g02020.1	Aqcoe6G043000.2.p, Aqcoe6G043000.1.p
OG0002113	VIT_203s0038g02620.1	Aqcoe6G204700.1.p
OG0002114	VIT_218s0001g14870.1	Aqcoe6G217600.1.p
OG0002114	VIT_213s0047g00200.1, VIT_213s0047g00200.3, VIT_213s0047g00200.2, VIT_213s0047g00200.4	Aqcoe5G454100.1.p
OG0002115	VIT_204s0023g02770.1	Aqcoe7G309200.1.p, Aqcoe6G178800.1.p
OG0002115	VIT_216s0039g01870.1	Aqcoe7G317200.1.p, Aqcoe7G317200.2.p
OG0002116	VIT_205s0077g01900.1	Aqcoe5G092500.1.p
OG0002116	VIT_203s0038g04020.1	Aqcoe6G164600.1.p
OG0002116	VIT_207s0005g00760.1	Aqcoe6G239500.1.p, Aqcoe5G113700.1.p, Aqcoe7G185000.1.p
OG0002117	VIT_218s0001g02220.4, VIT_218s0001g02220.1, VIT_218s0001g02220.3, VIT_218s0001g02220.2, VIT_218s0001g02230.3, VIT_218s0001g02230.2, VIT_218s0001g02230.1, VIT_207s0031g02590.1	Aqcoe6G027000.1.p
OG0002118	VIT_218s0001g05250.1, VIT_200s0662g00040.1, VIT_200s0662g00030.1	Aqcoe6G063200.1.p, Aqcoe6G063100.1.p
OG0002119	VIT_204s0044g00310.4, VIT_204s0044g00310.3, VIT_204s0044g00310.5, VIT_204s0044g00310.1, VIT_204s0044g00310.2	Aqcoe6G291700.2.p, Aqcoe6G291700.1.p
OG0002119	VIT_218s0072g00660.1, VIT_218s0072g00660.2	Aqcoe5G248900.1.p, Aqcoe5G248900.2.p
OG0002120	VIT_203s0038g00970.1	Aqcoe6G089600.1.p, Aqcoe6G089600.3.p, Aqcoe6G089600.2.p, Aqcoe5G165000.1.p
OG0002120	VIT_204s0008g07010.1	Aqcoe7G343600.2.p, Aqcoe7G343600.1.p, Aqcoe7G343600.3.p
OG0002121	VIT_218s0001g05420.2, VIT_218s0001g05420.1	Aqcoe6G088900.1.p, Aqcoe6G088900.2.p
OG0002121	VIT_200s0304g00020.1	Aqcoe6G088800.1.p
OG0002122	VIT_218s0001g14980.1, VIT_204s0044g01490.2, VIT_204s0044g01490.1, VIT_206s0004g05840.1	Aqcoe6G035600.1.p
OG0002123	VIT_200s0391g00040.1, VIT_200s0391g00040.6, VIT_200s0391g00040.5, VIT_200s0391g00040.3, VIT_200s0391g00040.4, VIT_200s0391g00040.2, VIT_218s0001g06220.3, VIT_218s0001g06220.2, VIT_218s0001g06220.1	Aqcoe6G080300.1.p, Aqcoe6G080300.3.p, Aqcoe6G080300.2.p
OG0002124	VIT_211s0016g02830.1, VIT_211s0016g02830.3, VIT_211s0016g02830.2	Aqcoe7G418500.1.p, Aqcoe7G418500.2.p
OG0002125	VIT_207s0031g01180.2, VIT_207s0031g01180.1	Aqcoe6G057900.2.p, Aqcoe6G057900.5.p, Aqcoe6G057900.4.p, Aqcoe6G057900.3.p, Aqcoe6G057900.1.p
OG0002126	VIT_218s0001g07140.1	Aqcoe6G157000.1.p
OG0002126	VIT_218s0117g00270.1	Aqcoe5G163600.1.p
OG0002127	VIT_202s0012g00100.1, VIT_202s0012g00100.2, VIT_215s0021g01000.1	Aqcoe3G258600.1.p, Aqcoe1G285800.1.p, Aqcoe6G203200.1.p, Aqcoe7G214400.1.p
OG0002128	VIT_200s0264g00020.1, VIT_200s0264g00020.2	Aqcoe6G236100.1.p
OG0002129	VIT_204s0008g03060.3, VIT_204s0008g03060.4, VIT_204s0008g03060.2, VIT_215s0021g02350.1, VIT_200s0233g00160.1, VIT_204s0008g03060.1	Aqcoe6G014400.1.p
OG0002130	VIT_218s0001g02300.1, VIT_207s0031g02610.1, VIT_207s0031g02610.2	Aqcoe6G026500.1.p
OG0002131	VIT_217s0000g07820.1	Aqcoe3G304900.1.p, Aqcoe3G107400.1.p
OG0002131	VIT_203s0091g01010.1	Aqcoe6G277200.1.p
OG0002132	VIT_213s0047g01160.1, VIT_214s0006g00820.1	Aqcoe4G210800.1.p, Aqcoe3G169000.1.p
OG0002133	VIT_219s0014g03820.1, VIT_212s0134g00570.1, VIT_200s0203g00070.1, VIT_200s0203g00070.2	Aqcoe4G263200.1.p
OG0002134	VIT_219s0085g01070.1, VIT_212s0028g01070.1, VIT_210s0071g01030.1, VIT_210s0071g01030.4, VIT_210s0071g01030.5, VIT_210s0071g01030.2, VIT_210s0071g01030.7, VIT_210s0071g01030.3, VIT_210s0071g01030.6, VIT_210s0071g01030.9, VIT_210s0071g01030.8	Aqcoe4G004600.1.p
OG0002135	VIT_219s0014g02650.4, VIT_219s0014g02650.1, VIT_219s0014g02650.2, VIT_219s0014g02650.3	Aqcoe4G099600.2.p, Aqcoe4G099600.1.p, Aqcoe1G262200.1.p, Aqcoe1G262200.2.p
OG0002136	VIT_200s0978g00010.2, VIT_200s0978g00010.1	Aqcoe4G216500.1.p
OG0002136	VIT_200s0583g00010.1	Aqcoe3G176400.2.p, Aqcoe3G176400.1.p
OG0002137	VIT_211s0016g01330.1, VIT_211s0016g01340.1	Aqcoe4G010200.1.p, Aqcoe7G434600.1.p, Aqcoe1G122300.1.p, Aqcoe3G334800.1.p, Aqcoe7G434400.1.p, Aqcoe7G434900.1.p, Aqcoe7G435900.2.p, Aqcoe7G435900.1.p
OG0002138	VIT_200s0229g00200.1, VIT_200s0229g00210.1	Aqcoe7G089300.4.p, Aqcoe7G089300.2.p, Aqcoe7G089300.3.p, Aqcoe7G089300.1.p
OG0002139	VIT_218s0001g03690.1	Aqcoe7G204200.1.p, Aqcoe7G204200.2.p
OG0002140	VIT_209s0002g06810.1, VIT_211s0016g05430.1, VIT_211s0016g05430.2, VIT_211s0016g05430.3	Aqcoe7G264700.1.p, Aqcoe7G264700.2.p
OG0002141	VIT_211s0118g00540.1, VIT_211s0118g00540.2, VIT_211s0118g00540.3, VIT_204s0008g06280.1	Aqcoe7G375100.1.p, Aqcoe7G375100.2.p
OG0002142	VIT_209s0002g02750.1, VIT_209s0002g02750.2, VIT_211s0016g02720.1	Aqcoe7G142900.2.p, Aqcoe7G142900.1.p, Aqcoe7G143100.1.p, Aqcoe7G143100.2.p
OG0002143	VIT_209s0002g08960.1, VIT_204s0008g05960.1	Aqcoe7G363900.2.p, Aqcoe7G363900.1.p
OG0002144	VIT_216s0050g02620.1, VIT_216s0050g02620.2	Aqcoe7G013400.2.p, Aqcoe7G013400.1.p
OG0002144	VIT_202s0025g01340.2, VIT_202s0025g01340.1	Aqcoe5G455100.1.p
OG0002145	VIT_210s0003g03150.1, VIT_210s0003g03130.1, VIT_219s0135g00100.1	Aqcoe7G359000.1.p, Aqcoe1G192800.1.p
OG0002146	VIT_211s0016g03680.3, VIT_211s0016g03680.4, VIT_211s0016g03680.2, VIT_211s0016g03680.1, VIT_204s0008g03670.1	Aqcoe7G169200.2.p, Aqcoe7G169200.1.p, Aqcoe7G402300.1.p
OG0002147	VIT_201s0011g02780.1, VIT_217s0000g04340.1	Aqcoe3G391800.1.p, Aqcoe7G353700.1.p, Aqcoe3G053000.1.p
OG0002148	VIT_215s0046g02370.3, VIT_215s0046g02370.1, VIT_215s0046g02370.2	Aqcoe7G029200.6.p, Aqcoe7G029200.1.p, Aqcoe7G029200.5.p, Aqcoe7G029200.2.p, Aqcoe7G029200.4.p, Aqcoe7G029200.3.p
OG0002149	VIT_215s0048g02860.1, VIT_216s0098g01150.1	Aqcoe7G001900.1.p
OG0002151	VIT_210s0003g03490.1, VIT_219s0140g00140.1, VIT_219s0140g00120.1	Aqcoe7G420000.1.p, Aqcoe1G189900.1.p
OG0002152	VIT_218s0001g04980.1, VIT_218s0001g04980.2	Aqcoe5G316800.5.p, Aqcoe5G316800.6.p, Aqcoe5G316800.7.p, Aqcoe7G042000.1.p
OG0002153	VIT_211s0016g01480.3, VIT_211s0016g01480.1, VIT_211s0016g01480.2, VIT_211s0016g01480.4	Aqcoe7G116700.2.p, Aqcoe7G116700.3.p, Aqcoe7G116700.1.p, Aqcoe7G433200.4.p, Aqcoe7G433200.5.p, Aqcoe7G433200.1.p, Aqcoe7G433200.3.p, Aqcoe7G433200.2.p
OG0002154	VIT_205s0094g01210.1	Aqcoe7G073300.1.p, Aqcoe7G073300.2.p, Aqcoe7G073200.1.p
OG0002154	VIT_202s0025g04560.2, VIT_202s0025g04560.1	Aqcoe7G073400.1.p, Aqcoe7G073400.2.p
OG0002155	VIT_215s0046g02480.1, VIT_215s0046g02480.4, VIT_215s0046g02480.2, VIT_215s0046g02480.3	Aqcoe7G031100.2.p, Aqcoe7G031100.4.p, Aqcoe7G031100.3.p, Aqcoe7G031100.1.p
OG0002156	VIT_204s0008g05440.1, VIT_209s0002g06750.1	Aqcoe7G266100.1.p
OG0002157	VIT_201s0010g02920.1, VIT_201s0010g02920.2, VIT_201s0010g02920.3, VIT_201s0010g02920.4, VIT_201s0010g02920.5, VIT_201s0010g02920.6, VIT_201s0010g02920.7	Aqcoe7G396500.1.p
OG0002158	VIT_211s0052g00100.1	Aqcoe7G303300.1.p
OG0002159	VIT_217s0000g03290.1	Aqcoe3G026400.1.p
OG0002159	VIT_211s0016g00460.1	Aqcoe7G439100.3.p, Aqcoe7G439100.1.p, Aqcoe7G439100.2.p
OG0002160	VIT_200s0265g00070.4, VIT_200s0265g00070.1, VIT_200s0265g00070.3, VIT_200s0265g00070.2	Aqcoe1G264400.1.p
OG0002161	VIT_208s0007g01450.1, VIT_208s0007g01450.3, VIT_208s0007g01450.2, VIT_208s0007g01450.4, VIT_213s0019g02730.1, VIT_213s0019g02730.2	Aqcoe1G301600.1.p, Aqcoe1G093200.1.p, Aqcoe1G093200.2.p
OG0002162	VIT_203s0038g02610.1, VIT_218s0001g01110.1	Aqcoe1G230300.2.p, Aqcoe1G230300.1.p, Aqcoe1G230200.1.p
OG0002163	VIT_219s0090g01570.1, VIT_205s0062g00120.1	Aqcoe1G392100.1.p, Aqcoe5G004200.1.p
OG0002164	VIT_214s0006g01870.1	Aqcoe1G282200.1.p, Aqcoe5G253900.1.p, Aqcoe5G446700.1.p, Aqcoe5G446700.2.p
OG0002165	VIT_213s0067g02220.2, VIT_213s0067g02220.1	Aqcoe1G394200.1.p
OG0002166	VIT_208s0007g08110.1, VIT_208s0007g08110.2, VIT_207s0031g03170.1	Aqcoe1G026300.2.p, Aqcoe1G026300.3.p, Aqcoe1G026300.1.p
OG0002167	VIT_219s0085g00890.1, VIT_219s0085g00890.4, VIT_219s0085g00890.3, VIT_219s0085g00890.2, VIT_203s0017g02280.6, VIT_203s0017g02280.4, VIT_203s0017g02280.3, VIT_203s0017g02280.2, VIT_203s0017g02280.1, VIT_203s0017g02280.8, VIT_203s0017g02280.7, VIT_203s0017g02280.5	Aqcoe1G159000.4.p, Aqcoe1G159000.6.p, Aqcoe1G159000.3.p, Aqcoe1G159000.1.p, Aqcoe1G159000.2.p, Aqcoe1G159000.5.p
OG0002168	VIT_208s0032g00930.1, VIT_208s0032g00930.2, VIT_208s0032g00910.2, VIT_208s0032g00910.3, VIT_208s0032g00910.1	Aqcoe1G072400.1.p
OG0002169	VIT_206s0004g05880.5, VIT_206s0004g05880.2, VIT_206s0004g05880.7, VIT_206s0004g05880.4, VIT_206s0004g05880.1, VIT_206s0004g05880.6, VIT_206s0004g05880.3	Aqcoe1G089900.4.p, Aqcoe1G089900.6.p, Aqcoe1G089900.8.p, Aqcoe1G089900.5.p, Aqcoe1G089900.1.p, Aqcoe1G089900.2.p, Aqcoe1G089900.3.p, Aqcoe1G089900.7.p
OG0002170	VIT_208s0007g01560.2, VIT_208s0007g01560.1, VIT_216s0050g00400.1, VIT_216s0050g00430.1, VIT_216s0050g00410.1	Aqcoe1G090800.1.p
OG0002171	VIT_213s0019g00840.1, VIT_213s0019g00840.3, VIT_206s0004g04390.1, VIT_206s0004g04390.2	Aqcoe1G467300.2.p, Aqcoe1G467300.1.p, Aqcoe1G467400.3.p, Aqcoe1G467400.1.p, Aqcoe1G467400.2.p
OG0002172	VIT_210s0116g00370.11, VIT_210s0116g00370.9, VIT_210s0116g00370.8, VIT_210s0116g00370.12, VIT_210s0116g00370.7, VIT_210s0116g00370.3, VIT_210s0116g00370.2, VIT_210s0116g00370.1, VIT_210s0116g00370.6, VIT_210s0116g00370.4, VIT_210s0116g00370.5, VIT_210s0116g00370.10	Aqcoe1G356000.3.p, Aqcoe1G356000.1.p, Aqcoe1G356000.4.p, Aqcoe1G356000.2.p
OG0002173	VIT_209s0002g06455.1, VIT_216s0100g01270.1	Aqcoe3G267300.1.p, Aqcoe5G221800.1.p, Aqcoe3G267200.1.p, Aqcoe5G423100.4.p, Aqcoe5G423100.3.p, Aqcoe5G423100.2.p, Aqcoe5G423100.1.p
OG0002174	VIT_215s0048g02700.2, VIT_215s0048g02700.1, VIT_215s0048g02700.4, VIT_215s0048g02700.3, VIT_215s0048g02700.5	Aqcoe5G469500.4.p, Aqcoe5G469500.1.p, Aqcoe5G469500.2.p, Aqcoe5G469500.3.p
OG0002175	VIT_207s0031g00240.4, VIT_207s0031g00240.3, VIT_207s0031g00240.6, VIT_207s0031g00240.7, VIT_207s0031g00240.9, VIT_207s0031g00240.11, VIT_207s0031g00240.8, VIT_207s0031g00240.5, VIT_207s0031g00240.2, VIT_207s0031g00240.1, VIT_207s0031g00240.12, VIT_207s0031g00240.10	Aqcoe5G146100.1.p, Aqcoe5G146100.13.p, Aqcoe5G146100.14.p, Aqcoe5G146100.10.p, Aqcoe5G146100.9.p, Aqcoe5G146100.5.p, Aqcoe5G146100.6.p, Aqcoe5G146100.2.p, Aqcoe5G146100.3.p, Aqcoe5G146100.4.p, Aqcoe5G146100.12.p, Aqcoe5G146100.11.p, Aqcoe5G146100.8.p, Aqcoe5G146100.7.p
OG0002176	VIT_202s0012g00510.2, VIT_202s0012g00510.1	Aqcoe5G267300.2.p, Aqcoe5G267300.3.p, Aqcoe5G267300.1.p, Aqcoe3G255100.4.p, Aqcoe3G255100.1.p, Aqcoe3G255100.2.p, Aqcoe3G255100.3.p
OG0002177	VIT_201s0150g00200.11, VIT_201s0150g00200.8, VIT_201s0150g00200.12, VIT_201s0150g00200.5, VIT_201s0150g00200.13, VIT_201s0150g00200.9, VIT_201s0150g00200.7, VIT_201s0150g00200.10, VIT_201s0150g00200.4, VIT_201s0150g00200.3, VIT_201s0150g00200.6, VIT_201s0150g00200.1, VIT_201s0150g00200.2	Aqcoe5G330100.3.p, Aqcoe5G330100.1.p, Aqcoe5G330100.2.p, Aqcoe5G330200.1.p
OG0002178	VIT_201s0010g03780.1, VIT_201s0010g03780.3, VIT_201s0010g03780.4, VIT_201s0010g03780.2	Aqcoe5G353400.1.p
OG0002179	VIT_205s0094g01550.1	Aqcoe5G000200.1.p, Aqcoe5G000200.2.p, Aqcoe5G000200.3.p
OG0002180	VIT_215s0046g03360.1, VIT_215s0046g03360.2, VIT_215s0046g03360.4, VIT_215s0046g03360.3, VIT_215s0046g03360.6, VIT_215s0046g03360.5, VIT_215s0046g03360.8, VIT_215s0046g03360.10, VIT_215s0046g03360.7, VIT_215s0046g03360.9	Aqcoe5G362500.2.p, Aqcoe5G362500.3.p, Aqcoe5G362500.1.p, Aqcoe5G362500.6.p, Aqcoe5G362500.5.p, Aqcoe5G362500.4.p
OG0002181	VIT_217s0000g10240.1, VIT_217s0000g10240.2, VIT_217s0000g10240.3, VIT_217s0000g10240.4, VIT_217s0000g10240.5	Aqcoe5G428200.10.p, Aqcoe5G428200.1.p, Aqcoe5G428200.7.p, Aqcoe5G428200.4.p, Aqcoe5G428200.3.p, Aqcoe5G428200.8.p, Aqcoe5G428200.2.p, Aqcoe5G428200.6.p, Aqcoe5G428200.9.p, Aqcoe5G428200.5.p
OG0002182	VIT_201s0011g01060.2, VIT_201s0011g01060.4, VIT_201s0011g01060.3, VIT_201s0011g01060.1	Aqcoe5G067600.1.p
OG0002183	VIT_210s0003g00910.1	Aqcoe5G242800.6.p, Aqcoe5G242800.2.p, Aqcoe5G242800.4.p, Aqcoe5G242800.9.p, Aqcoe5G242800.10.p, Aqcoe5G242800.5.p, Aqcoe5G242800.1.p, Aqcoe5G242800.7.p, Aqcoe5G242800.3.p, Aqcoe5G242800.8.p
OG0002184	VIT_218s0122g01130.2, VIT_218s0122g01130.1	Aqcoe5G119400.2.p, Aqcoe5G119400.1.p
OG0002185	VIT_207s0031g00610.2, VIT_207s0031g00610.3, VIT_207s0031g00610.1, VIT_207s0031g00610.4, VIT_218s0001g10420.3, VIT_218s0001g10420.2, VIT_218s0001g10420.1	Aqcoe5G151200.2.p, Aqcoe5G151200.1.p
OG0002186	VIT_214s0006g01800.1	Aqcoe5G446400.1.p
OG0002187	VIT_216s0098g01380.1, VIT_216s0098g01380.2, VIT_216s0098g01390.2, VIT_216s0098g01390.3, VIT_216s0098g01390.4, VIT_216s0098g01390.1, VIT_202s0025g02370.1	Aqcoe5G468100.2.p, Aqcoe5G468100.1.p
OG0002188	VIT_218s0001g15320.3, VIT_218s0001g15320.2, VIT_218s0001g15320.1, VIT_218s0001g15320.4	Aqcoe5G235700.1.p
OG0002189	VIT_209s0002g07110.1, VIT_204s0008g05600.3, VIT_204s0008g05600.4, VIT_204s0008g05600.2, VIT_204s0008g05600.1	Aqcoe5G439900.1.p, Aqcoe5G439900.3.p, Aqcoe5G439900.2.p, Aqcoe5G439900.4.p
OG0002190	VIT_217s0000g05070.1, VIT_217s0000g05070.2, VIT_217s0000g05070.3, VIT_214s0083g01160.1	Aqcoe3G367100.1.p, Aqcoe3G063300.2.p, Aqcoe3G063300.1.p
OG0002191	VIT_201s0011g05280.2, VIT_201s0011g05280.1, VIT_214s0006g00830.2, VIT_214s0006g00830.1	Aqcoe3G004900.1.p, Aqcoe3G004900.2.p
OG0002192	VIT_210s0071g01150.1	Aqcoe3G443900.1.p, Aqcoe3G443900.2.p
OG0002193	VIT_201s0026g01300.1, VIT_217s0000g05440.1	Aqcoe3G320400.4.p, Aqcoe3G320400.3.p, Aqcoe3G320400.2.p, Aqcoe3G320400.1.p, Aqcoe3G098900.2.p, Aqcoe3G098900.1.p, Aqcoe3G320500.1.p, Aqcoe3G320500.2.p
OG0002194	VIT_214s0108g00850.1, VIT_201s0026g02410.1	Aqcoe3G079300.1.p, Aqcoe3G337700.1.p
OG0002195	VIT_217s0000g08230.1, VIT_217s0000g08230.3, VIT_217s0000g08230.2, VIT_214s0066g01300.1	Aqcoe3G292400.2.p, Aqcoe3G292400.1.p
OG0002196	VIT_217s0000g08070.1	Aqcoe3G117200.2.p
OG0002196	VIT_214s0066g01550.1	Aqcoe3G117200.1.p
OG0002197	VIT_201s0182g00030.1, VIT_201s0182g00030.2, VIT_214s0108g01140.2, VIT_214s0108g01140.1, VIT_214s0108g01140.3	Aqcoe3G349200.1.p
OG0002211	VIT_218s0072g00160.1	Aqcoe7G274600.1.p
OG0002212	VIT_206s0004g06570.1	Aqcoe1G422700.1.p
OG0002212	VIT_208s0007g02240.2, VIT_208s0007g02240.1, VIT_208s0007g02240.3	Aqcoe2G096600.2.p, Aqcoe2G096600.1.p
OG0002213	VIT_205s0051g00720.1, VIT_207s0005g05610.2, VIT_207s0005g05610.1, VIT_205s0051g00720.3, VIT_205s0051g00720.4, VIT_205s0051g00720.2	Aqcoe2G389400.1.p
OG0002214	VIT_206s0004g02840.1	Aqcoe2G207800.1.p
OG0002214	VIT_213s0019g04300.1, VIT_208s0040g01870.1	Aqcoe1G143900.1.p
OG0002215	VIT_208s0056g01320.1	Aqcoe2G064900.1.p, Aqcoe2G064900.2.p
OG0002216	VIT_206s0061g00550.2, VIT_208s0007g04950.1	Aqcoe1G131200.1.p
OG0002216	VIT_206s0061g00550.1	Aqcoe2G207300.1.p
OG0002217	VIT_213s0064g00630.6, VIT_213s0064g00630.7, VIT_213s0064g00630.8, VIT_213s0064g00630.4, VIT_213s0064g00630.3, VIT_213s0064g00630.1, VIT_213s0064g00630.2, VIT_213s0064g00630.5	Aqcoe2G018400.1.p
OG0002218	VIT_205s0020g03670.1, VIT_207s0151g00800.1, VIT_207s0151g00800.3, VIT_207s0151g00800.2	Aqcoe2G347700.1.p, Aqcoe5G052400.2.p, Aqcoe5G052400.1.p, Aqcoe5G052400.3.p
OG0002219	VIT_206s0004g04430.7, VIT_206s0004g04430.5, VIT_206s0004g04430.3, VIT_206s0004g04430.8, VIT_208s0007g00120.3, VIT_208s0007g00120.4, VIT_208s0007g00120.6	Aqcoe2G160900.1.p, Aqcoe1G465900.1.p
OG0002220	VIT_215s0021g02390.1	Aqcoe1G243300.1.p
OG0002220	VIT_201s0010g02600.1, VIT_201s0010g02600.2, VIT_201s0010g02600.7, VIT_201s0010g02600.3, VIT_201s0010g02600.4, VIT_201s0010g02600.5, VIT_201s0010g02600.6	Aqcoe3G054000.2.p, Aqcoe3G054000.1.p, Aqcoe3G054000.3.p, Aqcoe1G218800.1.p, Aqcoe1G218800.2.p, Aqcoe2G050100.1.p, Aqcoe6G244800.1.p
OG0002221	VIT_205s0020g01960.1, VIT_205s0020g01960.2, VIT_207s0104g01280.1, VIT_207s0104g01280.2, VIT_214s0030g00710.1	Aqcoe2G314900.1.p
OG0002222	VIT_203s0063g02290.4, VIT_203s0063g02290.2, VIT_203s0063g02290.3, VIT_203s0063g02290.5, VIT_203s0063g02290.1	Aqcoe2G102600.9.p, Aqcoe2G102600.8.p, Aqcoe2G102600.1.p, Aqcoe2G102600.7.p, Aqcoe2G102600.6.p, Aqcoe2G102600.3.p, Aqcoe2G102600.4.p, Aqcoe2G102600.11.p, Aqcoe2G102600.10.p, Aqcoe2G102600.2.p, Aqcoe2G102600.5.p, Aqcoe2G027500.1.p
OG0002223	VIT_213s0067g01156.1, VIT_213s0067g01162.1, VIT_213s0067g01174.1, VIT_213s0067g01168.1	Aqcoe2G090600.1.p
OG0002224	VIT_205s0020g01380.3, VIT_205s0020g01380.2, VIT_205s0020g01380.6, VIT_205s0020g01380.5, VIT_205s0020g01380.4, VIT_205s0020g01380.1	Aqcoe2G304300.1.p, Aqcoe7G271700.2.p, Aqcoe7G271700.3.p, Aqcoe7G271700.1.p, Aqcoe7G271700.4.p, Aqcoe7G271700.5.p
OG0002225	VIT_213s0064g00460.1, VIT_213s0064g00460.2	Aqcoe2G022000.1.p
OG0002225	VIT_208s0007g08460.2, VIT_208s0007g08460.1	Aqcoe2G000300.1.p, Aqcoe2G000200.1.p
OG0002226	VIT_207s0005g00880.1, VIT_214s0060g01700.1, VIT_214s0060g01690.1	Aqcoe2G285600.1.p, Aqcoe2G285600.2.p, Aqcoe3G076900.1.p, Aqcoe3G076900.2.p
OG0002227	VIT_200s0250g00010.1, VIT_206s0061g01000.1, VIT_206s0061g00980.1, VIT_206s0061g00970.1	Aqcoe1G118700.1.p, Aqcoe1G118700.2.p, Aqcoe2G159500.1.p, Aqcoe2G246200.1.p, Aqcoe1G120600.2.p, Aqcoe1G120600.3.p, Aqcoe1G087500.1.p, Aqcoe3G037200.1.p
OG0002228	VIT_205s0020g01970.2, VIT_205s0020g01970.6, VIT_205s0020g01970.7, VIT_205s0020g01970.9, VIT_205s0020g01970.1, VIT_205s0020g01970.4, VIT_205s0020g01970.3, VIT_205s0020g01970.5, VIT_205s0020g01970.10, VIT_205s0020g01970.8, VIT_205s0020g01970.11, VIT_214s0030g00730.1, VIT_214s0030g00730.2	Aqcoe6G075600.1.p, Aqcoe2G315000.1.p, Aqcoe2G315000.2.p
OG0002229	VIT_200s0120g00060.1, VIT_202s0012g03240.1, VIT_200s0213g00020.1, VIT_209s0070g00820.1, VIT_200s0198g00170.1, VIT_200s0173g00040.1, VIT_206s0009g00040.1, VIT_202s0012g03040.1, VIT_200s0120g00070.1, VIT_209s0070g00810.1, VIT_200s0213g00010.1, VIT_202s0012g03250.1, VIT_205s0051g00970.1, VIT_209s0070g01030.1	Aqcoe2G386400.2.p, Aqcoe2G386400.1.p, Aqcoe2G386400.3.p, Aqcoe2G386400.4.p
OG0002230	VIT_213s0019g04950.1	Aqcoe2G209500.1.p, Aqcoe2G209500.6.p, Aqcoe2G209500.5.p, Aqcoe2G209500.7.p, Aqcoe2G209500.4.p, Aqcoe2G209500.3.p, Aqcoe2G209500.2.p
OG0002231	VIT_200s1309g00010.1, VIT_200s1643g00010.1	Aqcoe2G234800.1.p, Aqcoe2G234600.1.p, Aqcoe2G234400.1.p
OG0002232	VIT_208s0007g04560.6, VIT_208s0007g04560.3, VIT_208s0007g04560.4, VIT_208s0007g04560.5, VIT_208s0007g04560.1, VIT_208s0007g04560.2	Aqcoe1G121200.1.p, Aqcoe1G121200.2.p
OG0002233	VIT_208s0040g03140.1, VIT_208s0040g03140.2, VIT_208s0040g03140.3, VIT_208s0040g03140.4	Aqcoe2G167000.1.p
OG0002234	VIT_207s0005g00860.2, VIT_207s0005g00860.7, VIT_207s0005g00860.6, VIT_207s0005g00860.9, VIT_207s0005g00860.1, VIT_207s0005g00860.5, VIT_207s0005g00860.4, VIT_207s0005g00860.3, VIT_207s0005g00860.8, VIT_207s0005g00860.10, VIT_207s0005g00860.12, VIT_207s0005g00860.11, VIT_207s0005g00860.13	Aqcoe3G077100.2.p, Aqcoe3G077100.1.p, Aqcoe2G285800.1.p
OG0002235	VIT_204s0008g04930.2, VIT_204s0008g04930.1	Aqcoe2G173300.4.p, Aqcoe2G173300.2.p, Aqcoe2G173300.1.p, Aqcoe2G173300.5.p, Aqcoe2G173300.3.p
OG0002236	VIT_205s0077g00510.2, VIT_205s0077g00510.1, VIT_214s0060g00860.4, VIT_214s0060g00860.5, VIT_214s0060g00860.2, VIT_214s0060g00860.3, VIT_214s0060g00860.1	Aqcoe5G267700.1.p, Aqcoe2G263500.1.p
OG0002237	VIT_213s0320g00030.1	Aqcoe1G055200.1.p, Aqcoe1G055200.2.p, Aqcoe1G055100.1.p, Aqcoe1G055000.1.p, Aqcoe2G059700.1.p
OG0002238	VIT_204s0008g00560.2, VIT_204s0008g00560.4, VIT_204s0008g00560.6, VIT_204s0008g00560.1, VIT_204s0008g00560.3, VIT_204s0008g00560.5	Aqcoe2G298400.2.p, Aqcoe2G298400.1.p
OG0002239	VIT_214s0060g00580.2, VIT_214s0060g00580.4, VIT_214s0060g00580.1, VIT_214s0060g00580.3, VIT_214s0060g00570.1, VIT_214s0060g00570.2	Aqcoe2G130100.1.p, Aqcoe5G296400.1.p, Aqcoe5G258100.1.p
OG0002240	VIT_213s0019g04920.2, VIT_213s0019g04920.1, VIT_208s0007g04850.5, VIT_208s0007g04850.7	Aqcoe1G129800.1.p, Aqcoe7G115500.1.p
OG0002241	VIT_205s0077g01480.2, VIT_205s0077g01480.1, VIT_205s0077g01480.4, VIT_205s0077g01480.3	Aqcoe2G282600.1.p, Aqcoe2G282600.2.p
OG0002242	VIT_206s0004g05250.1	Aqcoe2G230900.1.p
OG0002243	VIT_213s0019g02330.1, VIT_213s0019g02330.2	Aqcoe2G231900.1.p, Aqcoe2G231900.2.p
OG0002244	VIT_207s0031g00080.2, VIT_207s0031g00080.1, VIT_218s0001g10030.1, VIT_218s0001g10030.2	Aqcoe5G143700.1.p
OG0002245	VIT_218s0122g01010.5, VIT_218s0122g01010.1, VIT_218s0122g01010.7, VIT_218s0122g01010.3, VIT_218s0122g01010.4, VIT_218s0122g01010.6, VIT_218s0122g01010.2, VIT_207s0031g02160.1	Aqcoe6G170800.1.p, Aqcoe6G170800.2.p
OG0002246	VIT_204s0044g01210.2, VIT_204s0044g01210.4, VIT_204s0044g01210.5, VIT_204s0044g01210.6, VIT_204s0044g01210.7, VIT_204s0044g01210.8, VIT_204s0044g01210.3, VIT_204s0044g01210.1	Aqcoe6G035000.2.p, Aqcoe6G035000.1.p
OG0002247	VIT_218s0001g14630.2, VIT_218s0001g14630.3, VIT_218s0001g14630.1, VIT_203s0038g02330.1	Aqcoe6G224000.3.p, Aqcoe6G224000.2.p, Aqcoe6G224000.1.p
OG0002249	VIT_218s0001g11950.1, VIT_204s0023g01150.1	Aqcoe6G109300.1.p, Aqcoe3G068600.1.p, Aqcoe5G199600.1.p
OG0002250	VIT_201s0011g03670.1, VIT_201s0011g03670.2	Aqcoe3G035300.1.p
OG0002250	VIT_200s0301g00110.1	Aqcoe6G136200.1.p, Aqcoe1G331900.1.p
OG0002251	VIT_207s0031g01600.3, VIT_207s0031g01600.2, VIT_207s0031g01600.1	Aqcoe6G050500.1.p
OG0002253	VIT_212s0035g01130.2, VIT_212s0035g01130.1, VIT_218s0041g01900.2, VIT_218s0041g01900.1	Aqcoe6G012800.1.p, Aqcoe6G012800.2.p, Aqcoe5G099800.1.p
OG0002254	VIT_218s0001g07610.1, VIT_200s1364g00020.1, VIT_200s0483g00050.1	Aqcoe6G093100.1.p
OG0002255	VIT_218s0001g15010.5, VIT_218s0001g15010.1, VIT_218s0001g15010.3, VIT_218s0001g15010.4, VIT_218s0001g15010.2	Aqcoe6G034200.1.p, Aqcoe6G034200.3.p, Aqcoe6G034200.2.p
OG0002256	VIT_218s0001g00070.14, VIT_218s0001g00070.11, VIT_218s0001g00070.13, VIT_218s0001g00070.4, VIT_218s0001g00070.1, VIT_218s0001g00070.3, VIT_218s0001g00070.2, VIT_218s0001g00070.6, VIT_218s0001g00070.5, VIT_218s0001g00070.7, VIT_218s0001g00070.12, VIT_218s0001g00070.8, VIT_218s0001g00070.9, VIT_218s0122g01465.1, VIT_218s0001g00015.1, VIT_218s0001g00070.10	Aqcoe6G139200.1.p
OG0002257	VIT_207s0129g00520.1, VIT_207s0129g00520.2, VIT_218s0001g09390.4, VIT_218s0001g09390.2, VIT_218s0001g09390.3, VIT_218s0001g09390.1, VIT_203s0091g00470.5, VIT_203s0091g00470.1, VIT_203s0091g00470.2, VIT_203s0091g00470.4, VIT_203s0091g00470.6, VIT_203s0091g00470.3, VIT_203s0091g00470.7	Aqcoe6G293200.1.p, Aqcoe6G293200.2.p, Aqcoe6G293200.3.p
OG0002258	VIT_203s0038g03810.1, VIT_218s0122g01240.1	Aqcoe6G175300.1.p, Aqcoe5G121100.1.p
OG0002259	VIT_218s0001g08890.3, VIT_218s0001g08890.4, VIT_218s0001g08890.2, VIT_218s0001g08890.1, VIT_200s0322g00020.1, VIT_200s0322g00020.2, VIT_200s0322g00020.3	Aqcoe6G273500.1.p
OG0002260	VIT_218s0001g05080.1, VIT_218s0001g05080.2	Aqcoe6G061800.2.p, Aqcoe6G061800.1.p
OG0002261	VIT_203s0038g00340.1, VIT_203s0038g00340.2, VIT_218s0001g13520.1, VIT_218s0001g13520.2	Aqcoe6G256000.1.p
OG0002262	VIT_204s0069g00970.1, VIT_207s0031g01710.2, VIT_207s0031g01710.1, VIT_204s0069g00980.1, VIT_204s0008g01470.1	Aqcoe6G048300.1.p
OG0002263	VIT_203s0038g02400.3, VIT_203s0038g02400.1, VIT_203s0038g02400.2	Aqcoe6G220800.2.p, Aqcoe6G220800.5.p, Aqcoe6G220800.4.p, Aqcoe6G220800.1.p, Aqcoe6G220800.3.p
OG0002264	VIT_211s0037g00490.2, VIT_211s0037g00490.1, VIT_204s0008g06770.1	Aqcoe7G353000.1.p
OG0002265	VIT_200s0587g00030.1, VIT_219s0014g03090.1	Aqcoe1G303400.1.p, Aqcoe4G134800.1.p
OG0002266	VIT_213s0067g01950.5, VIT_213s0067g01950.4, VIT_213s0067g01950.3, VIT_213s0067g01950.8, VIT_213s0067g01950.1, VIT_213s0067g01950.9, VIT_213s0067g01950.2, VIT_213s0067g01950.10, VIT_213s0067g01950.7, VIT_213s0067g01950.6, VIT_213s0067g01950.11, VIT_213s0067g01950.14, VIT_213s0067g01950.12, VIT_213s0067g01950.13	Aqcoe7G044700.1.p, Aqcoe4G175400.1.p
OG0002268	VIT_219s0090g01230.1, VIT_219s0090g01230.2, VIT_219s0090g01230.3	Aqcoe1G334800.2.p, Aqcoe1G334800.3.p, Aqcoe1G334800.1.p, Aqcoe4G288200.5.p, Aqcoe4G288200.3.p, Aqcoe4G288200.2.p, Aqcoe4G288200.1.p, Aqcoe4G288200.4.p, Aqcoe4G288200.6.p
OG0002269	VIT_212s0028g02150.1, VIT_212s0028g02150.2, VIT_210s0003g01300.1	Aqcoe4G270000.1.p, Aqcoe1G225400.1.p, Aqcoe4G043700.1.p
OG0002270	VIT_205s0020g01740.1, VIT_205s0020g01740.4, VIT_205s0020g01740.2, VIT_205s0020g01740.3	Aqcoe4G215100.1.p
OG0002271	VIT_210s0003g01400.1, VIT_219s0014g01230.1	Aqcoe4G040500.1.p
OG0002272	VIT_212s0057g00470.1, VIT_219s0090g01610.2, VIT_219s0090g01610.1	Aqcoe4G274300.1.p
OG0002273	VIT_219s0090g00820.1, VIT_210s0116g01230.1, VIT_210s0116g01240.1, VIT_212s0059g00870.1	Aqcoe1G294100.1.p, Aqcoe4G211200.1.p
OG0002274	VIT_206s0004g05750.1, VIT_206s0004g05760.1	Aqcoe1G092900.1.p, Aqcoe1G092800.1.p, Aqcoe4G267600.1.p
OG0002275	VIT_212s0059g02370.5, VIT_212s0059g02370.4, VIT_212s0059g02370.2, VIT_212s0059g02370.1, VIT_212s0059g02370.3	Aqcoe1G354500.1.p
OG0002276	VIT_211s0016g03930.1, VIT_204s0008g03920.2, VIT_204s0008g03920.1	Aqcoe7G399500.1.p, Aqcoe7G179100.1.p
OG0002277	VIT_204s0008g04490.3, VIT_204s0008g04490.4, VIT_204s0008g04490.2, VIT_204s0008g04490.1	Aqcoe7G186400.3.p, Aqcoe7G186400.1.p, Aqcoe7G186400.2.p
OG0002278	VIT_211s0103g00130.1, VIT_211s0103g00140.1, VIT_211s0103g00150.1, VIT_211s0103g00050.1, VIT_211s0103g00010.2, VIT_211s0103g00010.3, VIT_211s0103g00010.1	Aqcoe7G287400.1.p
OG0002280	VIT_219s0014g01440.3, VIT_219s0014g01440.1, VIT_219s0014g01440.2	Aqcoe7G255800.1.p, Aqcoe7G090200.1.p, Aqcoe5G406900.1.p
OG0002281	VIT_206s0004g07110.1, VIT_208s0058g00350.3, VIT_208s0058g00350.2, VIT_208s0058g00350.1	Aqcoe7G366000.1.p, Aqcoe7G312700.1.p, Aqcoe7G312600.1.p, Aqcoe1G152700.1.p
OG0002282	VIT_204s0008g04260.1, VIT_204s0008g04260.2, VIT_209s0002g05240.1	Aqcoe7G196500.1.p, Aqcoe7G397800.1.p
OG0002283	VIT_215s0024g00080.3, VIT_215s0024g00080.1, VIT_212s0134g00150.1, VIT_215s0024g00080.5, VIT_215s0024g00080.2, VIT_215s0024g00080.4, VIT_212s0134g00150.2, VIT_212s0134g00150.4, VIT_212s0134g00150.6, VIT_212s0134g00150.7, VIT_212s0134g00150.5, VIT_215s0024g00080.6, VIT_212s0134g00150.3	Aqcoe7G394700.1.p, Aqcoe7G394700.2.p
OG0002284	VIT_209s0002g01610.1	Aqcoe7G421400.1.p
OG0002285	VIT_209s0002g01430.2, VIT_209s0002g01430.3, VIT_209s0002g01430.1	Aqcoe7G152100.1.p, Aqcoe7G152100.2.p, Aqcoe7G152100.3.p
OG0002286	VIT_211s0037g01210.1	Aqcoe7G254700.1.p
OG0002286	VIT_209s0018g01340.1, VIT_209s0018g01360.1	Aqcoe7G339800.3.p, Aqcoe7G339800.1.p
OG0002287	VIT_204s0008g05030.1, VIT_204s0008g05020.1, VIT_211s0016g04780.1	Aqcoe7G212900.1.p, Aqcoe7G212200.1.p
OG0002288	VIT_204s0008g06520.2, VIT_204s0008g06520.1, VIT_211s0118g00240.4, VIT_211s0118g00240.3, VIT_211s0118g00240.1, VIT_211s0118g00240.2	Aqcoe7G377700.3.p, Aqcoe7G377700.2.p, Aqcoe7G377700.1.p
OG0002289	VIT_216s0050g02670.1, VIT_216s0050g02670.3, VIT_216s0050g02670.6, VIT_216s0050g02670.2, VIT_216s0050g02670.4, VIT_216s0050g02670.5	Aqcoe7G012600.2.p, Aqcoe7G012600.1.p, Aqcoe7G012600.5.p, Aqcoe7G012600.4.p, Aqcoe7G012600.3.p, Aqcoe7G012600.6.p
OG0002290	VIT_211s0016g04500.1, VIT_204s0008g04270.5, VIT_204s0008g04270.1, VIT_204s0008g04270.2	Aqcoe7G195900.1.p
OG0002291	VIT_216s0098g00360.1, VIT_216s0098g00360.3, VIT_216s0098g00360.4, VIT_216s0098g00360.2, VIT_216s0098g00360.6, VIT_216s0098g00360.5	Aqcoe7G010300.1.p
OG0002292	VIT_207s0130g00400.3, VIT_207s0130g00400.1, VIT_207s0130g00400.2, VIT_207s0130g00400.8, VIT_207s0130g00400.4, VIT_207s0130g00400.5, VIT_207s0130g00400.6, VIT_207s0130g00400.7, VIT_212s0035g01720.1, VIT_212s0035g01720.2	Aqcoe7G244300.1.p
OG0002293	VIT_204s0008g07370.1	Aqcoe0018s0011.1.p
OG0002294	VIT_211s0016g05410.1, VIT_204s0008g05470.1	Aqcoe1G409200.1.p, Aqcoe7G265200.1.p
OG0002295	VIT_208s0056g00620.1, VIT_202s0025g01000.1	Aqcoe7G022700.1.p
OG0002296	VIT_211s0016g04870.3, VIT_211s0016g04870.2, VIT_211s0016g04870.1	Aqcoe7G393100.1.p
OG0002296	VIT_209s0002g06050.1	Aqcoe7G280400.2.p, Aqcoe7G280400.1.p, Aqcoe7G280400.3.p
OG0002297	VIT_212s0028g01090.2, VIT_212s0028g01090.1, VIT_212s0028g01090.3	Aqcoe1G183400.1.p, Aqcoe1G183400.2.p
OG0002298	VIT_219s0014g00220.1, VIT_212s0142g00130.1	Aqcoe1G207400.1.p
OG0002299	VIT_216s0200g00024.1	Aqcoe1G319400.1.p
OG0002300	VIT_208s0007g02380.1, VIT_213s0073g00150.1	Aqcoe1G431900.1.p
OG0002301	VIT_211s0016g03550.2, VIT_211s0016g03550.1, VIT_211s0016g03550.3	Aqcoe5G160000.3.p, Aqcoe5G160000.2.p, Aqcoe5G160000.1.p, Aqcoe5G160000.4.p, Aqcoe1G035800.3.p, Aqcoe1G035800.2.p, Aqcoe1G035800.1.p
OG0002302	VIT_219s0015g00620.1	Aqcoe1G378900.1.p
OG0002302	VIT_208s0040g02210.1	Aqcoe1G494500.1.p
OG0002303	VIT_218s0001g07750.2, VIT_218s0001g07750.4, VIT_218s0001g07750.7, VIT_218s0001g07750.3, VIT_218s0001g07750.1, VIT_218s0001g07750.5, VIT_218s0001g07750.6, VIT_215s0046g02660.1	Aqcoe1G327100.1.p, Aqcoe1G326800.1.p, Aqcoe1G326600.1.p, Aqcoe1G327800.1.p, Aqcoe5G165300.1.p, Aqcoe1G327200.1.p, Aqcoe1G328400.1.p, Aqcoe1G326100.1.p, Aqcoe1G328100.1.p, Aqcoe1G327300.1.p
OG0002304	VIT_219s0014g03250.2, VIT_219s0014g03250.3, VIT_219s0014g03250.4, VIT_219s0014g03250.1, VIT_219s0014g03240.5, VIT_219s0014g03240.1, VIT_219s0014g03240.3, VIT_219s0014g03240.4, VIT_219s0014g03240.2	Aqcoe1G319900.1.p, Aqcoe1G319800.1.p, Aqcoe1G320000.1.p, Aqcoe1G320000.2.p, Aqcoe1G320400.1.p, Aqcoe1G320400.2.p, Aqcoe1G320400.3.p
OG0002305	VIT_206s0004g00950.2, VIT_206s0004g00950.3, VIT_206s0004g00950.6, VIT_206s0004g00950.10, VIT_206s0004g00950.8, VIT_206s0004g00950.9, VIT_206s0004g00950.7, VIT_206s0004g00950.4, VIT_206s0004g00950.5, VIT_206s0004g00950.1	Aqcoe1G007400.2.p, Aqcoe1G007400.1.p
OG0002306	VIT_208s0058g01400.4, VIT_208s0058g01400.5, VIT_208s0058g01400.3, VIT_208s0058g01400.1, VIT_208s0058g01400.2	Aqcoe1G502300.1.p, Aqcoe1G502300.2.p
OG0002307	VIT_206s0004g01770.2, VIT_206s0004g01770.5, VIT_206s0004g01770.10, VIT_206s0004g01770.6, VIT_206s0004g01770.1, VIT_206s0004g01770.4, VIT_206s0004g01770.3, VIT_206s0004g01650.1	Aqcoe1G027600.3.p, Aqcoe1G027600.2.p, Aqcoe1G027600.4.p, Aqcoe1G027600.1.p, Aqcoe1G027400.1.p
OG0002308	VIT_200s0404g00040.1, VIT_200s0404g00040.3, VIT_200s0404g00040.2, VIT_219s0014g03510.2, VIT_219s0014g03510.3, VIT_219s0014g03510.1	Aqcoe1G302300.2.p, Aqcoe1G302300.3.p, Aqcoe1G302300.1.p
OG0002309	VIT_212s0057g01470.1	Aqcoe1G244600.1.p
OG0002309	VIT_212s0057g01470.2, VIT_212s0057g01470.3, VIT_214s0066g00180.1	Aqcoe5G389800.1.p
OG0002310	VIT_213s0067g03020.3, VIT_213s0067g03020.8, VIT_213s0067g03020.2, VIT_213s0067g03020.6, VIT_213s0067g03020.5, VIT_213s0067g03020.7, VIT_213s0067g03020.1, VIT_213s0067g03020.4	Aqcoe1G406900.1.p
OG0002311	VIT_208s0040g02410.2, VIT_208s0040g02410.1, VIT_208s0040g02410.3	Aqcoe1G491100.5.p, Aqcoe1G491100.7.p, Aqcoe1G491100.3.p, Aqcoe1G491100.1.p, Aqcoe1G491100.8.p, Aqcoe1G491100.2.p, Aqcoe1G491100.6.p, Aqcoe1G491100.4.p
OG0002312	VIT_213s0019g03220.3, VIT_213s0019g03220.1, VIT_213s0019g03220.4, VIT_213s0019g03220.2	Aqcoe1G089800.1.p
OG0002313	VIT_217s0000g02520.5, VIT_217s0000g02520.9, VIT_217s0000g02520.2, VIT_217s0000g02520.1, VIT_217s0000g02520.3, VIT_217s0000g02520.4, VIT_217s0000g02520.6, VIT_217s0000g02520.7, VIT_217s0000g02520.8	Aqcoe3G013300.2.p, Aqcoe3G013300.1.p, Aqcoe3G014100.1.p, Aqcoe5G030300.1.p
OG0002314	VIT_216s0098g00790.1, VIT_215s0045g00040.1, VIT_200s0188g00030.1, VIT_210s0116g01340.1, VIT_200s0279g00090.1, VIT_200s0279g00100.1, VIT_200s0230g00080.1	Aqcoe5G473700.1.p
OG0002315	VIT_201s0150g00120.1, VIT_217s0000g00200.1	Aqcoe5G327100.1.p
OG0002316	VIT_213s0019g01610.1	Aqcoe5G391200.1.p
OG0002317	VIT_203s0038g02940.1, VIT_203s0038g02940.4, VIT_203s0038g02940.2, VIT_203s0038g02940.3, VIT_203s0038g02940.5	Aqcoe5G128400.1.p, Aqcoe5G128400.3.p, Aqcoe5G128400.2.p
OG0002318	VIT_200s0429g00030.5, VIT_200s0429g00030.4, VIT_200s0429g00030.2, VIT_200s0429g00030.6, VIT_200s0429g00030.1, VIT_200s0429g00030.3, VIT_217s0053g01070.1	Aqcoe5G107400.1.p
OG0002319	VIT_214s0068g01870.3, VIT_214s0068g01870.1, VIT_214s0068g01890.2, VIT_214s0068g01890.1, VIT_214s0068g01890.3, VIT_214s0068g01870.2, VIT_217s0000g01160.3, VIT_217s0000g01160.2	Aqcoe5G353900.2.p, Aqcoe5G353900.1.p
OG0002320	VIT_205s0049g00450.3, VIT_205s0049g00450.1, VIT_205s0049g00450.2, VIT_207s0005g03080.1, VIT_207s0005g03080.3, VIT_207s0005g03080.2	Aqcoe5G029000.1.p, Aqcoe5G029000.2.p
OG0002321	VIT_216s0022g01460.2, VIT_216s0022g01460.3, VIT_216s0022g01460.1	Aqcoe5G421400.1.p
OG0002322	VIT_204s0043g00850.2, VIT_204s0043g00850.1, VIT_200s0333g00060.1	Aqcoe5G011600.2.p, Aqcoe5G011600.1.p, Aqcoe5G011600.3.p, Aqcoe5G011300.1.p
OG0002323	VIT_204s0023g01280.2, VIT_204s0023g01280.4, VIT_204s0023g01280.6, VIT_204s0023g01280.1, VIT_204s0023g01280.5, VIT_204s0023g01280.7, VIT_204s0023g01280.3, VIT_204s0023g01280.8, VIT_203s0063g02110.1, VIT_203s0063g02110.2, VIT_203s0063g02110.3	Aqcoe3G102700.1.p, Aqcoe5G198800.1.p
OG0002324	VIT_207s0005g04760.6, VIT_207s0005g04760.5, VIT_207s0005g04760.4, VIT_207s0005g04760.3, VIT_207s0005g04760.2, VIT_207s0005g04760.1	Aqcoe5G009300.1.p, Aqcoe5G009300.2.p
OG0002325	VIT_217s0000g09770.1, VIT_201s0137g00330.1	Aqcoe3G136400.1.p, Aqcoe5G385600.1.p
OG0002326	VIT_214s0068g00720.1, VIT_200s0283g00020.1	Aqcoe5G320200.2.p, Aqcoe5G320200.3.p, Aqcoe5G320200.4.p, Aqcoe5G320200.1.p, Aqcoe3G207700.2.p, Aqcoe3G207700.3.p, Aqcoe3G207700.1.p
OG0002327	VIT_214s0066g01590.3, VIT_214s0066g01590.2, VIT_214s0066g01590.5, VIT_214s0066g01590.4, VIT_214s0066g01590.1, VIT_201s0026g00330.1, VIT_201s0026g00330.2, VIT_201s0026g00330.3	Aqcoe1180s0001.1.p
OG0002328	VIT_217s0000g04680.1, VIT_217s0000g04680.2, VIT_217s0000g04680.7, VIT_217s0000g04680.9, VIT_217s0000g04680.4, VIT_217s0000g04680.8, VIT_217s0000g04680.5, VIT_217s0000g04680.3, VIT_217s0000g04680.6	Aqcoe3G072300.2.p
OG0002329	VIT_217s0000g03870.2, VIT_217s0000g03870.1	Aqcoe3G043100.2.p, Aqcoe3G043100.1.p
OG0002330	VIT_210s0003g02860.2, VIT_210s0003g02860.5, VIT_210s0003g02860.1, VIT_210s0003g02860.3, VIT_210s0003g02860.4	Aqcoe3G254100.1.p
OG0002331	VIT_201s0011g04360.5, VIT_201s0011g04360.3, VIT_201s0011g04360.4, VIT_201s0011g04360.1, VIT_201s0011g04360.2	Aqcoe3G021300.1.p
OG0002331	VIT_217s0000g03030.1	Aqcoe3G405200.1.p
OG0002332	VIT_214s0108g00810.1, VIT_214s0108g00760.1, VIT_217s0000g06200.1, VIT_201s0026g02450.1	Aqcoe3G079200.1.p
OG0002333	VIT_214s0066g01850.1	Aqcoe3G306200.1.p
OG0002333	VIT_217s0000g07750.1, VIT_201s0026g00830.1	Aqcoe3G104200.1.p
OG0002334	VIT_217s0000g04725.1, VIT_201s0010g00930.1, VIT_214s0083g00700.1	Aqcoe3G382800.1.p, Aqcoe3G071400.1.p
OG0002335	VIT_209s0002g07870.1, VIT_209s0002g07870.7, VIT_209s0002g07870.6, VIT_209s0002g07870.3, VIT_209s0002g07870.2, VIT_209s0002g07870.5, VIT_209s0002g07870.4	Aqcoe3G314400.1.p
OG0002336	VIT_201s0244g00020.1	Aqcoe3G147300.1.p
OG0002337	VIT_201s0011g01570.3, VIT_201s0011g01570.2, VIT_201s0011g01570.1	Aqcoe3G285900.1.p, Aqcoe3G285900.2.p
OG0002338	VIT_214s0066g01630.4, VIT_214s0066g01630.2, VIT_214s0066g01630.3, VIT_214s0066g01630.1	Aqcoe3G301100.3.p, Aqcoe3G301100.2.p, Aqcoe3G301100.1.p
OG0002339	VIT_216s0039g00390.2, VIT_216s0039g00390.1	Aqcoe3G441300.1.p, Aqcoe3G441300.2.p, Aqcoe3G441300.3.p
OG0002340	VIT_214s0066g00250.1, VIT_214s0066g01270.2, VIT_214s0066g01270.1, VIT_201s0137g00700.1	Aqcoe3G190500.1.p, Aqcoe3G190800.1.p, Aqcoe3G190600.1.p, Aqcoe3G141100.1.p, Aqcoe3G141100.2.p, Aqcoe3G141200.1.p
OG0002341	VIT_217s0053g00080.1, VIT_217s0053g00040.2, VIT_217s0053g00380.1, VIT_217s0053g00040.1, VIT_217s0053g00070.1	Aqcoe3G248600.1.p
OG0002341	VIT_201s0011g02260.1, VIT_201s0011g02250.1	Aqcoe3G436000.1.p
OG0002342	VIT_201s0026g01910.1	Aqcoe3G332500.2.p, Aqcoe3G332500.1.p
OG0002343	VIT_214s0083g01000.2, VIT_214s0083g01000.1	Aqcoe3G374600.2.p, Aqcoe3G374600.1.p, Aqcoe3G374600.3.p
OG0002344	VIT_215s0024g00860.2, VIT_215s0024g00860.6, VIT_215s0024g00860.1, VIT_215s0024g00860.4, VIT_215s0024g00860.3, VIT_215s0024g00860.7, VIT_215s0024g00860.5, VIT_215s0024g00860.8, VIT_215s0024g00860.11, VIT_215s0024g00860.12, VIT_215s0024g00860.10, VIT_215s0024g00860.9	Aqcoe3G186200.7.p, Aqcoe3G186200.4.p, Aqcoe3G186200.6.p, Aqcoe3G186200.3.p, Aqcoe3G186200.8.p, Aqcoe3G186200.5.p, Aqcoe3G186200.10.p, Aqcoe3G186200.9.p, Aqcoe3G186200.2.p, Aqcoe3G186200.1.p
OG0002345	VIT_210s0042g00210.1, VIT_214s0108g00750.1, VIT_201s0026g02460.1	Aqcoe3G338200.1.p
OG0002346	VIT_201s0011g04860.1, VIT_201s0011g04860.2	Aqcoe3G016800.1.p
OG0002347	VIT_214s0066g00790.6, VIT_214s0066g00790.7, VIT_214s0066g00790.1, VIT_214s0066g00790.4, VIT_214s0066g00790.3, VIT_214s0066g00790.5, VIT_214s0066g00790.2, VIT_214s0066g00790.9, VIT_214s0066g00790.8	Aqcoe3G201800.2.p, Aqcoe3G201800.1.p
OG0002348	VIT_201s0127g00710.3, VIT_201s0127g00710.10, VIT_201s0127g00710.18, VIT_201s0127g00710.7, VIT_201s0127g00710.12, VIT_201s0127g00710.1, VIT_201s0127g00710.2, VIT_201s0127g00710.6, VIT_201s0127g00710.16, VIT_201s0127g00710.14, VIT_201s0127g00710.13, VIT_201s0127g00710.5, VIT_201s0127g00710.20, VIT_201s0127g00710.19, VIT_201s0127g00710.17, VIT_201s0127g00710.15, VIT_201s0127g00710.4, VIT_201s0127g00710.8, VIT_201s0127g00710.11, VIT_201s0127g00710.9	Aqcoe3G291000.2.p, Aqcoe3G291000.1.p
OG0002349	VIT_215s0021g01540.2, VIT_215s0021g01540.3, VIT_215s0021g01540.1	Aqcoe3G267100.2.p, Aqcoe3G267100.1.p
OG0002366	VIT_205s0051g00940.1, VIT_207s0005g02990.1	Aqcoe2G142800.2.p, Aqcoe2G142800.1.p, Aqcoe2G142800.3.p, Aqcoe1G029300.1.p, Aqcoe2G162300.1.p
OG0002368	VIT_211s0103g00230.1	Aqcoe1G329700.2.p, Aqcoe4G205400.1.p, Aqcoe1G329700.1.p, Aqcoe5G222000.1.p, Aqcoe6G239000.1.p, Aqcoe2G229900.2.p, Aqcoe2G229900.4.p, Aqcoe2G229900.3.p, Aqcoe2G229900.1.p
OG0002368	VIT_201s0011g01755.1	Aqcoe1G329600.1.p, Aqcoe2G153800.1.p, Aqcoe1G329400.1.p, Aqcoe1G329500.1.p, Aqcoe5G221900.1.p, Aqcoe2G153700.1.p
OG0002369	VIT_207s0005g01420.1	Aqcoe2G276000.1.p
OG0002370	VIT_213s0019g04880.1	Aqcoe2G211300.1.p
OG0002370	VIT_206s0061g00680.1, VIT_206s0061g00680.2, VIT_206s0061g00680.3	Aqcoe1G128300.1.p
OG0002371	VIT_205s0124g00250.7, VIT_205s0124g00250.5, VIT_205s0124g00250.10, VIT_205s0124g00250.9, VIT_205s0124g00250.11, VIT_205s0124g00250.8, VIT_205s0124g00250.6, VIT_205s0124g00250.4, VIT_205s0124g00250.3, VIT_205s0124g00250.2, VIT_205s0124g00250.1	Aqcoe5G141200.1.p, Aqcoe2G423500.1.p
OG0002372	VIT_207s0005g02700.1	Aqcoe2G249500.1.p, Aqcoe2G249500.3.p, Aqcoe2G249500.2.p
OG0002372	VIT_210s0003g02800.1	Aqcoe4G013800.1.p, Aqcoe4G013800.2.p
OG0002373	VIT_213s0084g00700.1, VIT_213s0084g00700.2	Aqcoe5G048300.1.p, Aqcoe2G352500.1.p
OG0002374	VIT_208s0040g02840.1, VIT_213s0067g03750.1	Aqcoe2G171200.1.p, Aqcoe1G480000.1.p
OG0002375	VIT_208s0032g00860.1, VIT_208s0032g00860.4, VIT_208s0032g00860.3, VIT_208s0032g00860.2	Aqcoe1G073800.3.p, Aqcoe1G073800.1.p, Aqcoe1G073800.2.p, Aqcoe2G070100.2.p, Aqcoe2G070100.1.p
OG0002376	VIT_207s0005g00720.1	Aqcoe2G299200.1.p, Aqcoe2G299400.1.p, Aqcoe2G299300.1.p, Aqcoe5G092100.1.p
OG0002377	VIT_214s0060g01210.1, VIT_207s0005g01450.1	Aqcoe5G321600.1.p, Aqcoe2G275600.1.p, Aqcoe5G319000.1.p, Aqcoe2G125500.1.p, Aqcoe7G253700.1.p, Aqcoe7G027500.1.p, Aqcoe5G307900.1.p
OG0002378	VIT_207s0005g01790.3, VIT_207s0005g01790.1, VIT_207s0005g01790.2	Aqcoe2G266300.1.p, Aqcoe2G266300.2.p, Aqcoe2G266300.3.p, Aqcoe2G266300.4.p
OG0002379	VIT_214s0060g02588.1	Aqcoe2G193700.1.p
OG0002379	VIT_217s0000g01770.1, VIT_209s0018g00820.1	Aqcoe2G188100.1.p
OG0002380	VIT_205s0020g04630.1	Aqcoe2G359200.2.p, Aqcoe2G359200.3.p, Aqcoe2G359200.1.p
OG0002381	VIT_208s0007g07560.2, VIT_208s0007g07560.1	Aqcoe1G061400.1.p
OG0002381	VIT_207s0031g01790.1	Aqcoe5G255400.1.p
OG0002382	VIT_207s0005g03960.1, VIT_207s0005g03960.2, VIT_207s0005g03970.2, VIT_207s0005g03970.1	Aqcoe2G380700.1.p
OG0002382	VIT_205s0049g01550.1, VIT_205s0049g01550.2	Aqcoe5G019500.1.p, Aqcoe7G268000.3.p, Aqcoe7G268000.4.p, Aqcoe7G268000.1.p
OG0002383	VIT_205s0020g02360.12, VIT_205s0020g02360.1, VIT_205s0020g02360.10, VIT_205s0020g02360.9, VIT_205s0020g02360.5, VIT_205s0020g02360.11, VIT_205s0020g02360.6, VIT_205s0020g02360.8, VIT_205s0020g02360.7, VIT_205s0020g02360.3, VIT_205s0020g02360.2, VIT_205s0020g02360.4	Aqcoe7G328000.1.p, Aqcoe5G065400.1.p, Aqcoe5G065400.2.p, Aqcoe2G323300.1.p
OG0002384	VIT_219s0027g00465.1	Aqcoe2G201600.1.p
OG0002385	VIT_218s0001g11360.4, VIT_218s0001g11360.1, VIT_218s0001g11360.2, VIT_218s0001g11360.5, VIT_218s0001g11360.3, VIT_218s0001g11360.7, VIT_218s0001g11360.6, VIT_203s0063g01420.1, VIT_203s0063g01440.1, VIT_203s0063g01415.1	Aqcoe2G102700.1.p, Aqcoe1G196200.1.p, Aqcoe1G101100.1.p, Aqcoe1G101000.1.p
OG0002386	VIT_213s0064g00160.4, VIT_213s0064g00160.3, VIT_213s0064g00160.2, VIT_213s0064g00160.1	Aqcoe1G036100.3.p, Aqcoe1G036100.2.p, Aqcoe1G036100.1.p
OG0002386	VIT_206s0004g02400.2, VIT_206s0004g02400.3, VIT_206s0004g02400.1	Aqcoe2G016200.1.p
OG0002387	VIT_207s0151g00700.1	Aqcoe5G051700.1.p
OG0002387	VIT_205s0020g03750.1, VIT_205s0020g03750.2	Aqcoe2G348600.1.p
OG0002388	VIT_206s0004g07430.1, VIT_206s0004g07430.2, VIT_213s0067g01990.1	Aqcoe2G082000.1.p
OG0002389	VIT_205s0049g00440.1, VIT_205s0049g00440.2	Aqcoe5G029200.1.p, Aqcoe5G029200.2.p
OG0002389	VIT_208s0007g00980.1	Aqcoe2G232000.1.p
OG0002390	VIT_205s0049g00100.1	Aqcoe2G368900.1.p
OG0002390	VIT_213s0019g02080.1	Aqcoe1G101900.1.p
OG0002391	VIT_201s0011g01610.5, VIT_201s0011g01610.3, VIT_201s0011g01610.6, VIT_201s0011g01610.2, VIT_201s0011g01610.1, VIT_201s0011g01610.4	Aqcoe7G415100.1.p, Aqcoe1G227300.1.p
OG0002391	VIT_208s0056g00710.1	Aqcoe2G007400.1.p
OG0002392	VIT_206s0080g00130.1, VIT_206s0080g00130.3, VIT_206s0080g00130.4, VIT_206s0080g00130.2, VIT_206s0080g00130.5	Aqcoe2G136200.1.p, Aqcoe2G136200.2.p, Aqcoe1G450200.1.p, Aqcoe1G450200.2.p
OG0002393	VIT_208s0007g04290.12, VIT_208s0007g04290.11, VIT_208s0007g04290.6, VIT_208s0007g04290.4, VIT_208s0007g04290.8, VIT_208s0007g04290.9, VIT_208s0007g04290.5, VIT_208s0007g04290.10, VIT_208s0007g04290.2, VIT_208s0007g04290.3, VIT_208s0007g04290.1, VIT_208s0007g04290.7	Aqcoe2G162400.2.p, Aqcoe2G162400.1.p
OG0002394	VIT_213s0019g02430.4, VIT_213s0019g02430.5, VIT_213s0019g02430.3, VIT_213s0019g02430.2, VIT_213s0019g02430.1	Aqcoe1G095900.1.p, Aqcoe1G095900.3.p, Aqcoe1G095900.2.p, Aqcoe2G233000.1.p
OG0002395	VIT_203s0063g02700.1, VIT_200s0672g00010.1, VIT_200s0672g00010.2, VIT_211s0016g00250.1	Aqcoe7G313000.1.p, Aqcoe7G313000.2.p, Aqcoe7G313000.3.p, Aqcoe2G247800.1.p
OG0002396	VIT_214s0128g00900.2, VIT_214s0128g00900.1, VIT_207s0104g01600.1	Aqcoe2G306700.1.p
OG0002397	VIT_204s0043g00440.3, VIT_204s0043g00440.1, VIT_204s0043g00440.2, VIT_208s0007g07220.1, VIT_208s0007g07220.2	Aqcoe4G289500.1.p, Aqcoe2G057300.1.p
OG0002398	VIT_207s0005g00420.1, VIT_207s0005g00420.3, VIT_207s0005g00420.2, VIT_214s0060g02280.3, VIT_214s0060g02280.6, VIT_214s0060g02280.2, VIT_214s0060g02280.4, VIT_214s0060g02280.1, VIT_214s0060g02280.5	Aqcoe5G088000.2.p, Aqcoe5G088000.1.p, Aqcoe2G295300.1.p
OG0002399	VIT_201s0011g06300.3, VIT_201s0011g06300.1, VIT_201s0011g06300.2	Aqcoe2G420400.2.p, Aqcoe2G420400.1.p, Aqcoe2G420400.3.p
OG0002400	VIT_206s0061g00220.2, VIT_206s0061g00220.1	Aqcoe3G189400.4.p, Aqcoe3G189400.3.p, Aqcoe3G189400.5.p, Aqcoe3G189400.1.p
OG0002400	VIT_217s0053g01010.1, VIT_208s0007g08860.1	Aqcoe2G022200.1.p
OG0002401	VIT_207s0141g00030.1, VIT_207s0141g00060.1, VIT_207s0141g00070.1, VIT_207s0141g00090.1	Aqcoe2G356200.1.p, Aqcoe1G242600.1.p
OG0002402	VIT_214s0060g00210.1	Aqcoe5G288600.2.p, Aqcoe5G288600.3.p, Aqcoe5G288600.6.p, Aqcoe5G288600.9.p, Aqcoe5G288600.10.p, Aqcoe5G288600.7.p, Aqcoe5G288600.4.p, Aqcoe5G288600.8.p, Aqcoe5G288600.5.p, Aqcoe5G288600.1.p
OG0002403	VIT_206s0080g00840.1, VIT_208s0007g02880.1	Aqcoe1G438600.1.p, Aqcoe2G115700.1.p
OG0002404	VIT_204s0023g03600.2, VIT_204s0023g03600.5, VIT_204s0023g03600.1, VIT_204s0023g03600.3, VIT_204s0023g03600.4, VIT_204s0023g03590.1	Aqcoe4G264200.1.p, Aqcoe4G264200.2.p, Aqcoe6G213300.1.p
OG0002405	VIT_200s0779g00010.1	Aqcoe6G093200.1.p
OG0002405	VIT_218s0001g07600.1, VIT_218s0001g07600.3, VIT_218s0001g07600.2	Aqcoe5G167800.1.p
OG0002406	VIT_217s0000g02860.1, VIT_217s0000g02860.2	Aqcoe3G265900.1.p, Aqcoe3G265900.3.p, Aqcoe3G265900.2.p, Aqcoe6G015900.2.p, Aqcoe6G015900.1.p, Aqcoe5G439500.1.p
OG0002408	VIT_219s0015g01330.1, VIT_219s0015g01330.3, VIT_207s0104g00160.2, VIT_207s0104g00160.3, VIT_207s0104g00160.5, VIT_207s0104g00160.1, VIT_219s0015g01330.2, VIT_219s0015g01330.5, VIT_207s0104g00160.6, VIT_207s0104g00160.7, VIT_207s0104g00160.4	Aqcoe6G205700.1.p
OG0002409	VIT_218s0001g04580.1, VIT_218s0001g04580.2	Aqcoe6G055500.1.p
OG0002409	VIT_200s0415g00020.1, VIT_200s0211g00010.2, VIT_200s0211g00010.5, VIT_200s0211g00010.1, VIT_200s0211g00010.4, VIT_200s0211g00010.3	Aqcoe6G068400.2.p, Aqcoe6G068400.1.p
OG0002410	VIT_207s0031g02510.4, VIT_207s0031g02510.5, VIT_207s0031g02510.3, VIT_207s0031g02510.2, VIT_207s0031g02510.1	Aqcoe6G032500.7.p, Aqcoe6G032500.6.p, Aqcoe6G032500.5.p, Aqcoe6G032500.2.p, Aqcoe6G032500.9.p, Aqcoe6G032500.1.p, Aqcoe6G032500.4.p, Aqcoe6G032500.8.p, Aqcoe6G032500.3.p, Aqcoe6G032500.10.p, Aqcoe6G032500.11.p
OG0002411	VIT_218s0001g09360.1, VIT_207s0129g00490.1	Aqcoe6G291800.1.p
OG0002412	VIT_207s0031g00770.1	Aqcoe6G144400.1.p, Aqcoe5G154100.1.p
OG0002413	VIT_203s0038g00510.1, VIT_204s0023g02550.1, VIT_204s0023g02930.1, VIT_204s0023g02920.1	Aqcoe6G254600.1.p
OG0002414	VIT_203s0038g03960.1, VIT_203s0038g03960.2, VIT_203s0038g03960.4, VIT_203s0038g03960.5, VIT_203s0038g03960.6, VIT_203s0038g03960.3	Aqcoe5G114300.1.p, Aqcoe6G165600.2.p, Aqcoe6G165600.1.p
OG0002415	VIT_201s0026g01970.5, VIT_201s0026g01970.4, VIT_201s0026g01970.3, VIT_201s0026g01970.1, VIT_201s0026g01970.2	Aqcoe3G332900.1.p, Aqcoe3G332900.2.p, Aqcoe3G332900.3.p
OG0002416	VIT_202s0025g00310.1, VIT_216s0050g01160.3, VIT_216s0050g01160.1	Aqcoe6G138400.2.p, Aqcoe6G138400.1.p, Aqcoe6G191600.1.p
OG0002417	VIT_201s0026g01840.1, VIT_201s0026g01850.1	Aqcoe3G086500.1.p
OG0002417	VIT_214s0108g00160.1, VIT_214s0108g00170.1, VIT_214s0108g00180.1	Aqcoe6G247100.1.p, Aqcoe6G247100.2.p, Aqcoe6G247100.3.p, Aqcoe3G330800.1.p, Aqcoe3G330900.1.p, Aqcoe3G331100.1.p, Aqcoe3G331200.1.p, Aqcoe3G331200.2.p
OG0002418	VIT_214s0081g00310.1	Aqcoe5G121000.1.p
OG0002418	VIT_208s0007g03290.1	Aqcoe3G306900.1.p
OG0002419	VIT_218s0001g12960.1	Aqcoe5G175100.1.p, Aqcoe5G175100.2.p
OG0002420	VIT_218s0157g00180.2, VIT_218s0157g00180.1	Aqcoe6G046400.1.p
OG0002421	VIT_211s0016g01230.1	Aqcoe6G066100.1.p
OG0002422	VIT_207s0031g02310.1, VIT_207s0031g02310.2, VIT_207s0031g02310.4, VIT_207s0031g02310.3	Aqcoe6G164000.1.p
OG0002423	VIT_207s0005g05990.2, VIT_207s0005g05990.3, VIT_207s0005g05990.5, VIT_207s0005g05990.6, VIT_207s0005g05990.11, VIT_207s0005g05990.10, VIT_207s0005g05990.9, VIT_207s0005g05990.7, VIT_207s0005g05990.8, VIT_207s0005g05990.4, VIT_207s0005g05990.1	Aqcoe6G183700.1.p, Aqcoe6G183700.2.p
OG0002424	VIT_202s0087g00810.1, VIT_215s0024g00650.1	Aqcoe3G058200.1.p
OG0002424	VIT_203s0091g00430.1	Aqcoe6G296300.1.p
OG0002425	VIT_203s0091g01020.5, VIT_203s0091g01020.3, VIT_203s0091g01020.2, VIT_203s0091g01020.4, VIT_203s0091g01020.1, VIT_203s0091g01025.1	Aqcoe6G276100.3.p, Aqcoe6G276100.2.p, Aqcoe6G276100.4.p, Aqcoe6G276100.1.p
OG0002426	VIT_216s0022g01890.13, VIT_216s0022g01890.12, VIT_216s0022g01890.4, VIT_216s0022g01890.10, VIT_216s0022g01890.11, VIT_216s0022g01890.17, VIT_216s0022g01890.16, VIT_216s0022g01890.8, VIT_216s0022g01890.6, VIT_216s0022g01890.7, VIT_216s0022g01890.14, VIT_216s0022g01890.15, VIT_216s0022g01890.1, VIT_216s0022g01890.3, VIT_216s0022g01890.2, VIT_216s0022g01890.5, VIT_216s0022g01890.9	Aqcoe6G295200.5.p, Aqcoe6G295200.6.p, Aqcoe6G295200.1.p, Aqcoe6G295200.4.p, Aqcoe6G295200.2.p, Aqcoe6G295200.3.p
OG0002427	VIT_207s0031g03130.7, VIT_207s0031g03130.1, VIT_207s0031g03130.3, VIT_207s0031g03130.4, VIT_207s0031g03130.2, VIT_207s0031g03130.5, VIT_207s0031g03130.9, VIT_207s0031g03130.8, VIT_207s0031g03130.10, VIT_207s0031g03130.11, VIT_207s0031g03130.6	Aqcoe6G012000.1.p, Aqcoe6G012000.2.p
OG0002428	VIT_208s0056g00430.1, VIT_206s0004g08310.4, VIT_206s0004g08310.2, VIT_206s0004g08310.3, VIT_206s0004g08310.1	Aqcoe0017s0009.1.p, Aqcoe0017s0009.2.p
OG0002429	VIT_219s0015g01420.1, VIT_212s0057g01450.3, VIT_212s0057g01450.2, VIT_212s0057g01450.1, VIT_212s0057g01450.5, VIT_212s0057g01450.4, VIT_200s0878g00010.1	Aqcoe1G376600.1.p, Aqcoe7G297300.1.p, Aqcoe4G148100.1.p
OG0002430	VIT_202s0025g00530.1, VIT_216s0050g01750.1, VIT_216s0050g01760.1, VIT_216s0050g01770.1, VIT_216s0050g01650.1, VIT_215s0046g02080.1, VIT_202s0025g00540.1	Aqcoe4G018000.1.p, Aqcoe4G018300.1.p
OG0002431	VIT_213s0019g03900.9, VIT_213s0019g03900.8, VIT_213s0019g03900.11, VIT_213s0019g03900.10, VIT_213s0019g03900.12, VIT_213s0019g03900.15, VIT_213s0019g03900.13, VIT_213s0019g03900.14, VIT_213s0019g03900.4, VIT_213s0019g03900.6, VIT_213s0019g03900.5, VIT_213s0019g03900.3, VIT_213s0019g03900.7, VIT_213s0019g03900.2, VIT_213s0019g03900.1	Aqcoe4G007900.1.p
OG0002432	VIT_218s0117g00420.1, VIT_219s0015g01830.8, VIT_219s0015g01830.1, VIT_219s0015g01830.7, VIT_219s0015g01830.6, VIT_219s0015g01830.2, VIT_219s0015g01830.3, VIT_219s0015g01830.5, VIT_219s0015g01830.4	Aqcoe4G302200.2.p, Aqcoe4G302200.9.p, Aqcoe4G302200.7.p, Aqcoe4G302200.3.p, Aqcoe4G302200.8.p, Aqcoe4G302200.1.p, Aqcoe4G302200.5.p, Aqcoe4G302200.4.p, Aqcoe4G302200.6.p
OG0002433	VIT_210s0003g01600.2, VIT_210s0003g01600.1	Aqcoe1G219900.2.p, Aqcoe1G219900.1.p, Aqcoe4G031400.1.p
OG0002434	VIT_219s0015g00640.4, VIT_219s0015g00640.3, VIT_219s0015g00640.2, VIT_219s0015g00640.1	Aqcoe4G309500.1.p
OG0002435	VIT_216s0039g02110.4, VIT_216s0039g02110.5, VIT_216s0039g02110.2, VIT_216s0039g02110.1	Aqcoe7G343200.1.p, Aqcoe7G358500.1.p
OG0002435	VIT_204s0023g01900.1	Aqcoe5G189200.1.p
OG0002436	VIT_211s0016g02870.1, VIT_211s0016g02870.2, VIT_209s0002g03200.2, VIT_209s0002g03200.3, VIT_209s0002g03200.4, VIT_209s0002g03200.1	Aqcoe7G419000.1.p, Aqcoe7G419000.2.p, Aqcoe7G144800.1.p
OG0002437	VIT_202s0025g03500.2, VIT_202s0025g03500.3, VIT_202s0025g03500.1	Aqcoe7G035500.2.p, Aqcoe7G035500.6.p, Aqcoe7G035500.4.p, Aqcoe7G035500.1.p, Aqcoe7G035500.5.p, Aqcoe7G035500.3.p
OG0002438	VIT_211s0103g00400.2, VIT_211s0103g00400.1, VIT_211s0103g00400.3, VIT_211s0103g00420.5, VIT_211s0103g00420.4, VIT_211s0103g00400.4, VIT_211s0103g00420.3, VIT_211s0103g00420.1, VIT_211s0103g00420.2	Aqcoe7G207200.2.p, Aqcoe7G207200.3.p, Aqcoe7G207200.1.p, Aqcoe7G360600.1.p
OG0002439	VIT_209s0002g01520.1, VIT_211s0016g01450.1, VIT_204s0008g01700.1	Aqcoe7G116200.1.p
OG0002440	VIT_204s0008g00690.2, VIT_204s0008g00690.1, VIT_209s0002g02660.1, VIT_209s0002g02660.2	Aqcoe7G142000.2.p, Aqcoe7G142000.1.p
OG0002441	VIT_211s0016g03460.3, VIT_211s0016g03460.1, VIT_211s0016g03460.6, VIT_211s0016g03460.2, VIT_211s0016g03460.4, VIT_211s0016g03460.8	Aqcoe7G163500.1.p
OG0002442	VIT_207s0005g00560.2, VIT_214s0060g02050.1, VIT_214s0060g02050.2, VIT_214s0060g02310.1, VIT_205s0077g02290.1	Aqcoe7G129800.1.p, Aqcoe5G089100.1.p
OG0002443	VIT_215s0048g01260.1, VIT_215s0048g01260.2	Aqcoe7G053600.1.p, Aqcoe7G053600.2.p, Aqcoe7G063100.3.p
OG0002443	VIT_214s0006g01410.1	Aqcoe3G012400.1.p
OG0002444	VIT_211s0016g01280.1, VIT_211s0016g01280.3, VIT_211s0016g01280.5, VIT_211s0016g01280.4, VIT_211s0016g01280.2, VIT_216s0013g02140.4, VIT_216s0013g02140.2, VIT_216s0013g02140.3, VIT_216s0013g02140.1	Aqcoe7G414300.1.p, Aqcoe7G414300.2.p, Aqcoe7G089700.2.p, Aqcoe7G089700.1.p, Aqcoe7G089700.3.p
OG0002445	VIT_204s0008g06720.1, VIT_204s0008g06720.4, VIT_204s0008g06720.3	Aqcoe7G354900.1.p
OG0002446	VIT_204s0008g05250.1, VIT_204s0008g05250.2, VIT_209s0002g06520.1, VIT_209s0002g06520.2, VIT_204s0008g05260.1	Aqcoe7G390600.2.p, Aqcoe7G390600.1.p
OG0002446	VIT_204s0008g04670.1, VIT_204s0008g04600.1, VIT_204s0008g04660.1, VIT_204s0008g04620.1, VIT_209s0054g01295.1, VIT_211s0016g04720.1, VIT_211s0016g04720.2	Aqcoe7G210500.1.p
OG0002447	VIT_211s0149g00040.2, VIT_211s0149g00040.1, VIT_211s0149g00040.3	Aqcoe7G237200.17.p, Aqcoe7G237200.18.p, Aqcoe7G237200.5.p, Aqcoe7G237200.13.p, Aqcoe7G237200.14.p, Aqcoe7G237200.11.p, Aqcoe7G237200.15.p, Aqcoe7G237200.7.p, Aqcoe7G237200.6.p, Aqcoe7G237200.12.p, Aqcoe7G237200.1.p, Aqcoe7G237200.4.p, Aqcoe7G237200.9.p, Aqcoe7G237200.2.p, Aqcoe7G237200.8.p, Aqcoe7G237200.3.p, Aqcoe7G237200.10.p
OG0002448	VIT_211s0016g04750.1, VIT_211s0016g04750.2, VIT_204s0008g04990.1	Aqcoe7G211100.1.p
OG0002449	VIT_207s0031g03060.1, VIT_212s0035g01040.4, VIT_212s0035g01040.3, VIT_212s0035g01040.2, VIT_212s0035g01040.1	Aqcoe7G423500.1.p
OG0002450	VIT_216s0022g01760.4, VIT_216s0022g01760.5, VIT_216s0022g01760.6, VIT_216s0022g01760.3, VIT_216s0022g01760.2, VIT_216s0022g01760.1, VIT_219s0093g00480.2, VIT_219s0093g00480.1	Aqcoe7G068400.1.p
OG0002451	VIT_209s0002g01460.1, VIT_211s0016g01380.1	Aqcoe7G115000.2.p, Aqcoe7G115000.1.p
OG0002451	VIT_204s0008g01750.1	Aqcoe5G206100.1.p
OG0002452	VIT_217s0000g02210.2, VIT_217s0000g02210.1	Aqcoe7G074700.1.p, Aqcoe7G074700.2.p
OG0002453	VIT_201s0011g02440.1, VIT_201s0011g02430.1	Aqcoe3G388900.3.p, Aqcoe3G388900.4.p, Aqcoe3G388900.2.p, Aqcoe3G388900.1.p
OG0002453	VIT_211s0037g01060.1	Aqcoe7G254100.2.p, Aqcoe7G254100.1.p
OG0002454	VIT_209s0018g01680.1, VIT_211s0037g00810.1, VIT_211s0037g00810.2, VIT_211s0037g00810.3	Aqcoe7G348300.1.p, Aqcoe7G220700.1.p
OG0002455	VIT_215s0048g00530.1, VIT_202s0154g00010.1	Aqcoe7G078100.1.p
OG0002456	VIT_211s0016g01240.1, VIT_211s0016g01240.2, VIT_211s0016g01240.4, VIT_211s0016g01240.6, VIT_211s0016g01240.3, VIT_211s0016g01240.5	Aqcoe7G430700.1.p
OG0002457	VIT_216s0100g00570.1, VIT_216s0100g00570.3, VIT_215s0048g01940.1	Aqcoe7G045600.1.p
OG0002458	VIT_204s0023g03480.1, VIT_203s0038g02120.1	Aqcoe7G240300.1.p
OG0002459	VIT_211s0052g01480.6, VIT_211s0052g01480.5, VIT_211s0052g01480.4, VIT_211s0052g01480.2, VIT_211s0052g01480.1, VIT_211s0052g01480.7, VIT_211s0052g01480.8, VIT_211s0052g01480.3	Aqcoe7G328300.1.p, Aqcoe7G328300.2.p
OG0002460	VIT_215s0046g02020.1, VIT_215s0046g02020.2, VIT_215s0046g02020.3	Aqcoe7G024500.1.p, Aqcoe7G024500.2.p
OG0002461	VIT_215s0048g00220.2, VIT_215s0048g00220.1	Aqcoe5G416200.1.p
OG0002461	VIT_215s0048g00600.3	Aqcoe7G082700.1.p, Aqcoe7G082700.2.p
OG0002462	VIT_211s0118g00660.3, VIT_211s0118g00660.1, VIT_211s0118g00660.2, VIT_204s0008g06230.1, VIT_204s0008g06230.3, VIT_204s0008g06230.2, VIT_204s0008g06230.4	Aqcoe7G372700.1.p
OG0002463	VIT_212s0057g01280.2, VIT_212s0057g01280.1	Aqcoe5G073800.1.p
OG0002463	VIT_218s0117g00150.1, VIT_218s0117g00150.6, VIT_218s0117g00150.5, VIT_218s0117g00150.2, VIT_218s0117g00150.3, VIT_219s0015g00920.1, VIT_218s0117g00150.4, VIT_219s0015g00920.2	Aqcoe7G425600.2.p, Aqcoe7G425600.1.p
OG0002464	VIT_213s0067g00600.3, VIT_203s0097g00060.1, VIT_213s0067g00600.5, VIT_213s0067g00600.1, VIT_213s0067g00600.4, VIT_213s0067g00600.6, VIT_213s0067g00600.2	Aqcoe1G424700.5.p, Aqcoe1G424700.3.p, Aqcoe1G424700.4.p, Aqcoe1G424700.2.p, Aqcoe1G424700.1.p
OG0002465	VIT_200s0551g00020.1, VIT_216s0013g02020.2	Aqcoe1G330600.2.p
OG0002465	VIT_215s0021g02480.2, VIT_215s0021g02480.1, VIT_216s0013g02020.1	Aqcoe1G330600.1.p, Aqcoe5G410300.1.p
OG0002466	VIT_201s0011g01940.2, VIT_201s0011g01940.1, VIT_201s0011g01940.6, VIT_201s0011g01940.4, VIT_201s0011g01940.5, VIT_201s0011g01940.8, VIT_201s0011g01940.7, VIT_201s0011g01940.3, VIT_218s0089g01080.1	Aqcoe1G165800.9.p, Aqcoe1G165800.8.p, Aqcoe1G165800.3.p, Aqcoe1G165800.7.p, Aqcoe1G165800.5.p, Aqcoe1G165800.4.p, Aqcoe1G165800.2.p, Aqcoe1G165800.6.p, Aqcoe1G165800.1.p
OG0002467	VIT_208s0007g07970.3, VIT_208s0007g07970.1, VIT_208s0007g07970.2, VIT_206s0004g01830.4, VIT_206s0004g01830.5, VIT_206s0004g01830.3, VIT_206s0004g01830.2, VIT_206s0004g01830.1	Aqcoe1G023100.1.p
OG0002468	VIT_213s0067g03760.4, VIT_213s0067g03760.3, VIT_213s0067g03760.1, VIT_213s0067g03760.2	Aqcoe1G217600.1.p
OG0002469	VIT_206s0061g01180.2, VIT_206s0061g01180.3, VIT_206s0061g01180.10, VIT_206s0061g01180.9, VIT_206s0061g01180.4, VIT_206s0061g01180.5, VIT_206s0061g01180.11, VIT_206s0061g01180.6, VIT_206s0061g01180.7, VIT_206s0061g01180.1, VIT_206s0061g01180.8	Aqcoe1G113200.1.p
OG0002470	VIT_213s0175g00120.2, VIT_213s0175g00120.1	Aqcoe1G001100.1.p, Aqcoe1G001100.2.p
OG0002471	VIT_208s0007g00830.1, VIT_213s0019g02040.1	Aqcoe1G103300.1.p
OG0002472	VIT_215s0046g00280.1, VIT_216s0098g01740.1	Aqcoe1G442000.1.p
OG0002473	VIT_208s0007g07920.4, VIT_208s0007g07920.1, VIT_208s0007g07920.2, VIT_208s0007g07920.3	Aqcoe1G030700.1.p, Aqcoe1G030700.2.p
OG0002474	VIT_208s0058g00540.1, VIT_213s0067g02030.1	Aqcoe1G149400.1.p
OG0002475	VIT_216s0039g01460.1, VIT_216s0039g01460.2, VIT_207s0005g06120.1, VIT_216s0039g01460.4, VIT_216s0039g01460.6, VIT_216s0039g01460.5, VIT_216s0039g01460.3	Aqcoe1G297400.1.p, Aqcoe1G297400.4.p, Aqcoe1G297400.2.p, Aqcoe1G297400.3.p
OG0002476	VIT_212s0142g00090.4, VIT_212s0142g00090.1, VIT_212s0142g00090.2	Aqcoe1G205100.1.p
OG0002476	VIT_200s0225g00140.1, VIT_200s0225g00140.5, VIT_200s0225g00140.2, VIT_200s0225g00140.3, VIT_200s0225g00140.4, VIT_200s0225g00140.6	Aqcoe3G203000.1.p
OG0002477	VIT_206s0004g02770.1, VIT_206s0004g02770.2, VIT_206s0004g02770.4, VIT_206s0004g02770.5, VIT_206s0004g02770.3, VIT_206s0004g02770.6	Aqcoe1G143300.1.p, Aqcoe1G143300.2.p
OG0002478	VIT_215s0048g02570.1	Aqcoe5G181800.1.p
OG0002479	VIT_203s0038g00410.8, VIT_203s0038g00410.6, VIT_203s0038g00410.5, VIT_203s0038g00410.7, VIT_203s0038g00410.4, VIT_203s0038g00410.3, VIT_203s0038g00410.1, VIT_203s0038g00410.2, VIT_203s0038g00430.2, VIT_203s0038g00430.1, VIT_203s0038g00430.3	Aqcoe5G180300.1.p, Aqcoe5G180400.1.p
OG0002480	VIT_215s0048g00270.1, VIT_202s0154g00400.1	Aqcoe5G417900.1.p, Aqcoe5G418000.1.p
OG0002481	VIT_214s0066g00680.1, VIT_217s0000g09010.1	Aqcoe5G405600.1.p, Aqcoe3G202800.1.p, Aqcoe3G202800.2.p
OG0002482	VIT_208s0040g01140.1	Aqcoe5G339900.1.p
OG0002482	VIT_201s0244g00100.1, VIT_201s0244g00100.2, VIT_201s0244g00100.3, VIT_201s0244g00100.4	Aqcoe3G206000.1.p
OG0002483	VIT_214s0068g01570.1	Aqcoe5G345800.1.p
OG0002483	VIT_201s0146g00220.1	Aqcoe3G159700.1.p
OG0002484	VIT_217s0000g09870.2, VIT_217s0000g09870.4, VIT_217s0000g09870.1, VIT_217s0000g09870.3, VIT_217s0000g09870.6, VIT_217s0000g09870.5	Aqcoe5G382700.3.p, Aqcoe5G382700.2.p, Aqcoe5G382700.1.p
OG0002485	VIT_214s0171g00230.1	Aqcoe5G368200.4.p, Aqcoe5G368200.5.p, Aqcoe5G368200.2.p, Aqcoe5G368200.3.p, Aqcoe5G368200.1.p
OG0002486	VIT_201s0010g03910.1, VIT_201s0010g03910.2, VIT_201s0010g03910.3, VIT_217s0000g01260.1	Aqcoe5G351500.1.p
OG0002487	VIT_217s0000g04203.1	Aqcoe5G067700.1.p, Aqcoe3G394900.1.p, Aqcoe3G048400.1.p
OG0002488	VIT_215s0048g02260.1, VIT_216s0098g00750.2, VIT_216s0098g00750.6, VIT_216s0098g00750.1	Aqcoe5G474000.1.p, Aqcoe5G474000.2.p
OG0002489	VIT_203s0038g04470.2, VIT_203s0038g04470.1	Aqcoe5G175000.3.p, Aqcoe5G175000.1.p, Aqcoe5G175000.2.p
OG0002490	VIT_205s0049g01280.2, VIT_205s0049g01280.3, VIT_205s0049g01280.1	Aqcoe5G022700.2.p, Aqcoe5G022700.1.p
OG0002491	VIT_207s0031g02300.2, VIT_207s0031g02300.1	Aqcoe5G114400.1.p
OG0002492	VIT_214s0066g00210.5, VIT_214s0066g00210.8, VIT_214s0066g00210.7, VIT_214s0066g00210.6, VIT_214s0066g00210.4, VIT_214s0066g00210.2, VIT_214s0066g00210.1, VIT_214s0066g00210.3	Aqcoe5G397400.1.p, Aqcoe5G397400.2.p, Aqcoe5G397400.3.p, Aqcoe3G299100.1.p
OG0002493	VIT_218s0001g10270.2, VIT_218s0001g10270.1, VIT_207s0031g00450.4, VIT_207s0031g00450.2, VIT_207s0031g00450.1, VIT_207s0031g00450.3	Aqcoe5G147300.1.p, Aqcoe5G147300.2.p
OG0002494	VIT_207s0005g02810.8, VIT_207s0005g02810.2, VIT_207s0005g02810.1, VIT_207s0005g02810.3, VIT_207s0005g02810.9, VIT_207s0005g02810.7, VIT_207s0005g02810.10, VIT_207s0005g02810.4, VIT_207s0005g02810.6, VIT_207s0005g02810.5	Aqcoe5G308600.1.p
OG0002495	VIT_217s0000g06800.3, VIT_217s0000g06800.1, VIT_217s0000g06800.2, VIT_217s0000g06800.4, VIT_214s0108g01430.3, VIT_214s0108g01430.5, VIT_214s0108g01430.2, VIT_214s0108g01430.4, VIT_214s0108g01430.1	Aqcoe3G357800.1.p
OG0002496	VIT_201s0011g00720.2, VIT_201s0011g00720.3, VIT_201s0011g00720.1, VIT_201s0011g00720.4, VIT_201s0011g00720.5	Aqcoe3G360300.1.p
OG0002497	VIT_201s0137g00230.5, VIT_201s0137g00230.2, VIT_201s0137g00230.6, VIT_201s0137g00230.4, VIT_201s0137g00230.1, VIT_201s0137g00230.3, VIT_201s0137g00230.7	Aqcoe3G134700.1.p
OG0002498	VIT_214s0108g01210.1, VIT_214s0108g01210.4, VIT_203s0038g00850.1	Aqcoe3G059400.1.p, Aqcoe3G059400.2.p
OG0002499	VIT_206s0004g07450.1	Aqcoe3G048000.1.p
OG0002500	VIT_200s0174g00320.1	Aqcoe3G314700.1.p
OG0002501	VIT_216s0039g01650.5, VIT_216s0039g01650.7, VIT_216s0039g01650.4, VIT_216s0039g01650.3, VIT_216s0039g01650.2, VIT_216s0039g01650.1, VIT_216s0039g01650.6	Aqcoe3G232800.1.p
OG0002502	VIT_201s0026g01650.1, VIT_214s0108g00010.1	Aqcoe3G327200.1.p, Aqcoe3G091300.1.p
OG0002503	VIT_214s0083g00620.1, VIT_201s0010g01000.1, VIT_201s0010g01000.3	Aqcoe3G385000.1.p, Aqcoe3G075000.1.p
OG0002504	VIT_201s0011g00130.2, VIT_201s0011g00130.1, VIT_217s0000g05020.1, VIT_217s0000g05020.3, VIT_217s0000g05020.2	Aqcoe3G371200.2.p, Aqcoe3G371200.1.p
OG0002505	VIT_201s0026g02080.1, VIT_217s0000g05920.1	Aqcoe3G333400.1.p
OG0002506	VIT_217s0000g05850.5, VIT_217s0000g05850.3, VIT_217s0000g05850.2, VIT_217s0000g05850.4, VIT_217s0000g05850.1	Aqcoe3G436600.1.p, Aqcoe3G436600.2.p, Aqcoe3G086800.1.p
OG0002507	VIT_217s0000g04130.1	Aqcoe3G049600.1.p
OG0002507	VIT_210s0071g00660.1	Aqcoe3G439300.2.p, Aqcoe3G439300.1.p
OG0002508	VIT_215s0045g01310.2, VIT_215s0045g01310.3, VIT_215s0045g01310.1, VIT_215s0045g01310.4, VIT_215s0045g01310.5, VIT_215s0045g01310.6	Aqcoe3G252000.1.p
OG0002509	VIT_201s0026g02730.1	Aqcoe3G346200.1.p, Aqcoe3G346200.3.p, Aqcoe3G346200.4.p, Aqcoe3G346200.2.p, Aqcoe3G255900.9.p, Aqcoe3G255900.10.p, Aqcoe3G255900.3.p, Aqcoe3G255900.6.p, Aqcoe3G255900.7.p, Aqcoe3G255900.1.p, Aqcoe3G255900.4.p, Aqcoe3G255900.2.p, Aqcoe3G255900.5.p, Aqcoe3G255900.8.p
OG0002510	VIT_204s0023g00920.5, VIT_204s0023g00920.4, VIT_204s0023g00920.3, VIT_204s0023g00920.1, VIT_204s0023g00920.2	Aqcoe3G371500.1.p
OG0002511	VIT_202s0033g01120.1, VIT_202s0033g01120.2	Aqcoe3G185700.1.p, Aqcoe3G185700.2.p
OG0002512	VIT_217s0000g08810.1	Aqcoe3G151300.2.p, Aqcoe3G151300.1.p
OG0002513	VIT_201s0011g06090.1, VIT_201s0011g06090.2, VIT_201s0011g06090.4, VIT_201s0011g06090.5, VIT_201s0011g06090.3, VIT_201s0011g06120.2, VIT_201s0011g06120.3, VIT_201s0011g06120.1	Aqcoe3G409600.1.p, Aqcoe3G409600.2.p
OG0002514	VIT_217s0000g07160.1, VIT_217s0000g07000.1, VIT_217s0000g07000.2, VIT_217s0000g07000.3, VIT_217s0000g07000.4, VIT_217s0000g07000.5	Aqcoe3G364700.1.p, Aqcoe3G364700.2.p
OG0002515	VIT_208s0007g02310.6, VIT_208s0007g02310.5, VIT_208s0007g02310.2, VIT_208s0007g02310.3, VIT_208s0007g02310.4, VIT_208s0007g02310.7, VIT_208s0007g02310.1	Aqcoe3G104000.3.p, Aqcoe3G104000.4.p, Aqcoe3G104000.2.p, Aqcoe3G104000.5.p, Aqcoe3G104000.1.p, Aqcoe3G104000.6.p
OG0002524	VIT_208s0032g00750.1, VIT_203s0017g01970.3, VIT_203s0017g01970.4, VIT_205s0029g00830.1, VIT_203s0017g01970.5, VIT_203s0017g01970.1, VIT_203s0017g01970.2	Aqcoe0223s0002.1.p, Aqcoe2G237000.4.p, Aqcoe2G237000.2.p, Aqcoe2G237000.1.p, Aqcoe2G237000.5.p, Aqcoe2G237000.3.p, Aqcoe1G071800.1.p, Aqcoe1G071800.2.p
OG0002525	VIT_214s0060g00410.1, VIT_207s0005g02300.2, VIT_207s0005g02300.1	Aqcoe2G251200.1.p
OG0002526	VIT_207s0205g00150.1	Aqcoe5G218100.1.p
OG0002526	VIT_207s0151g00960.2, VIT_207s0151g00960.3, VIT_207s0151g00960.1	Aqcoe2G343100.1.p, Aqcoe2G343000.1.p
OG0002527	VIT_208s0040g02750.1, VIT_208s0040g02750.2	Aqcoe1G478200.1.p
OG0002527	VIT_213s0067g03880.1	Aqcoe2G174200.1.p
OG0002528	VIT_208s0007g04030.1, VIT_213s0074g00580.1, VIT_214s0036g01140.1	Aqcoe1G113100.1.p, Aqcoe2G186400.3.p, Aqcoe2G186400.2.p, Aqcoe2G186400.1.p
OG0002530	VIT_218s0001g01600.1	Aqcoe6G030400.1.p
OG0002530	VIT_213s0019g02250.1	Aqcoe2G231500.2.p, Aqcoe2G231500.3.p, Aqcoe2G231500.1.p
OG0002531	VIT_207s0005g01560.1, VIT_207s0005g04810.1, VIT_214s0060g01140.2, VIT_214s0060g01140.4, VIT_214s0060g01140.1, VIT_214s0060g01140.3, VIT_207s0005g04820.1, VIT_205s0077g01080.1, VIT_205s0077g01080.2, VIT_205s0077g01080.3	Aqcoe3G071600.2.p, Aqcoe3G071600.1.p, Aqcoe2G273000.1.p
OG0002532	VIT_210s0003g01700.1, VIT_210s0003g01700.2	Aqcoe1G218300.1.p
OG0002533	VIT_218s0041g01230.1	Aqcoe3G176700.1.p
OG0002533	VIT_217s0000g03310.1, VIT_217s0000g03310.2	Aqcoe2G151300.1.p, Aqcoe7G242600.1.p
OG0002534	VIT_213s0047g00300.2, VIT_213s0047g00300.4, VIT_213s0047g00300.3, VIT_213s0047g00300.1, VIT_206s0009g01570.1, VIT_206s0009g01570.2, VIT_206s0009g01570.3	Aqcoe2G007600.2.p, Aqcoe2G007600.1.p, Aqcoe2G007600.3.p
OG0002535	VIT_205s0020g01800.2, VIT_205s0020g01800.1, VIT_205s0020g01800.3	Aqcoe5G076300.1.p
OG0002536	VIT_219s0014g02120.1	Aqcoe1G252400.1.p
OG0002536	VIT_212s0028g02490.1	Aqcoe1G282900.1.p
OG0002537	VIT_206s0004g07870.1, VIT_208s0058g01090.1	Aqcoe2G077300.1.p, Aqcoe1G399800.1.p
OG0002538	VIT_205s0124g00470.1	Aqcoe2G314600.1.p
OG0002539	VIT_206s0009g03770.6, VIT_206s0009g03770.4, VIT_206s0009g03770.5, VIT_206s0009g03770.3, VIT_206s0009g03770.1, VIT_206s0009g03770.2	Aqcoe2G032600.2.p, Aqcoe2G032600.5.p, Aqcoe2G032600.1.p, Aqcoe2G032600.7.p, Aqcoe2G032600.8.p, Aqcoe2G032600.6.p, Aqcoe2G032600.4.p, Aqcoe2G032600.3.p
OG0002540	VIT_214s0060g00260.5, VIT_214s0060g00260.1, VIT_214s0060g00260.4, VIT_214s0060g00260.3, VIT_214s0060g00260.2, VIT_214s0060g00260.6, VIT_214s0060g00260.7	Aqcoe2G241000.1.p, Aqcoe2G241000.2.p
OG0002541	VIT_206s0004g03430.3, VIT_206s0004g03430.1, VIT_206s0004g03430.2	Aqcoe2G137200.2.p, Aqcoe2G137200.1.p
OG0002542	VIT_200s0507g00020.1, VIT_200s0507g00020.2, VIT_200s0581g00010.3, VIT_200s0449g00010.1, VIT_200s0581g00010.1, VIT_200s0581g00010.2, VIT_200s0449g00010.3, VIT_200s0449g00010.2	Aqcoe2G259200.1.p
OG0002543	VIT_212s0028g02020.1, VIT_219s0014g01260.1	Aqcoe1G223900.1.p
OG0002543	VIT_211s0016g04080.1	Aqcoe2G111100.1.p
OG0002544	VIT_217s0000g02610.1	Aqcoe2G190400.1.p, Aqcoe6G325600.1.p, Aqcoe4G199700.1.p, Aqcoe4G124000.1.p
OG0002545	VIT_206s0004g06780.2	Aqcoe2G090400.3.p, Aqcoe2G090400.1.p
OG0002545	VIT_206s0004g06780.1	Aqcoe2G090400.4.p, Aqcoe1G416900.2.p
OG0002545	VIT_208s0105g00470.1	Aqcoe1G416900.1.p
OG0002546	VIT_207s0005g04360.1, VIT_214s0036g01450.1	Aqcoe2G385100.1.p
OG0002547	VIT_208s0040g03310.2, VIT_208s0040g03310.1	Aqcoe2G180000.1.p, Aqcoe1G470700.1.p, Aqcoe1G470700.2.p, Aqcoe7G241900.1.p
OG0002548	VIT_215s0045g00940.1, VIT_207s0104g00520.2, VIT_207s0104g00520.1, VIT_207s0104g00520.3, VIT_219s0014g03800.1, VIT_205s0020g02970.1	Aqcoe2G338600.1.p
OG0002549	VIT_213s0047g00210.2, VIT_213s0047g00210.1, VIT_213s0047g00210.3, VIT_216s0098g00860.1, VIT_216s0098g00860.2	Aqcoe5G471700.1.p, Aqcoe5G471700.2.p
OG0002549	VIT_215s0048g02430.1, VIT_215s0048g02430.3, VIT_215s0048g02430.2, VIT_202s0025g02960.1, VIT_202s0025g02970.1	Aqcoe2G371700.1.p
OG0002550	VIT_218s0001g15460.1, VIT_205s0094g00750.1, VIT_200s0499g00030.1	Aqcoe2G436100.1.p
OG0002551	VIT_207s0104g00120.1	Aqcoe5G060200.2.p, Aqcoe5G060200.1.p
OG0002551	VIT_205s0020g02810.4, VIT_205s0020g02810.3, VIT_205s0020g02810.2, VIT_205s0020g02810.1	Aqcoe2G334400.1.p
OG0002552	VIT_207s0205g00120.3, VIT_207s0205g00120.1, VIT_207s0205g00120.2	Aqcoe6G065300.1.p, Aqcoe5G315200.1.p
OG0002553	VIT_214s0068g00700.1, VIT_214s0068g00700.2, VIT_214s0068g00700.6, VIT_214s0068g00700.4, VIT_214s0068g00700.3, VIT_214s0068g00700.7, VIT_214s0068g00700.5	Aqcoe3G352500.1.p, Aqcoe5G294600.1.p, Aqcoe6G225100.1.p, Aqcoe5G441900.4.p, Aqcoe5G441900.1.p, Aqcoe5G441900.3.p, Aqcoe5G441900.2.p, Aqcoe7G169600.1.p
OG0002554	VIT_219s0027g00640.1, VIT_203s0017g01020.1, VIT_203s0017g01020.2, VIT_203s0017g01020.3, VIT_219s0027g00630.1, VIT_218s0001g05740.1, VIT_218s0001g05740.2, VIT_210s0071g00025.1, VIT_215s0021g02635.1	Aqcoe6G082600.1.p
OG0002555	VIT_218s0041g00730.1, VIT_218s0001g12240.2, VIT_218s0001g12240.3, VIT_218s0001g12240.1, VIT_218s0072g01010.2, VIT_218s0072g01010.1	Aqcoe6G051900.2.p, Aqcoe6G051900.1.p, Aqcoe7G343300.1.p, Aqcoe7G343300.2.p
OG0002556	VIT_217s0000g06440.1, VIT_201s0182g00160.1	Aqcoe3G347200.1.p, Aqcoe3G347300.1.p, Aqcoe5G320800.1.p, Aqcoe3G351600.1.p, Aqcoe6G249700.1.p, Aqcoe3G347400.1.p, Aqcoe3G347100.1.p
OG0002558	VIT_212s0059g02143.1	Aqcoe3G097400.1.p, Aqcoe5G455700.1.p, Aqcoe5G456000.1.p, Aqcoe5G455800.1.p, Aqcoe5G455500.1.p, Aqcoe5G455400.1.p, Aqcoe5G455900.1.p, Aqcoe3G032200.1.p, Aqcoe3G032300.1.p, Aqcoe3G031800.1.p, Aqcoe5G351100.1.p, Aqcoe5G351000.1.p, Aqcoe6G194600.1.p, Aqcoe6G194900.1.p, Aqcoe6G194800.1.p, Aqcoe1G099700.1.p, Aqcoe1G435600.1.p, Aqcoe1G435200.1.p, Aqcoe1G435000.1.p, Aqcoe1G435300.1.p, Aqcoe1G435100.1.p, Aqcoe1G436000.1.p, Aqcoe5G293700.1.p, Aqcoe3G038400.2.p, Aqcoe3G038400.1.p, Aqcoe3G034400.1.p, Aqcoe3G035900.1.p, Aqcoe3G056500.1.p, Aqcoe3G059700.1.p, Aqcoe3G047100.1.p, Aqcoe3G045200.1.p, Aqcoe3G031900.1.p, Aqcoe3G032100.1.p, Aqcoe3G012000.1.p, Aqcoe3G032000.1.p
OG0002559	VIT_218s0001g09090.5, VIT_218s0001g09090.4, VIT_218s0001g09090.6, VIT_218s0001g09090.1, VIT_218s0001g09090.2, VIT_218s0001g09090.3	Aqcoe6G277800.2.p, Aqcoe6G277800.1.p, Aqcoe6G277800.3.p
OG0002560	VIT_210s0003g01250.1	Aqcoe6G083400.1.p, Aqcoe4G047900.1.p, Aqcoe1G228100.1.p
OG0002561	VIT_211s0118g00420.1, VIT_211s0118g00420.3, VIT_211s0118g00420.2	Aqcoe6G303000.1.p
OG0002562	VIT_218s0001g13370.2, VIT_218s0001g13370.4, VIT_218s0001g13370.1, VIT_218s0001g13370.3, VIT_218s0001g13370.5	Aqcoe6G258700.1.p
OG0002562	VIT_213s0019g03980.1	Aqcoe1G493800.2.p, Aqcoe1G493800.1.p
OG0002564	VIT_207s0130g00130.1, VIT_218s0072g01030.1	Aqcoe6G014500.1.p
OG0002565	VIT_218s0001g05600.1	Aqcoe6G085400.7.p, Aqcoe6G085400.5.p, Aqcoe6G085400.6.p, Aqcoe6G085400.8.p, Aqcoe6G085400.1.p, Aqcoe6G085400.3.p, Aqcoe6G085400.2.p, Aqcoe6G085400.4.p
OG0002566	VIT_207s0197g00050.5, VIT_207s0197g00050.10, VIT_207s0197g00050.11, VIT_207s0197g00050.3, VIT_207s0197g00050.8, VIT_207s0197g00050.12, VIT_207s0197g00050.7, VIT_207s0197g00050.9, VIT_207s0197g00050.4, VIT_207s0197g00050.2, VIT_207s0197g00050.1, VIT_207s0197g00050.6	Aqcoe6G095800.3.p, Aqcoe6G095800.1.p, Aqcoe6G095800.2.p
OG0002567	VIT_217s0000g01200.1, VIT_217s0000g01200.2	Aqcoe5G353000.1.p
OG0002568	VIT_207s0191g00170.4, VIT_207s0191g00170.5, VIT_207s0191g00170.2, VIT_207s0191g00170.8, VIT_207s0191g00170.1, VIT_207s0191g00170.3, VIT_207s0191g00170.6, VIT_207s0191g00170.7	Aqcoe6G077100.4.p, Aqcoe6G077100.2.p, Aqcoe6G077100.5.p, Aqcoe6G077100.3.p, Aqcoe6G077100.1.p
OG0002569	VIT_218s0001g10710.1, VIT_203s0063g00620.1	Aqcoe6G323800.1.p, Aqcoe1G498500.1.p, Aqcoe1G498500.2.p, Aqcoe1G498500.3.p
OG0002570	VIT_211s0037g00410.1	Aqcoe7G355100.1.p
OG0002571	VIT_203s0180g00010.1	Aqcoe5G143300.1.p
OG0002572	VIT_214s0108g01500.2, VIT_214s0108g01500.1, VIT_214s0108g01500.3	Aqcoe3G055800.1.p
OG0002572	VIT_204s0008g05870.4, VIT_204s0008g05870.5, VIT_204s0008g05870.3, VIT_204s0008g05870.2, VIT_204s0008g05870.1	Aqcoe6G292700.1.p
OG0002573	VIT_202s0025g00360.1	Aqcoe5G437600.1.p, Aqcoe5G437500.1.p
OG0002573	VIT_215s0046g02220.1	Aqcoe4G064800.1.p, Aqcoe4G063300.1.p
OG0002574	VIT_214s0066g01120.1	Aqcoe3G123700.1.p
OG0002574	VIT_217s0000g08510.1	Aqcoe4G089500.1.p, Aqcoe3G289200.1.p
OG0002575	VIT_219s0014g03300.3, VIT_219s0014g03300.1, VIT_219s0014g03300.2, VIT_200s0375g00040.1, VIT_200s0375g00040.2	Aqcoe4G152500.1.p, Aqcoe1G321300.1.p
OG0002576	VIT_203s0017g01380.1, VIT_203s0017g00560.1, VIT_203s0017g00610.1	Aqcoe4G120500.1.p, Aqcoe4G120400.1.p, Aqcoe4G053400.2.p, Aqcoe4G053400.1.p, Aqcoe4G054000.1.p, Aqcoe4G300200.1.p, Aqcoe1G235900.1.p, Aqcoe4G290800.1.p
OG0002577	VIT_219s0014g01630.1, VIT_219s0014g01630.2	Aqcoe4G058300.3.p, Aqcoe4G058300.1.p, Aqcoe4G058300.2.p, Aqcoe5G333900.17.p, Aqcoe5G333900.12.p, Aqcoe5G333900.18.p, Aqcoe5G333900.7.p, Aqcoe5G333900.6.p, Aqcoe5G333900.16.p, Aqcoe5G333900.15.p, Aqcoe5G333900.2.p, Aqcoe5G333900.3.p, Aqcoe5G333900.13.p, Aqcoe5G333900.1.p, Aqcoe5G333900.11.p, Aqcoe5G333900.14.p, Aqcoe5G333900.10.p, Aqcoe5G333900.9.p, Aqcoe5G333900.4.p, Aqcoe5G333900.8.p, Aqcoe5G333900.5.p
OG0002578	VIT_200s0187g00150.1, VIT_200s0187g00150.2	Aqcoe7G323700.1.p, Aqcoe4G279200.2.p, Aqcoe4G279200.3.p, Aqcoe4G279200.1.p
OG0002579	VIT_207s0130g00380.1, VIT_207s0130g00390.3, VIT_207s0130g00390.1, VIT_207s0130g00390.2	Aqcoe7G374200.2.p, Aqcoe7G374200.1.p, Aqcoe7G374300.3.p, Aqcoe7G374300.2.p, Aqcoe7G374300.1.p, Aqcoe7G374300.4.p, Aqcoe1G313500.2.p, Aqcoe1G313500.1.p, Aqcoe0117s0001.1.p
OG0002580	VIT_213s0047g00330.1, VIT_208s0040g00170.4, VIT_208s0040g00170.3, VIT_208s0040g00170.2, VIT_208s0040g00170.1	Aqcoe4G105500.1.p, Aqcoe4G105500.3.p, Aqcoe4G105500.2.p
OG0002581	VIT_219s0015g00160.4, VIT_219s0015g00160.2, VIT_219s0015g00160.3, VIT_219s0015g00160.1	Aqcoe7G263200.2.p, Aqcoe7G263200.1.p, Aqcoe4G313300.1.p
OG0002582	VIT_212s0059g01450.4, VIT_212s0059g01450.3, VIT_212s0059g01450.2, VIT_212s0059g01450.1, VIT_214s0036g00380.1	Aqcoe4G296700.1.p
OG0002583	VIT_212s0059g02730.1, VIT_212s0059g02730.2	Aqcoe4G252100.1.p
OG0002583	VIT_200s0865g00020.1, VIT_200s0868g00030.1, VIT_200s0865g00020.2	Aqcoe1G368500.1.p
OG0002584	VIT_205s0102g00730.1	Aqcoe4G109500.1.p, Aqcoe7G283400.1.p
OG0002585	VIT_204s0008g05940.1, VIT_204s0008g05940.2, VIT_209s0002g09050.3, VIT_209s0002g09050.1, VIT_209s0002g09050.2	Aqcoe7G363600.1.p
OG0002586	VIT_202s0154g00070.3, VIT_202s0154g00070.2, VIT_215s0048g00550.2, VIT_215s0048g00550.1, VIT_202s0154g00070.1	Aqcoe7G078300.1.p
OG0002587	VIT_204s0008g02100.1	Aqcoe7G432700.2.p, Aqcoe7G432700.1.p
OG0002588	VIT_204s0008g00470.1	Aqcoe7G420300.1.p
OG0002588	VIT_211s0016g04920.2, VIT_211s0016g04920.1	Aqcoe7G391900.1.p
OG0002589	VIT_216s0050g00100.1, VIT_202s0025g03760.2, VIT_202s0025g03760.1, VIT_202s0025g03760.3	Aqcoe7G037700.2.p, Aqcoe7G037700.1.p
OG0002590	VIT_215s0048g00340.1, VIT_215s0048g00320.1, VIT_215s0048g00330.1, VIT_200s1525g00010.1	Aqcoe7G072500.1.p
OG0002591	VIT_209s0002g03640.4, VIT_209s0002g03640.3, VIT_209s0002g03640.2, VIT_209s0002g03640.6, VIT_209s0002g03640.1	Aqcoe7G408700.1.p, Aqcoe7G156400.1.p, Aqcoe3G283700.1.p, Aqcoe5G114800.1.p
OG0002592	VIT_215s0046g02390.2, VIT_215s0046g02390.1	Aqcoe7G029900.1.p
OG0002592	VIT_206s0004g06220.2, VIT_206s0004g06220.1	Aqcoe1G429600.1.p
OG0002593	VIT_202s0025g04120.1	Aqcoe7G043000.1.p
OG0002594	VIT_204s0008g06030.1	Aqcoe3G368300.1.p
OG0002594	VIT_211s0149g00220.1, VIT_211s0149g00240.1	Aqcoe7G365700.1.p
OG0002595	VIT_214s0068g01460.8, VIT_214s0068g01460.10, VIT_214s0068g01460.3, VIT_214s0068g01460.4, VIT_214s0068g01460.9, VIT_214s0068g01460.5, VIT_214s0068g01460.2, VIT_214s0068g01460.1, VIT_214s0068g01460.13, VIT_214s0068g01460.14, VIT_214s0068g01460.12, VIT_214s0068g01460.11, VIT_216s0039g01380.1, VIT_214s0068g01460.7, VIT_214s0068g01460.6	Aqcoe7G432300.4.p, Aqcoe7G432300.2.p, Aqcoe7G432300.3.p, Aqcoe7G432300.1.p
OG0002596	VIT_209s0002g02230.1, VIT_204s0008g01230.1	Aqcoe7G127000.1.p, Aqcoe7G127000.2.p
OG0002598	VIT_202s0033g01170.1	Aqcoe3G185800.1.p, Aqcoe7G269000.1.p, Aqcoe7G269000.5.p, Aqcoe7G269000.3.p, Aqcoe7G269000.2.p, Aqcoe7G269000.4.p
OG0002598	VIT_211s0016g01390.1	Aqcoe7G434200.1.p
OG0002599	VIT_209s0054g00520.1	Aqcoe7G226300.1.p
OG0002600	VIT_209s0002g09140.1, VIT_209s0002g09120.1, VIT_204s0043g00510.1, VIT_207s0031g00420.1, VIT_204s0008g06000.1	Aqcoe7G364300.1.p
OG0002601	VIT_204s0008g01990.2, VIT_204s0008g01990.1, VIT_204s0008g01990.4, VIT_204s0008g01990.5, VIT_204s0008g01990.3, VIT_204s0008g01990.8, VIT_204s0008g01990.6, VIT_204s0008g01990.7	Aqcoe7G436000.2.p, Aqcoe7G436000.4.p, Aqcoe7G436000.3.p, Aqcoe7G436000.1.p
OG0002602	VIT_211s0016g04290.1	Aqcoe7G396400.4.p, Aqcoe7G396400.3.p, Aqcoe7G396400.2.p, Aqcoe7G396400.1.p
OG0002603	VIT_205s0094g01070.3, VIT_205s0094g01070.2, VIT_205s0094g01070.1, VIT_205s0094g01070.4	Aqcoe7G358200.1.p
OG0002604	VIT_204s0008g00200.1	Aqcoe7G149500.6.p, Aqcoe7G149500.4.p, Aqcoe7G149500.3.p, Aqcoe7G149500.1.p, Aqcoe7G149500.2.p
OG0002605	VIT_211s0016g04020.4, VIT_211s0016g04020.8, VIT_211s0016g04020.5, VIT_211s0016g04020.3, VIT_211s0016g04020.1, VIT_211s0016g04020.7, VIT_211s0016g04020.2, VIT_209s0002g04600.1, VIT_209s0002g04600.3, VIT_209s0002g04600.2, VIT_209s0002g04600.5, VIT_209s0002g04600.4, VIT_209s0002g04600.6, VIT_211s0016g04020.9, VIT_211s0016g04020.11, VIT_211s0016g04020.10, VIT_211s0016g04020.6	Aqcoe7G181200.2.p, Aqcoe7G181200.1.p
OG0002606	VIT_209s0002g05980.1, VIT_209s0002g05980.3, VIT_211s0016g04810.2, VIT_211s0016g04810.1	Aqcoe7G213000.1.p
OG0002607	VIT_208s0007g02540.3, VIT_208s0007g02540.5, VIT_208s0007g02540.2, VIT_208s0007g02540.1, VIT_208s0007g02540.4, VIT_208s0007g02540.6	Aqcoe1G433700.3.p, Aqcoe1G433700.1.p, Aqcoe1G433700.2.p
OG0002608	VIT_210s0116g01840.1, VIT_219s0090g00360.1	Aqcoe1G237800.1.p, Aqcoe1G237900.1.p, Aqcoe1G238100.1.p, Aqcoe1G238200.1.p, Aqcoe1G238000.1.p
OG0002609	VIT_200s0215g00030.1, VIT_200s0215g00030.5, VIT_200s0215g00030.7, VIT_200s0215g00030.6, VIT_200s0215g00030.4, VIT_200s0215g00030.2, VIT_200s0215g00030.3	Aqcoe1G130200.1.p
OG0002610	VIT_200s0404g00050.2, VIT_200s0404g00050.1, VIT_219s0014g03520.1, VIT_209s0054g01560.1	Aqcoe1G310100.1.p
OG0002611	VIT_208s0058g01190.1, VIT_208s0058g01190.2	Aqcoe1G402100.1.p
OG0002612	VIT_201s0011g03480.1	Aqcoe1G290000.3.p, Aqcoe1G290000.4.p, Aqcoe1G290000.2.p, Aqcoe1G290000.10.p, Aqcoe1G290000.8.p, Aqcoe1G290000.5.p, Aqcoe1G290000.7.p, Aqcoe1G290000.1.p, Aqcoe1G290000.9.p, Aqcoe1G290000.6.p, Aqcoe1G290000.11.p, Aqcoe3G040200.1.p, Aqcoe3G040200.2.p, Aqcoe3G040200.3.p
OG0002613	VIT_213s0019g00610.1	Aqcoe1G468400.1.p, Aqcoe1G326000.1.p
OG0002614	VIT_212s0059g01710.1	Aqcoe1G318800.1.p
OG0002614	VIT_200s0480g00020.1, VIT_200s0480g00020.2, VIT_200s0480g00020.3, VIT_200s0480g00010.2, VIT_200s0480g00010.3, VIT_200s0480g00010.4, VIT_200s0480g00010.1, VIT_219s0015g01990.1	Aqcoe1G318700.2.p, Aqcoe1G318700.1.p
OG0002615	VIT_219s0014g03410.1, VIT_219s0014g03420.1, VIT_200s0301g00120.1, VIT_200s0301g00150.1, VIT_200s0301g00160.1	Aqcoe3G442800.1.p, Aqcoe3G442700.1.p, Aqcoe1G332200.1.p
OG0002616	VIT_200s0475g00050.2, VIT_200s0475g00050.3, VIT_200s0475g00050.1	Aqcoe1G383700.2.p, Aqcoe1G383700.1.p
OG0002617	VIT_208s0007g01550.1	Aqcoe1G091100.3.p, Aqcoe1G091100.2.p, Aqcoe1G091100.1.p, Aqcoe1G091200.2.p, Aqcoe1G091200.1.p, Aqcoe1G090900.1.p, Aqcoe1G091000.1.p, Aqcoe1G091300.1.p
OG0002618	VIT_208s0007g07800.1, VIT_213s0064g01300.1, VIT_213s0064g01300.2	Aqcoe1G021500.1.p
OG0002619	VIT_202s0025g00760.1, VIT_202s0025g00750.1	Aqcoe1G223700.1.p
OG0002619	VIT_202s0025g00730.1, VIT_202s0025g00740.1	Aqcoe5G441300.1.p
OG0002620	VIT_208s0040g02370.1, VIT_213s0019g03880.1, VIT_217s0053g00980.1, VIT_217s0053g00980.3	Aqcoe1G491400.1.p, Aqcoe1G491300.1.p
OG0002621	VIT_206s0004g08180.1, VIT_206s0004g08180.2	Aqcoe1G056500.1.p, Aqcoe1G500600.1.p, Aqcoe1G500600.2.p
OG0002622	VIT_208s0058g00320.1, VIT_208s0058g00320.2, VIT_206s0004g07060.2, VIT_206s0004g07060.1, VIT_206s0004g07060.3	Aqcoe1G153500.3.p, Aqcoe1G153500.1.p, Aqcoe1G153500.2.p, Aqcoe1G483600.1.p
OG0002624	VIT_204s0210g00030.1, VIT_204s0210g00050.2, VIT_210s0003g04890.1, VIT_204s0210g00090.1, VIT_204s0210g00070.1, VIT_204s0210g00130.1, VIT_204s0210g00040.1, VIT_204s0210g00050.1, VIT_204s0210g00100.1, VIT_204s0210g00060.1, VIT_204s0210g00080.1, VIT_204s0210g00120.1	Aqcoe5G123400.1.p, Aqcoe1G274200.1.p
OG0002625	VIT_208s0040g00130.2, VIT_208s0040g00130.1	Aqcoe1G011400.2.p, Aqcoe1G011400.1.p
OG0002625	VIT_210s0003g01220.2, VIT_210s0003g01220.1	Aqcoe1G227900.1.p
OG0002626	VIT_213s0067g02520.1, VIT_213s0067g02520.2	Aqcoe1G399900.2.p, Aqcoe1G399900.1.p
OG0002627	VIT_210s0003g02750.1	Aqcoe1G201700.1.p, Aqcoe1G201700.5.p, Aqcoe1G201700.3.p, Aqcoe1G201700.2.p, Aqcoe1G201700.7.p, Aqcoe1G201700.4.p, Aqcoe1G201700.6.p
OG0002628	VIT_219s0014g00950.1, VIT_219s0014g00950.2, VIT_219s0014g00950.4, VIT_219s0014g00950.3	Aqcoe1G276000.2.p, Aqcoe1G276000.1.p, Aqcoe3G422500.1.p
OG0002629	VIT_219s0090g01770.1, VIT_219s0090g01770.2, VIT_219s0090g01770.4, VIT_219s0090g01770.6, VIT_219s0090g01770.5, VIT_219s0090g01770.10, VIT_219s0090g01770.13, VIT_219s0090g01770.9, VIT_219s0090g01770.14, VIT_219s0090g01770.12, VIT_219s0090g01770.7, VIT_219s0090g01770.3, VIT_219s0090g01770.11, VIT_219s0090g01770.8	Aqcoe1G390000.1.p, Aqcoe1G390000.2.p
OG0002630	VIT_208s0032g01040.1	Aqcoe1G074800.1.p
OG0002631	VIT_213s0019g03410.1, VIT_213s0019g03410.2, VIT_218s0122g00010.2, VIT_218s0122g00010.1	Aqcoe1G430800.1.p
OG0002632	VIT_214s0171g00330.1	Aqcoe5G068600.1.p
OG0002632	VIT_209s0002g05950.2, VIT_209s0002g05950.1	Aqcoe5G372200.1.p, Aqcoe5G372200.2.p
OG0002633	VIT_203s0088g00630.2, VIT_203s0088g00630.1, VIT_218s0001g08340.2, VIT_218s0001g08340.1	Aqcoe5G314700.1.p
OG0002634	VIT_215s0046g01440.4, VIT_215s0046g01440.1, VIT_215s0046g01440.2, VIT_215s0046g01440.3, VIT_215s0046g01440.5	Aqcoe5G443700.1.p, Aqcoe5G443700.2.p
OG0002635	VIT_207s0005g01350.1, VIT_214s0060g01300.4, VIT_214s0060g01300.5, VIT_214s0060g01300.6, VIT_214s0060g01300.8, VIT_214s0060g01300.9, VIT_214s0060g01300.7, VIT_214s0060g01300.3, VIT_214s0060g01300.2, VIT_214s0060g01300.1	Aqcoe5G309900.1.p, Aqcoe5G309900.2.p
OG0002636	VIT_200s0585g00030.1, VIT_200s0585g00030.2, VIT_200s0585g00030.3, VIT_200s0585g00030.4	Aqcoe5G118400.1.p, Aqcoe5G118400.3.p, Aqcoe5G118400.2.p, Aqcoe5G118400.4.p
OG0002637	VIT_205s0049g01830.1	Aqcoe5G017300.1.p, Aqcoe5G017300.2.p
OG0002638	VIT_216s0098g01750.1, VIT_216s0098g01750.4, VIT_216s0098g01750.2, VIT_216s0098g01750.3	Aqcoe5G419000.1.p
OG0002639	VIT_207s0151g00870.1, VIT_207s0151g00870.2, VIT_205s0020g03420.1, VIT_205s0020g03420.3, VIT_205s0020g03420.2, VIT_205s0020g03420.4	Aqcoe5G055400.1.p, Aqcoe5G055400.3.p, Aqcoe5G055400.2.p
OG0002640	VIT_207s0129g01070.1, VIT_203s0180g00150.2, VIT_203s0180g00150.1	Aqcoe5G138900.1.p
OG0002641	VIT_203s0063g00170.1, VIT_218s0001g10300.1	Aqcoe5G147500.1.p
OG0002642	VIT_217s0000g10070.6, VIT_217s0000g10070.2, VIT_217s0000g10070.8, VIT_217s0000g10070.3, VIT_217s0000g10070.7, VIT_217s0000g10070.5, VIT_217s0000g10070.1, VIT_217s0000g10070.4, VIT_201s0010g02200.3, VIT_201s0010g02200.4, VIT_201s0010g02200.1, VIT_201s0010g02200.2	Aqcoe5G380800.1.p
OG0002643	VIT_201s0011g03350.1	Aqcoe3G041900.2.p, Aqcoe3G041900.1.p, Aqcoe3G041900.3.p
OG0002644	VIT_207s0104g01150.2, VIT_207s0104g01150.4, VIT_207s0104g01150.6, VIT_207s0104g01150.3, VIT_207s0104g01150.5, VIT_207s0104g01150.7, VIT_207s0104g01150.1	Aqcoe5G075400.1.p
OG0002645	VIT_201s0010g03630.1	Aqcoe5G357900.1.p
OG0002646	VIT_215s0021g01430.3, VIT_215s0021g01430.7, VIT_215s0021g01430.11, VIT_215s0021g01430.12, VIT_215s0021g01430.9, VIT_215s0021g01430.14, VIT_215s0021g01430.16, VIT_215s0021g01430.17, VIT_215s0021g01430.19, VIT_215s0021g01430.1, VIT_215s0021g01430.2, VIT_215s0021g01430.4, VIT_215s0021g01430.5, VIT_215s0021g01430.6, VIT_215s0021g01430.8, VIT_215s0021g01430.10, VIT_215s0021g01430.13, VIT_215s0021g01430.18, VIT_215s0021g01430.15	Aqcoe5G447500.1.p, Aqcoe5G447500.2.p
OG0002647	VIT_217s0000g00030.1, VIT_214s0068g00890.2, VIT_214s0068g00890.3, VIT_214s0068g00890.1	Aqcoe5G334700.1.p, Aqcoe5G334700.2.p
OG0002648	VIT_202s0012g02250.1, VIT_202s0012g02250.4, VIT_202s0012g02250.5, VIT_202s0012g02250.6, VIT_202s0012g02250.3, VIT_202s0012g02250.2, VIT_202s0012g02250.7	Aqcoe3G172500.1.p
OG0002649	VIT_214s0108g00190.2, VIT_214s0108g00190.1, VIT_214s0108g00270.1	Aqcoe3G086600.1.p
OG0002649	VIT_217s0000g05870.1	Aqcoe3G331400.2.p, Aqcoe3G331400.1.p, Aqcoe3G331500.1.p, Aqcoe3G331700.1.p
OG0002650	VIT_215s0045g00330.1, VIT_202s0012g01440.1	Aqcoe3G224100.1.p
OG0002651	VIT_201s0011g05740.6, VIT_201s0011g05740.5, VIT_201s0011g05740.3, VIT_201s0011g05740.7, VIT_201s0011g05740.4, VIT_201s0011g05740.2, VIT_201s0011g05740.1	Aqcoe3G009900.2.p, Aqcoe3G009900.5.p, Aqcoe3G009900.4.p, Aqcoe3G009900.1.p, Aqcoe3G009900.3.p, Aqcoe3G009900.6.p
OG0002652	VIT_200s0389g00020.1	Aqcoe3G275600.1.p
OG0002653	VIT_214s0083g00220.2, VIT_214s0083g00220.1, VIT_201s0011g02760.4, VIT_201s0011g02760.2, VIT_201s0011g02760.1, VIT_201s0011g02760.3	Aqcoe3G053100.1.p, Aqcoe3G053100.2.p
OG0002654	VIT_201s0026g01730.2, VIT_201s0026g01730.1, VIT_217s0000g05810.2, VIT_217s0000g05810.1, VIT_217s0000g05810.4, VIT_217s0000g05810.3	Aqcoe3G088200.1.p
OG0002654	VIT_214s0108g00120.1, VIT_214s0108g00120.2	Aqcoe3G329400.1.p
OG0002655	VIT_217s0000g07550.3, VIT_217s0000g07550.1, VIT_217s0000g07550.2, VIT_217s0000g07550.4, VIT_214s0066g02340.2, VIT_214s0066g02340.3, VIT_214s0066g02340.1	Aqcoe3G311800.1.p, Aqcoe3G103100.1.p
OG0002656	VIT_201s0011g02200.1, VIT_201s0011g02200.2	Aqcoe3G008800.2.p, Aqcoe3G008800.1.p
OG0002657	VIT_214s0006g00100.4, VIT_214s0006g00100.2, VIT_214s0006g00100.6, VIT_214s0006g00100.5, VIT_214s0006g00100.1, VIT_214s0006g00100.3	Aqcoe3G413300.1.p
OG0002658	VIT_201s0026g02520.1	Aqcoe3G340000.1.p
OG0002659	VIT_217s0053g00320.1	Aqcoe3G439200.6.p, Aqcoe3G439200.4.p, Aqcoe3G439200.1.p, Aqcoe3G439200.3.p, Aqcoe3G439200.2.p, Aqcoe3G439200.5.p
OG0002660	VIT_201s0011g06310.5, VIT_201s0011g06310.6, VIT_201s0011g06310.1, VIT_201s0011g06310.2, VIT_201s0011g06310.3, VIT_201s0011g06310.4, VIT_201s0011g06310.7	Aqcoe3G412900.1.p
OG0002673	VIT_205s0049g01780.2, VIT_205s0049g01780.1	Aqcoe5G018300.1.p
OG0002674	VIT_214s0128g00340.1	Aqcoe2G335800.1.p, Aqcoe2G335900.1.p
OG0002676	VIT_214s0060g00430.1, VIT_214s0060g00430.2, VIT_214s0060g00430.4, VIT_214s0060g00430.3, VIT_207s0005g02290.3, VIT_207s0005g02290.4, VIT_207s0005g02290.1, VIT_207s0005g02290.2	Aqcoe2G251700.3.p, Aqcoe2G251700.2.p, Aqcoe2G251700.1.p
OG0002677	VIT_206s0009g03520.2, VIT_206s0009g03520.1, VIT_206s0009g03520.4, VIT_206s0009g03520.3, VIT_206s0009g03520.5	Aqcoe2G039400.1.p, Aqcoe2G039400.2.p
OG0002678	VIT_213s0019g05190.1	Aqcoe2G212800.1.p
OG0002678	VIT_208s0007g04740.2, VIT_208s0007g04740.1	Aqcoe1G126800.1.p
OG0002680	VIT_214s0006g00250.1, VIT_214s0006g00250.2, VIT_201s0011g05600.2, VIT_201s0011g05600.1	Aqcoe2G386900.1.p, Aqcoe3G009000.1.p
OG0002681	VIT_208s0007g08090.7, VIT_208s0007g08090.6, VIT_208s0007g08090.4, VIT_208s0007g08090.3, VIT_208s0007g08090.1, VIT_208s0007g08090.2, VIT_208s0007g08090.8, VIT_208s0007g08090.5	Aqcoe2G078300.2.p, Aqcoe2G078300.4.p, Aqcoe2G078300.3.p, Aqcoe2G078300.1.p, Aqcoe1G017100.1.p
OG0002682	VIT_213s0158g00340.1, VIT_213s0158g00340.2, VIT_208s0007g09000.3, VIT_208s0007g09000.1, VIT_208s0007g09000.2	Aqcoe2G026400.1.p
OG0002684	VIT_208s0056g00180.1, VIT_208s0056g00180.2, VIT_208s0032g00760.1, VIT_202s0025g00500.1, VIT_202s0025g00500.2	Aqcoe2G071800.1.p
OG0002685	VIT_214s0060g00980.1, VIT_207s0005g01750.2, VIT_207s0005g01750.4, VIT_207s0005g01750.3, VIT_207s0005g01750.1	Aqcoe5G307100.1.p, Aqcoe5G307100.3.p, Aqcoe5G307100.2.p, Aqcoe5G307100.4.p, Aqcoe6G143100.1.p
OG0002685	VIT_205s0077g00670.1	Aqcoe2G268000.1.p, Aqcoe2G268200.1.p
OG0002686	VIT_216s0100g00600.1, VIT_216s0100g00600.2, VIT_216s0100g00600.3, VIT_216s0100g00610.1	Aqcoe5G245500.1.p, Aqcoe4G250300.1.p, Aqcoe1G050900.4.p, Aqcoe1G050900.3.p, Aqcoe1G050900.2.p, Aqcoe1G050900.1.p, Aqcoe1G050800.1.p, Aqcoe4G162700.1.p, Aqcoe2G283400.1.p
OG0002686	VIT_202s0025g04080.2, VIT_202s0025g04080.1	Aqcoe7G044900.1.p, Aqcoe6G243700.1.p
OG0002687	VIT_212s0121g00050.1	Aqcoe2G052200.1.p
OG0002688	VIT_207s0141g00600.1, VIT_204s0023g00770.1	Aqcoe2G423700.1.p, Aqcoe3G128200.1.p
OG0002689	VIT_208s0058g00470.1, VIT_213s0067g01940.1	Aqcoe2G083100.1.p, Aqcoe1G150400.1.p
OG0002690	VIT_219s0014g01870.1, VIT_219s0014g01870.2, VIT_219s0014g01870.3	Aqcoe2G049900.1.p
OG0002690	VIT_210s0003g00510.5, VIT_210s0003g00510.6, VIT_210s0003g00510.8, VIT_210s0003g00510.7, VIT_210s0003g00510.9, VIT_210s0003g00510.10	Aqcoe4G071700.3.p, Aqcoe4G071700.2.p
OG0002690	VIT_210s0003g00510.4, VIT_210s0003g00510.3, VIT_210s0003g00510.1, VIT_210s0003g00510.2	Aqcoe4G071700.4.p, Aqcoe4G071700.5.p, Aqcoe4G071700.1.p
OG0002691	VIT_200s0250g00090.4, VIT_200s0250g00090.3, VIT_200s0250g00090.2, VIT_200s0250g00090.1	Aqcoe1G121900.2.p, Aqcoe1G121900.1.p
OG0002691	VIT_208s0007g04540.2, VIT_208s0007g04540.1	Aqcoe2G156700.1.p
OG0002692	VIT_214s0030g01530.2, VIT_214s0030g01530.1, VIT_214s0030g01530.4, VIT_214s0030g01530.3, VIT_214s0030g01530.5, VIT_214s0030g01530.6, VIT_214s0030g01530.7	Aqcoe2G346100.1.p
OG0002693	VIT_214s0030g00030.2, VIT_214s0030g00030.1, VIT_214s0030g00030.3, VIT_214s0030g00030.4	Aqcoe2G324300.1.p, Aqcoe2G324300.2.p, Aqcoe5G065000.2.p, Aqcoe5G065000.1.p
OG0002694	VIT_206s0004g01110.3, VIT_206s0004g01110.2, VIT_206s0004g01110.1, VIT_208s0007g06760.3, VIT_208s0007g06760.2, VIT_208s0007g06760.1	Aqcoe2G010100.1.p
OG0002695	VIT_212s0057g01330.2, VIT_212s0057g01330.3, VIT_212s0057g01330.1	Aqcoe4G302500.1.p, Aqcoe2G104200.1.p
OG0002696	VIT_208s0007g01060.1, VIT_208s0007g01060.5, VIT_213s0019g02360.1, VIT_213s0019g02360.2	Aqcoe1G098700.1.p, Aqcoe2G232300.1.p
OG0002697	VIT_204s0044g01470.1	Aqcoe2G310300.1.p, Aqcoe1G076400.2.p, Aqcoe1G076400.1.p
OG0002697	VIT_208s0058g00655.1, VIT_206s0004g07470.1	Aqcoe1G148000.1.p
OG0002698	VIT_214s0128g00840.1	Aqcoe2G308800.11.p, Aqcoe2G308800.3.p, Aqcoe2G308800.14.p, Aqcoe2G308800.12.p, Aqcoe2G308800.13.p, Aqcoe2G308800.10.p, Aqcoe2G308800.1.p, Aqcoe2G308800.2.p, Aqcoe2G308800.4.p, Aqcoe2G308800.5.p, Aqcoe2G308800.9.p, Aqcoe2G308800.6.p, Aqcoe2G308800.7.p, Aqcoe2G308800.8.p
OG0002699	VIT_205s0020g01450.1, VIT_214s0006g01780.1, VIT_213s0074g00770.2, VIT_213s0074g00770.3, VIT_213s0074g00770.1	Aqcoe2G133000.1.p
OG0002700	VIT_218s0001g13660.1	Aqcoe4G216400.2.p, Aqcoe2G169800.7.p, Aqcoe2G169800.3.p, Aqcoe2G169800.6.p, Aqcoe4G217600.1.p, Aqcoe4G216400.1.p, Aqcoe4G227100.1.p, Aqcoe1G320900.1.p, Aqcoe4G169200.1.p, Aqcoe7G309300.1.p, Aqcoe6G219000.1.p, Aqcoe2G169800.2.p, Aqcoe2G169800.4.p, Aqcoe0418s0001.2.p, Aqcoe0418s0001.1.p, Aqcoe2G169800.1.p, Aqcoe2G169800.5.p, Aqcoe2G315900.2.p, Aqcoe2G315900.1.p
OG0002701	VIT_211s0037g01120.3, VIT_211s0037g01120.2, VIT_211s0037g01120.1	Aqcoe7G339900.2.p
OG0002702	VIT_204s0023g00760.1, VIT_204s0023g00760.2, VIT_204s0023g00760.3	Aqcoe2G423000.1.p, Aqcoe2G423000.2.p
OG0002702	VIT_214s0108g01670.1, VIT_214s0108g01660.1	Aqcoe3G361500.1.p
OG0002703	VIT_214s0060g00360.7, VIT_214s0060g00360.9, VIT_214s0060g00360.5, VIT_214s0060g00360.6, VIT_214s0060g00360.8, VIT_214s0060g00360.1, VIT_214s0060g00360.3, VIT_214s0060g00360.2, VIT_214s0060g00360.4	Aqcoe5G290800.1.p
OG0002703	VIT_207s0005g02640.1	Aqcoe2G247300.2.p, Aqcoe2G247300.1.p
OG0002704	VIT_206s0009g02550.1, VIT_208s0040g01150.1, VIT_201s0011g04990.2, VIT_201s0011g04990.1	Aqcoe2G049200.1.p, Aqcoe1G048400.1.p
OG0002705	VIT_211s0206g00110.1, VIT_211s0206g00110.2, VIT_211s0206g00110.3, VIT_211s0206g00110.4, VIT_208s0007g02800.5, VIT_208s0007g02800.1, VIT_208s0007g02800.3, VIT_208s0007g02800.4, VIT_208s0007g02800.2	Aqcoe2G117200.2.p, Aqcoe2G117200.1.p
OG0002706	VIT_208s0007g00360.1, VIT_208s0007g00360.3, VIT_208s0007g00360.4, VIT_208s0007g00360.2	Aqcoe2G150600.1.p
OG0002707	VIT_207s0005g00660.1	Aqcoe2G291100.1.p
OG0002708	VIT_206s0004g06640.1	Aqcoe2G095300.1.p
OG0002708	VIT_209s0002g04490.1	Aqcoe7G180000.1.p
OG0002709	VIT_205s0049g00150.1	Aqcoe2G369600.1.p
OG0002709	VIT_206s0061g01190.2, VIT_206s0061g01190.1	Aqcoe1G113000.2.p, Aqcoe1G113000.1.p
OG0002710	VIT_206s0004g05070.1	Aqcoe2G225100.1.p
OG0002710	VIT_219s0015g00210.2, VIT_219s0015g00210.4, VIT_219s0015g00210.3, VIT_219s0015g00210.1, VIT_219s0015g00210.5, VIT_219s0015g00190.1	Aqcoe7G323900.1.p, Aqcoe7G323900.2.p
OG0002711	VIT_206s0009g03530.1, VIT_206s0009g03530.2	Aqcoe2G038800.2.p, Aqcoe2G038800.1.p
OG0002712	VIT_208s0056g00100.1, VIT_208s0056g00100.6, VIT_208s0056g00100.4, VIT_208s0056g00100.3, VIT_208s0056g00100.2, VIT_208s0056g00100.5	Aqcoe2G067900.1.p
OG0002713	VIT_207s0005g00260.3, VIT_207s0005g00260.2, VIT_207s0005g00260.1	Aqcoe5G087000.2.p, Aqcoe5G087000.3.p, Aqcoe5G087000.1.p, Aqcoe2G296000.3.p, Aqcoe2G296000.2.p, Aqcoe2G296000.1.p
OG0002714	VIT_207s0141g00920.1, VIT_207s0141g00890.1	Aqcoe5G035400.1.p, Aqcoe2G365300.1.p
OG0002715	VIT_208s0007g03530.1, VIT_208s0007g03530.2	Aqcoe5G046700.1.p, Aqcoe4G266500.1.p, Aqcoe2G137900.1.p, Aqcoe2G137900.2.p
OG0002716	VIT_212s0034g01440.1	Aqcoe6G019200.1.p
OG0002717	VIT_203s0038g00860.4, VIT_203s0038g00860.5, VIT_203s0038g00860.1, VIT_203s0038g00860.3, VIT_203s0038g00860.6, VIT_203s0038g00860.2	Aqcoe5G176100.1.p, Aqcoe6G244100.1.p
OG0002718	VIT_218s0089g00340.1, VIT_218s0089g00340.4, VIT_218s0089g00340.3, VIT_218s0089g00340.2	Aqcoe6G005700.2.p, Aqcoe6G005700.1.p
OG0002719	VIT_218s0001g02830.1	Aqcoe6G021700.1.p, Aqcoe6G021700.2.p, Aqcoe7G379100.1.p
OG0002720	VIT_203s0038g04240.2, VIT_203s0038g04240.1, VIT_214s0006g01820.1, VIT_214s0006g01820.4, VIT_214s0006g01820.3, VIT_214s0006g01820.2, VIT_203s0038g04240.3	Aqcoe6G258300.1.p, Aqcoe6G258300.2.p
OG0002722	VIT_212s0055g00930.1	Aqcoe6G059200.1.p
OG0002722	VIT_211s0016g04220.3, VIT_211s0016g04220.5, VIT_211s0016g04220.4, VIT_211s0016g04220.1, VIT_211s0016g04220.2	Aqcoe7G190400.2.p, Aqcoe7G190400.1.p, Aqcoe7G190400.3.p
OG0002723	VIT_204s0023g02940.1	Aqcoe5G179600.1.p
OG0002724	VIT_217s0000g04570.1, VIT_214s0083g00510.1, VIT_214s0083g00600.1	Aqcoe6G067300.1.p, Aqcoe6G067300.2.p, Aqcoe6G279300.1.p, Aqcoe3G077300.1.p
OG0002725	VIT_218s0001g11140.1, VIT_218s0001g11140.3, VIT_218s0001g11140.2, VIT_218s0001g11140.4	Aqcoe6G151300.1.p
OG0002726	VIT_204s0044g00950.1	Aqcoe6G041100.1.p
OG0002726	VIT_216s0098g01510.4, VIT_216s0098g01510.5, VIT_216s0098g01510.3, VIT_216s0098g01510.2, VIT_216s0098g01510.1	Aqcoe7G005300.1.p
OG0002727	VIT_208s0040g00240.2, VIT_208s0040g00240.1, VIT_216s0050g01100.1	Aqcoe4G180200.1.p, Aqcoe6G155200.1.p, Aqcoe3G421100.1.p, Aqcoe3G421100.2.p, Aqcoe3G375100.1.p, Aqcoe3G375100.2.p, Aqcoe3G375100.3.p, Aqcoe3G375100.4.p
OG0002728	VIT_218s0072g00460.1, VIT_204s0044g00280.3, VIT_204s0044g00280.4, VIT_204s0044g00280.1, VIT_204s0044g00280.2, VIT_202s0025g03870.1	Aqcoe6G040800.1.p
OG0002729	VIT_218s0001g08270.2, VIT_218s0001g08270.3, VIT_218s0001g08270.1, VIT_204s0008g00230.1	Aqcoe6G159400.1.p, Aqcoe6G159400.3.p, Aqcoe6G159400.2.p, Aqcoe6G159400.4.p
OG0002730	VIT_208s0007g08410.1, VIT_207s0130g00250.2, VIT_208s0007g08410.2, VIT_207s0130g00250.1	Aqcoe6G010400.1.p
OG0002731	VIT_218s0001g11350.1, VIT_207s0255g00050.1	Aqcoe6G099700.1.p, Aqcoe6G099700.2.p, Aqcoe6G099800.1.p
OG0002732	VIT_203s0063g01060.2, VIT_203s0063g01060.1, VIT_207s0197g00060.2, VIT_207s0197g00060.1, VIT_207s0197g00060.3, VIT_207s0197g00060.4, VIT_207s0197g00060.5	Aqcoe6G095900.1.p, Aqcoe6G095900.2.p
OG0002733	VIT_218s0001g11290.1, VIT_218s0001g11290.3, VIT_218s0001g11290.2	Aqcoe6G098800.1.p
OG0002734	VIT_203s0038g04760.1, VIT_203s0038g04760.3, VIT_203s0038g04760.2	Aqcoe5G188900.2.p, Aqcoe5G188900.1.p, Aqcoe6G122000.1.p
OG0002735	VIT_216s0013g00870.1	Aqcoe4G251500.2.p, Aqcoe4G251500.1.p, Aqcoe3G266600.1.p
OG0002736	VIT_219s0014g05020.1	Aqcoe1G368400.1.p, Aqcoe4G251700.1.p
OG0002737	VIT_212s0059g01380.3, VIT_212s0059g01380.1, VIT_212s0059g01380.5	Aqcoe4G297100.2.p
OG0002738	VIT_210s0003g02240.2, VIT_210s0003g02240.4, VIT_210s0003g02240.3, VIT_210s0003g02240.1, VIT_210s0003g02240.5, VIT_210s0003g02240.6, VIT_210s0003g02240.9, VIT_210s0003g02240.12, VIT_210s0003g02240.8, VIT_210s0003g02240.11, VIT_210s0003g02240.7, VIT_210s0003g02240.10	Aqcoe7G119300.1.p, Aqcoe1G492600.1.p, Aqcoe1G492600.2.p, Aqcoe4G020000.2.p, Aqcoe4G020000.3.p, Aqcoe4G020000.1.p, Aqcoe4G020000.4.p, Aqcoe4G020000.5.p
OG0002739	VIT_208s0007g06310.5, VIT_208s0007g06310.4, VIT_208s0007g06310.6, VIT_208s0007g06310.3, VIT_208s0007g06310.1, VIT_208s0007g06310.2	Aqcoe1G017700.2.p, Aqcoe1G017700.4.p, Aqcoe1G017700.3.p, Aqcoe1G017700.1.p, Aqcoe4G287100.1.p, Aqcoe4G246400.1.p, Aqcoe4G287000.1.p
OG0002740	VIT_213s0019g00690.1, VIT_213s0019g00710.1, VIT_205s0049g00180.1, VIT_205s0049g00160.1	Aqcoe4G035700.1.p, Aqcoe1G233100.1.p, Aqcoe7G178900.1.p
OG0002741	VIT_219s0014g03130.1, VIT_200s0561g00020.1, VIT_200s0586g00030.1	Aqcoe4G128600.1.p
OG0002742	VIT_210s0003g04900.1, VIT_210s0003g04900.2	Aqcoe4G000900.1.p, Aqcoe4G000900.3.p, Aqcoe4G000900.2.p
OG0002743	VIT_209s0002g00610.1	Aqcoe7G439500.1.p, Aqcoe7G105500.1.p
OG0002744	VIT_216s0022g01820.2, VIT_216s0022g01820.1, VIT_216s0022g01820.3	Aqcoe7G066300.1.p
OG0002745	VIT_211s0118g00280.1	Aqcoe7G377000.1.p, Aqcoe7G377000.3.p, Aqcoe7G377000.2.p
OG0002745	VIT_204s0008g06860.1, VIT_204s0008g06860.2	Aqcoe7G347800.1.p
OG0002746	VIT_213s0019g03320.3, VIT_213s0019g03320.5, VIT_213s0019g03320.2, VIT_213s0019g03320.7, VIT_213s0019g03320.6, VIT_213s0019g03320.4, VIT_213s0019g03320.1	Aqcoe1G086100.1.p, Aqcoe1G086100.2.p, Aqcoe1G086100.3.p, Aqcoe1G085900.5.p, Aqcoe1G085900.4.p, Aqcoe1G085900.2.p, Aqcoe1G085900.3.p, Aqcoe5G465800.1.p, Aqcoe1G085900.1.p, Aqcoe7G301600.1.p, Aqcoe1G142500.1.p
OG0002747	VIT_216s0100g00510.4, VIT_216s0100g00510.3, VIT_216s0100g00510.2, VIT_216s0100g00510.7, VIT_216s0100g00510.1, VIT_216s0100g00510.5, VIT_216s0100g00510.6, VIT_215s0048g01920.1	Aqcoe7G046300.4.p, Aqcoe7G046300.3.p, Aqcoe7G046300.1.p, Aqcoe7G046300.2.p
OG0002749	VIT_204s0008g00810.1, VIT_219s0014g04860.1, VIT_209s0002g02480.3, VIT_209s0002g02480.1, VIT_209s0002g02480.2	Aqcoe7G133900.1.p
OG0002750	VIT_209s0002g04700.1	Aqcoe7G395000.1.p
OG0002750	VIT_211s0016g04130.1	Aqcoe7G186100.2.p, Aqcoe7G186100.1.p
OG0002751	VIT_202s0025g02270.3, VIT_202s0025g02270.2, VIT_202s0025g02270.1	Aqcoe7G004900.1.p
OG0002751	VIT_208s0105g00220.2, VIT_208s0105g00220.1, VIT_208s0105g00220.3	Aqcoe1G078600.1.p
OG0002752	VIT_209s0002g04870.2, VIT_209s0002g04870.1	Aqcoe7G190300.1.p
OG0002753	VIT_202s0025g04490.4, VIT_202s0025g04490.5, VIT_202s0025g04490.3, VIT_202s0025g04490.1, VIT_215s0048g01060.1, VIT_202s0025g04490.2	Aqcoe7G049900.1.p
OG0002754	VIT_214s0030g00110.1, VIT_211s0016g03540.2, VIT_211s0016g03540.1, VIT_209s0002g04080.4, VIT_209s0002g04080.3, VIT_209s0002g04080.1, VIT_209s0002g04080.2	Aqcoe7G164600.1.p
OG0002755	VIT_204s0008g07340.1, VIT_211s0052g01800.1	Aqcoe7G333000.1.p
OG0002756	VIT_209s0002g00940.2, VIT_209s0002g00940.1, VIT_209s0002g00940.3	Aqcoe7G432200.1.p
OG0002757	VIT_204s0008g00860.1, VIT_204s0008g00860.2, VIT_211s0016g02490.1	Aqcoe7G132900.1.p, Aqcoe7G132900.2.p
OG0002758	VIT_215s0048g01880.1, VIT_215s0048g01880.2	Aqcoe7G047300.3.p, Aqcoe7G047300.2.p, Aqcoe7G047300.1.p
OG0002759	VIT_203s0038g04280.1, VIT_203s0038g04280.2, VIT_203s0038g04280.3, VIT_201s0011g05270.4, VIT_201s0011g05270.1, VIT_201s0011g05270.3, VIT_201s0011g05270.5, VIT_201s0011g05270.6, VIT_201s0011g05270.2	Aqcoe7G148800.1.p, Aqcoe7G148800.5.p, Aqcoe7G148800.6.p, Aqcoe7G148800.4.p, Aqcoe7G148800.2.p, Aqcoe7G148800.7.p, Aqcoe7G148800.3.p
OG0002760	VIT_211s0103g00570.3, VIT_211s0103g00570.1, VIT_211s0103g00570.5, VIT_211s0103g00570.4, VIT_211s0103g00570.6, VIT_211s0103g00570.2	Aqcoe7G296000.1.p
OG0002761	VIT_208s0007g01670.1, VIT_213s0019g03260.1	Aqcoe1G089000.1.p, Aqcoe7G427900.2.p, Aqcoe7G427900.1.p
OG0002762	VIT_213s0019g03590.1	Aqcoe7G339300.1.p
OG0002763	VIT_218s0166g00300.10, VIT_218s0166g00300.7, VIT_218s0166g00300.3, VIT_218s0166g00300.6, VIT_218s0166g00300.2, VIT_218s0166g00300.1, VIT_218s0166g00300.4, VIT_218s0166g00300.5, VIT_218s0166g00300.11, VIT_218s0166g00300.8	Aqcoe7G043100.6.p, Aqcoe7G043100.4.p, Aqcoe7G043100.7.p, Aqcoe7G043100.1.p, Aqcoe7G043100.5.p, Aqcoe7G043100.2.p, Aqcoe7G043100.3.p, Aqcoe7G043100.8.p
OG0002764	VIT_209s0002g03410.2, VIT_209s0002g03410.3, VIT_209s0002g03410.1	Aqcoe7G151100.1.p
OG0002765	VIT_204s0008g05330.1, VIT_209s0002g06660.1	Aqcoe7G389000.1.p, Aqcoe7G135800.3.p, Aqcoe7G135800.1.p, Aqcoe7G135800.2.p
OG0002766	VIT_207s0005g00690.1, VIT_214s0060g01930.1	Aqcoe7G105000.1.p, Aqcoe5G091500.1.p
OG0002767	VIT_204s0044g00710.7, VIT_204s0044g00710.2, VIT_204s0044g00710.6, VIT_204s0044g00710.4, VIT_204s0044g00710.5, VIT_204s0044g00710.3, VIT_204s0044g00710.1	Aqcoe7G392800.1.p
OG0002768	VIT_202s0025g02480.5, VIT_202s0025g02480.2, VIT_202s0025g02480.1, VIT_202s0025g02480.4, VIT_202s0025g02480.3, VIT_202s0025g02480.6	Aqcoe7G003200.1.p, Aqcoe7G003200.2.p
OG0002769	VIT_209s0054g01870.1	Aqcoe7G028100.1.p
OG0002770	VIT_211s0016g03200.5, VIT_211s0016g03200.6, VIT_211s0016g03200.2, VIT_211s0016g03200.1, VIT_211s0016g03200.4, VIT_211s0016g03200.3	Aqcoe7G408200.3.p, Aqcoe7G408200.1.p, Aqcoe7G408200.2.p
OG0002771	VIT_217s0000g03620.6, VIT_217s0000g03620.2, VIT_217s0000g03620.1, VIT_217s0000g03620.5, VIT_211s0016g00650.2, VIT_211s0016g00650.1	Aqcoe7G107700.1.p
OG0002772	VIT_202s0025g01480.2, VIT_202s0025g01480.1, VIT_216s0098g00340.3, VIT_216s0098g00340.2, VIT_216s0098g00340.4, VIT_216s0098g00340.1	Aqcoe7G010900.1.p, Aqcoe7G010900.2.p, Aqcoe7G010900.4.p, Aqcoe7G010900.3.p
OG0002773	VIT_209s0002g00280.2, VIT_209s0002g00280.1	Aqcoe7G101200.1.p, Aqcoe7G101200.2.p
OG0002774	VIT_214s0006g02010.3, VIT_214s0006g02010.1, VIT_214s0006g02010.4, VIT_214s0006g02010.5, VIT_214s0006g02010.2	Aqcoe7G094100.2.p, Aqcoe7G094100.1.p
OG0002775	VIT_213s0019g02720.3, VIT_213s0019g02720.4, VIT_213s0019g02720.5, VIT_213s0019g02720.6, VIT_213s0019g02720.1, VIT_213s0019g02720.2	Aqcoe7G266200.1.p, Aqcoe1G093300.2.p, Aqcoe1G093300.1.p
OG0002776	VIT_204s0008g03170.2, VIT_204s0008g03170.3, VIT_204s0008g03170.1, VIT_204s0008g03170.4	Aqcoe7G099500.2.p, Aqcoe7G099500.1.p
OG0002777	VIT_209s0002g00830.1	Aqcoe7G430600.1.p
OG0002778	VIT_200s0582g00030.1, VIT_200s0227g00170.1, VIT_200s0227g00170.2, VIT_200s0227g00170.3, VIT_219s0090g01300.1, VIT_219s0090g01300.2	Aqcoe1G119300.1.p
OG0002779	VIT_208s0040g03400.1, VIT_208s0040g03400.2, VIT_208s0040g03400.4, VIT_208s0040g03400.3	Aqcoe1G468900.1.p
OG0002780	VIT_215s0021g02070.1, VIT_208s0007g03370.1, VIT_208s0007g03370.2	Aqcoe1G445800.1.p
OG0002781	VIT_208s0032g00280.2, VIT_208s0032g00280.1	Aqcoe1G068000.3.p, Aqcoe1G068000.1.p, Aqcoe1G068000.2.p
OG0002782	VIT_203s0097g00280.1, VIT_208s0007g04490.1, VIT_206s0061g00830.1, VIT_206s0061g00840.1	Aqcoe1G122900.1.p
OG0002783	VIT_216s0050g01330.1, VIT_200s0256g00110.1, VIT_200s0411g00020.1, VIT_200s1321g00010.1, VIT_204s0008g02645.1, VIT_200s0256g00020.1, VIT_200s0256g00010.1, VIT_200s0411g00010.1	Aqcoe1G340100.2.p, Aqcoe1G340100.1.p, Aqcoe1G340100.3.p
OG0002784	VIT_217s0000g00500.4, VIT_217s0000g00500.1, VIT_217s0000g00500.2, VIT_217s0000g00500.3, VIT_214s0068g01300.1, VIT_214s0068g01300.2	Aqcoe1G391100.1.p, Aqcoe3G178700.1.p
OG0002785	VIT_201s0011g00190.1, VIT_214s0083g01110.1, VIT_214s0083g01110.4, VIT_214s0083g01110.2	Aqcoe3G063100.1.p, Aqcoe3G063100.2.p, Aqcoe1G468600.1.p
OG0002786	VIT_200s0397g00055.1, VIT_200s0400g00056.1, VIT_200s0397g00035.1, VIT_210s0071g00230.1, VIT_214s0068g02240.1, VIT_200s0316g00040.1, VIT_200s0400g00030.1, VIT_200s0421g00040.1, VIT_200s0397g00010.1, VIT_214s0171g00060.1, VIT_214s0068g02290.1, VIT_214s0068g02250.1, VIT_200s0316g00010.1, VIT_200s0400g00020.1, VIT_214s0171g00080.1, VIT_214s0171g00040.1, VIT_200s0316g00029.1, VIT_200s0316g00032.1, VIT_214s0068g02256.1, VIT_214s0171g00050.1, VIT_200s0316g00045.1, VIT_200s0316g00026.1, VIT_214s0068g02300.1, VIT_200s0397g00020.1, VIT_214s0068g02220.1, VIT_214s0171g00015.1, VIT_200s0316g00035.1, VIT_214s0171g00070.1, VIT_214s0068g02295.1, VIT_200s0421g00005.1	Aqcoe1G253400.1.p
OG0002787	VIT_200s0480g00060.1	Aqcoe1G318200.1.p
OG0002788	VIT_208s0058g01110.1, VIT_206s0004g07910.1	Aqcoe1G400700.1.p
OG0002789	VIT_201s0011g01630.4, VIT_201s0011g01630.5, VIT_201s0011g01630.3, VIT_201s0011g01630.1, VIT_201s0011g01630.2	Aqcoe1G163900.1.p
OG0002790	VIT_219s0090g00610.2, VIT_219s0090g00610.1	Aqcoe1G231300.8.p, Aqcoe1G231300.5.p, Aqcoe1G231300.4.p, Aqcoe1G231300.3.p, Aqcoe1G231300.1.p, Aqcoe1G231300.6.p, Aqcoe1G231300.7.p, Aqcoe1G231300.2.p
OG0002791	VIT_214s0006g00630.1, VIT_214s0006g00630.2	Aqcoe3G418700.1.p
OG0002791	VIT_200s0317g00050.1, VIT_200s0317g00050.2	Aqcoe1G476000.1.p, Aqcoe1G476000.2.p
OG0002792	VIT_208s0040g02680.2, VIT_208s0040g02680.1, VIT_208s0040g02680.3, VIT_208s0040g02680.4	Aqcoe1G476200.1.p
OG0002793	VIT_208s0007g01380.2, VIT_213s0019g02710.1, VIT_213s0019g02710.2	Aqcoe1G093800.1.p
OG0002794	VIT_219s0015g00330.1, VIT_219s0090g01780.2, VIT_219s0090g01780.4, VIT_219s0090g01780.3, VIT_219s0090g01780.1, VIT_219s0090g01780.7, VIT_219s0090g01780.5, VIT_219s0090g01780.6, VIT_212s0057g00570.2, VIT_212s0057g00570.3, VIT_212s0057g00570.1, VIT_212s0057g00570.4, VIT_212s0057g00570.5	Aqcoe1G389900.2.p, Aqcoe1G389900.1.p
OG0002795	VIT_219s0090g01280.2, VIT_219s0090g01280.1, VIT_212s0059g01680.1, VIT_212s0059g01680.2, VIT_212s0059g01680.3, VIT_212s0059g01680.4	Aqcoe1G334400.2.p, Aqcoe1G334400.1.p
OG0002796	VIT_210s0116g01830.1, VIT_210s0116g01830.2, VIT_219s0090g00370.1, VIT_219s0090g00370.2	Aqcoe1G237300.1.p, Aqcoe1G237300.2.p
OG0002797	VIT_219s0014g05430.1	Aqcoe1G357100.1.p
OG0002798	VIT_203s0017g02160.3, VIT_203s0017g02160.4, VIT_203s0017g02160.5, VIT_203s0017g02160.2, VIT_203s0017g02160.1, VIT_203s0017g02160.7, VIT_203s0017g02160.6, VIT_201s0011g01240.3, VIT_201s0011g01240.2, VIT_201s0011g01240.6, VIT_201s0011g01240.4, VIT_201s0011g01240.5, VIT_201s0011g01240.1	Aqcoe1G161600.2.p, Aqcoe1G161600.1.p
OG0002799	VIT_208s0007g05080.3, VIT_208s0007g05080.4, VIT_208s0007g05080.8, VIT_208s0007g05080.9, VIT_208s0007g05080.10, VIT_208s0007g05080.5, VIT_208s0007g05080.6, VIT_208s0007g05080.2, VIT_208s0007g05080.1, VIT_208s0007g05080.7	Aqcoe1G044000.1.p, Aqcoe1G044000.2.p
OG0002800	VIT_212s0142g00720.2, VIT_212s0142g00720.1	Aqcoe1G210600.2.p, Aqcoe1G210600.3.p, Aqcoe1G210600.4.p, Aqcoe1G210600.1.p
OG0002801	VIT_218s0041g00100.3, VIT_218s0041g00100.5, VIT_218s0041g00100.2, VIT_218s0041g00100.1, VIT_218s0041g00100.4	Aqcoe1G169600.1.p, Aqcoe1G169600.2.p, Aqcoe1G169600.3.p
OG0002802	VIT_201s0244g00140.5, VIT_201s0244g00140.3, VIT_201s0244g00140.2, VIT_201s0244g00140.4, VIT_201s0244g00140.1, VIT_214s0068g01190.3, VIT_214s0068g01190.1, VIT_214s0068g01190.2	Aqcoe1G123200.1.p
OG0002803	VIT_201s0137g00630.1, VIT_201s0137g00630.3, VIT_201s0137g00630.2	Aqcoe5G395000.1.p, Aqcoe5G394800.1.p, Aqcoe5G394800.5.p, Aqcoe5G394800.7.p, Aqcoe5G394800.6.p, Aqcoe5G394800.8.p, Aqcoe5G394800.4.p, Aqcoe5G394800.2.p, Aqcoe5G394800.3.p, Aqcoe3G140600.1.p, Aqcoe3G140600.2.p
OG0002804	VIT_207s0141g00790.1	Aqcoe5G308000.4.p, Aqcoe5G308000.1.p, Aqcoe5G308000.2.p, Aqcoe5G308000.3.p
OG0002805	VIT_207s0130g00050.9, VIT_207s0130g00050.4, VIT_207s0130g00050.8, VIT_207s0130g00050.6, VIT_207s0130g00050.5, VIT_207s0130g00050.1, VIT_207s0130g00050.2, VIT_207s0130g00050.3, VIT_207s0130g00050.7	Aqcoe5G269600.1.p, Aqcoe5G269600.2.p
OG0002806	VIT_204s0210g00220.1, VIT_203s0038g03680.1, VIT_203s0038g03680.2, VIT_203s0038g03680.3	Aqcoe5G122100.2.p, Aqcoe5G122100.1.p
OG0002807	VIT_218s0001g02460.1	Aqcoe5G256600.6.p, Aqcoe5G256600.7.p, Aqcoe5G256600.5.p, Aqcoe5G256600.4.p, Aqcoe5G256600.3.p, Aqcoe5G256600.1.p, Aqcoe5G256600.2.p
OG0002808	VIT_208s0007g07010.2, VIT_208s0007g07010.1, VIT_208s0007g06890.1, VIT_201s0150g00520.1	Aqcoe5G311300.1.p, Aqcoe3G434100.1.p
OG0002809	VIT_218s0001g03760.2, VIT_218s0001g03760.1	Aqcoe5G448700.1.p
OG0002810	VIT_204s0023g02600.3, VIT_204s0023g02600.4, VIT_204s0023g02600.6, VIT_204s0023g02600.2, VIT_204s0023g02600.5, VIT_204s0023g02600.1	Aqcoe5G184700.3.p, Aqcoe5G184700.1.p, Aqcoe5G184700.4.p, Aqcoe5G184700.5.p, Aqcoe5G184700.2.p, Aqcoe5G184700.6.p
OG0002812	VIT_218s0001g15570.3, VIT_218s0001g15570.2, VIT_218s0001g15570.1, VIT_218s0001g15570.4	Aqcoe5G239800.1.p
OG0002813	VIT_214s0036g01460.1	Aqcoe5G016100.2.p, Aqcoe5G016100.3.p, Aqcoe5G016100.1.p
OG0002814	VIT_217s0000g00910.1	Aqcoe3G161100.1.p, Aqcoe5G346300.1.p
OG0002815	VIT_214s0068g00980.1, VIT_214s0068g00980.2, VIT_214s0068g00980.3, VIT_214s0068g01000.1, VIT_214s0068g01000.2, VIT_214s0068g01000.3, VIT_214s0068g01000.4	Aqcoe5G331100.1.p
OG0002816	VIT_214s0068g01640.2, VIT_217s0000g00980.2, VIT_217s0000g00980.1	Aqcoe5G346800.1.p, Aqcoe3G377300.1.p
OG0002817	VIT_202s0012g00290.1	Aqcoe3G258900.1.p, Aqcoe5G365900.1.p
OG0002818	VIT_215s0046g00990.2, VIT_215s0046g00990.1, VIT_215s0046g00990.3, VIT_215s0046g00990.8, VIT_215s0046g00990.7	Aqcoe5G456600.2.p, Aqcoe5G456600.1.p
OG0002819	VIT_205s0020g04110.1, VIT_205s0020g04110.2	Aqcoe5G047000.1.p
OG0002820	VIT_203s0063g02360.1, VIT_203s0063g02380.1, VIT_203s0063g02350.1, VIT_203s0063g02370.1, VIT_203s0063g02375.1, VIT_203s0063g02330.1	Aqcoe5G195900.1.p, Aqcoe5G194400.1.p
OG0002821	VIT_212s0055g00450.1, VIT_203s0017g00925.1	Aqcoe5G249700.1.p
OG0002822	VIT_200s0404g00060.1	Aqcoe5G305200.1.p
OG0002823	VIT_200s0174g00120.1, VIT_200s0174g00120.3, VIT_200s0174g00120.2, VIT_200s0269g00010.1, VIT_205s0102g00690.2, VIT_205s0102g00690.1, VIT_205s0102g00645.1, VIT_205s0102g00555.1	Aqcoe5G001300.2.p, Aqcoe5G001300.4.p, Aqcoe5G001300.3.p, Aqcoe5G001300.1.p
OG0002824	VIT_219s0014g00010.2, VIT_219s0014g00010.3, VIT_219s0014g00010.4, VIT_219s0014g00010.5, VIT_219s0014g00010.1, VIT_219s0093g00652.1	Aqcoe5G318500.3.p, Aqcoe5G318500.1.p, Aqcoe5G318500.2.p
OG0002825	VIT_214s0108g01580.2, VIT_214s0108g01580.3, VIT_214s0108g01580.1, VIT_201s0011g00700.2, VIT_201s0011g00700.3, VIT_201s0011g00700.1, VIT_217s0000g06810.1, VIT_217s0000g06810.2	Aqcoe3G055000.1.p
OG0002826	VIT_217s0000g03390.8, VIT_217s0000g03390.6, VIT_217s0000g03390.9, VIT_217s0000g03390.1, VIT_217s0000g03390.4, VIT_217s0000g03390.7, VIT_217s0000g03390.10, VIT_217s0000g03390.2, VIT_217s0000g03390.3, VIT_217s0000g03390.5, VIT_217s0000g03370.3, VIT_217s0000g03370.4, VIT_217s0000g03370.1, VIT_217s0000g03370.2, VIT_217s0000g03380.3, VIT_217s0000g03380.2, VIT_217s0000g03380.1, VIT_217s0000g03380.5, VIT_217s0000g03380.4, VIT_217s0000g03380.6	Aqcoe3G029000.1.p
OG0002827	VIT_214s0083g00520.2, VIT_214s0083g00520.3, VIT_214s0083g00520.1	Aqcoe3G076700.1.p, Aqcoe3G076700.3.p, Aqcoe3G076700.4.p, Aqcoe3G076700.2.p, Aqcoe3G076600.1.p
OG0002828	VIT_217s0000g04230.1, VIT_217s0000g04230.2, VIT_214s0083g00170.1	Aqcoe3G047900.1.p, Aqcoe3G394300.1.p
OG0002829	VIT_214s0066g01000.1	Aqcoe3G283500.1.p
OG0002829	VIT_217s0000g08560.1	Aqcoe3G125400.1.p
OG0002830	VIT_201s0011g00220.1, VIT_214s0108g01280.1, VIT_214s0108g01280.2	Aqcoe3G353200.2.p, Aqcoe3G353200.1.p, Aqcoe3G353200.3.p
OG0002831	VIT_214s0083g00080.3, VIT_214s0083g00080.4, VIT_214s0083g00080.2, VIT_214s0083g00080.1	Aqcoe3G046500.2.p, Aqcoe3G046500.1.p, Aqcoe3G046500.4.p, Aqcoe3G046500.3.p, Aqcoe3G398000.2.p, Aqcoe3G398000.1.p
OG0002832	VIT_218s0001g08860.2, VIT_218s0001g08860.6, VIT_218s0001g08860.5, VIT_218s0001g08860.3, VIT_218s0001g08860.4, VIT_218s0001g08860.1	Aqcoe3G056800.1.p
OG0002833	VIT_217s0000g06570.2, VIT_217s0000g06570.6, VIT_217s0000g06570.4, VIT_217s0000g06570.1, VIT_217s0000g06570.5, VIT_217s0000g06570.3	Aqcoe3G350300.1.p
OG0002834	VIT_214s0006g00650.2, VIT_214s0006g00650.8, VIT_214s0006g00650.1, VIT_214s0006g00650.4, VIT_214s0006g00650.3, VIT_214s0006g00650.10, VIT_214s0006g00650.9, VIT_214s0006g00650.7, VIT_214s0006g00650.6, VIT_214s0006g00650.5	Aqcoe3G299300.1.p
OG0002835	VIT_205s0020g00100.1, VIT_201s0011g02180.1, VIT_201s0011g02180.5, VIT_201s0011g02180.7, VIT_201s0011g02180.4, VIT_201s0011g02180.6, VIT_201s0011g02180.2, VIT_201s0011g02180.3, VIT_200s0279g00120.1, VIT_205s0020g00230.1	Aqcoe3G435300.2.p, Aqcoe3G435300.1.p
OG0002836	VIT_200s0283g00080.1, VIT_217s0000g00010.4, VIT_217s0000g00010.8, VIT_217s0000g00010.2, VIT_217s0000g00010.1, VIT_217s0000g00010.5, VIT_217s0000g00010.9, VIT_217s0000g00010.6, VIT_217s0000g00010.7, VIT_217s0000g00010.3	Aqcoe3G272900.1.p, Aqcoe3G272900.2.p, Aqcoe3G242000.1.p
OG0002849	VIT_206s0009g03660.1, VIT_206s0009g03660.2, VIT_208s0007g05550.1	Aqcoe2G035900.1.p
OG0002850	VIT_207s0005g00630.1, VIT_207s0005g00630.2	Aqcoe2G291300.4.p, Aqcoe2G291300.6.p, Aqcoe2G291600.1.p, Aqcoe2G291300.5.p, Aqcoe2G291300.2.p, Aqcoe2G291300.1.p, Aqcoe2G291300.3.p, Aqcoe2G291300.10.p, Aqcoe2G291300.7.p, Aqcoe2G291300.9.p, Aqcoe2G291300.8.p, Aqcoe2G291400.1.p, Aqcoe2G291400.2.p, Aqcoe2G291400.4.p, Aqcoe2G291400.3.p
OG0002851	VIT_208s0007g04040.1, VIT_208s0007g04070.1, VIT_208s0007g04060.1	Aqcoe4G250000.1.p, Aqcoe4G249800.1.p, Aqcoe4G249600.1.p, Aqcoe2G186300.1.p
OG0002851	VIT_208s0007g04120.1, VIT_208s0007g04100.1	Aqcoe2G185900.1.p, Aqcoe2G186000.1.p, Aqcoe4G283400.2.p, Aqcoe4G283400.1.p, Aqcoe4G283400.3.p, Aqcoe4G282900.1.p, Aqcoe4G282300.1.p, Aqcoe4G282600.1.p, Aqcoe4G226200.1.p, Aqcoe4G283300.1.p, Aqcoe4G268600.2.p, Aqcoe4G268600.1.p, Aqcoe1G251100.1.p, Aqcoe4G266000.1.p
OG0002851	VIT_208s0007g04090.1	Aqcoe4G282700.1.p
OG0002853	VIT_212s0121g00080.1, VIT_214s0030g00570.1, VIT_214s0030g00500.1, VIT_214s0030g00600.1, VIT_214s0030g00550.1, VIT_214s0030g00540.1	Aqcoe5G075200.4.p, Aqcoe5G075200.3.p, Aqcoe5G075200.5.p, Aqcoe5G075200.2.p, Aqcoe5G075200.1.p, Aqcoe2G317700.1.p, Aqcoe2G317800.2.p, Aqcoe2G317800.1.p
OG0002854	VIT_218s0001g13430.1, VIT_218s0001g13430.2	Aqcoe5G181100.1.p, Aqcoe2G238000.2.p, Aqcoe2G238000.1.p, Aqcoe3G050900.1.p
OG0002855	VIT_206s0004g06310.1, VIT_213s0019g03970.1, VIT_213s0067g00270.1	Aqcoe2G099000.1.p, Aqcoe2G099700.1.p
OG0002856	VIT_206s0004g00410.1	Aqcoe2G050000.1.p
OG0002856	VIT_215s0046g02610.1, VIT_215s0046g02600.1	Aqcoe1G271200.1.p, Aqcoe1G270900.1.p, Aqcoe1G271100.1.p
OG0002857	VIT_214s0060g01530.4, VIT_214s0060g01530.2, VIT_214s0060g01530.3, VIT_214s0060g01530.1, VIT_214s0060g01530.5, VIT_214s0060g01530.6	Aqcoe2G282800.1.p, Aqcoe2G282800.2.p
OG0002858	VIT_205s0077g01740.2, VIT_205s0077g01740.1, VIT_207s0005g00890.1	Aqcoe2G285000.3.p, Aqcoe2G285000.2.p, Aqcoe2G285000.1.p, Aqcoe2G285000.4.p
OG0002859	VIT_208s0007g07020.2, VIT_208s0007g07020.3, VIT_208s0007g07020.6, VIT_208s0007g07020.4, VIT_208s0007g07020.7, VIT_208s0007g07020.1, VIT_208s0007g07020.8, VIT_208s0007g07020.5	Aqcoe1G007600.1.p, Aqcoe2G004800.1.p
OG0002860	VIT_207s0005g05640.1	Aqcoe2G387700.2.p, Aqcoe2G387700.1.p
OG0002861	VIT_213s0019g01720.1	Aqcoe2G028700.1.p
OG0002862	VIT_208s0058g00570.1, VIT_208s0058g00570.5, VIT_208s0058g00570.3, VIT_208s0058g00570.2, VIT_208s0058g00570.4	Aqcoe2G081700.1.p
OG0002863	VIT_213s0064g01090.4, VIT_213s0064g01090.2, VIT_213s0064g01090.3, VIT_213s0064g01090.5, VIT_213s0064g01090.7, VIT_213s0064g01090.8, VIT_213s0064g01090.1, VIT_213s0064g01090.6	Aqcoe2G015900.2.p, Aqcoe2G015900.1.p
OG0002864	VIT_206s0061g01210.1	Aqcoe1G112700.1.p
OG0002865	VIT_207s0005g02480.1, VIT_214s0060g00240.1	Aqcoe2G239500.1.p
OG0002866	VIT_213s0019g01250.1	Aqcoe2G031600.2.p, Aqcoe2G031600.1.p
OG0002867	VIT_208s0007g07840.1	Aqcoe2G012400.2.p, Aqcoe2G012400.3.p, Aqcoe2G012400.1.p
OG0002867	VIT_201s0010g02820.1, VIT_201s0010g02820.3, VIT_201s0010g02820.2	Aqcoe5G364800.1.p
OG0002868	VIT_208s0007g03180.5, VIT_208s0007g03180.4, VIT_208s0007g03180.2, VIT_208s0007g03180.3, VIT_208s0007g03180.1	Aqcoe2G123800.4.p, Aqcoe2G123800.5.p, Aqcoe2G123800.6.p, Aqcoe2G123800.1.p, Aqcoe2G123800.3.p, Aqcoe2G123800.7.p, Aqcoe2G123800.2.p
OG0002869	VIT_205s0049g00190.2, VIT_205s0049g00190.3, VIT_205s0049g00190.4, VIT_205s0049g00190.1, VIT_205s0049g00190.5	Aqcoe2G369800.1.p, Aqcoe2G369800.2.p
OG0002871	VIT_208s0007g04300.1	Aqcoe2G161400.1.p, Aqcoe1G119200.3.p, Aqcoe1G119200.2.p, Aqcoe1G119200.1.p, Aqcoe1G119200.4.p
OG0002872	VIT_206s0009g00260.1	Aqcoe2G068000.2.p, Aqcoe2G068000.1.p, Aqcoe1G076900.1.p
OG0002873	VIT_206s0004g05940.4, VIT_206s0004g05940.6, VIT_206s0004g05940.5, VIT_206s0004g05940.1, VIT_206s0004g05940.3, VIT_206s0004g05940.2, VIT_208s0007g01700.1	Aqcoe2G234100.1.p, Aqcoe4G080800.1.p
OG0002874	VIT_208s0007g07990.1, VIT_208s0007g08000.1, VIT_208s0007g08010.1, VIT_208s0007g08020.1	Aqcoe2G370300.1.p, Aqcoe2G370400.1.p, Aqcoe2G370600.1.p, Aqcoe2G370500.1.p
OG0002875	VIT_200s0360g00050.6, VIT_200s0360g00050.7, VIT_200s0360g00050.5, VIT_200s0360g00050.4, VIT_200s0360g00050.2, VIT_200s0360g00050.3, VIT_200s0360g00050.1	Aqcoe2G406500.1.p
OG0002876	VIT_207s0104g00260.1, VIT_207s0104g00260.2, VIT_205s0020g02660.1	Aqcoe5G061700.1.p, Aqcoe2G332000.2.p, Aqcoe2G332000.1.p
OG0002877	VIT_201s0011g01960.1, VIT_201s0011g01960.2, VIT_201s0011g01960.3, VIT_201s0011g01960.4	Aqcoe3G438500.1.p, Aqcoe2G420600.1.p
OG0002878	VIT_218s0001g14410.1	Aqcoe2G082600.1.p
OG0002879	VIT_208s0007g06380.2, VIT_208s0007g06380.5, VIT_208s0007g06380.3, VIT_208s0007g06380.1, VIT_208s0007g06380.4	Aqcoe1G003900.1.p, Aqcoe1G003900.2.p
OG0002879	VIT_206s0004g01320.1	Aqcoe2G078900.1.p
OG0002880	VIT_213s0067g01930.3, VIT_213s0067g01930.1, VIT_213s0067g01930.2	Aqcoe2G083200.1.p, Aqcoe1G150500.1.p
OG0002881	VIT_202s0012g01610.1	Aqcoe5G273500.1.p, Aqcoe5G278800.1.p, Aqcoe2G344000.1.p, Aqcoe2G344100.1.p
OG0002882	VIT_208s0058g01050.3, VIT_208s0058g01050.1, VIT_208s0058g01050.2	Aqcoe2G077200.2.p, Aqcoe2G077200.1.p
OG0002883	VIT_207s0104g00860.1, VIT_214s0030g00400.1, VIT_214s0030g00400.2	Aqcoe2G320400.1.p
OG0002884	VIT_216s0039g02820.1, VIT_207s0104g00470.1, VIT_205s0020g02920.1	Aqcoe2G337600.1.p, Aqcoe5G059000.1.p
OG0002885	VIT_208s0007g04470.1	Aqcoe0024s0002.2.p, Aqcoe5G290000.1.p, Aqcoe0024s0002.1.p, Aqcoe6G000600.2.p, Aqcoe0024s0007.2.p, Aqcoe0024s0007.1.p, Aqcoe0024s0009.1.p, Aqcoe6G000600.1.p, Aqcoe2G159100.1.p
OG0002886	VIT_205s0062g01440.1, VIT_205s0062g00760.1	Aqcoe2G403300.1.p, Aqcoe2G403300.2.p
OG0002887	VIT_214s0030g00160.1	Aqcoe2G323000.1.p
OG0002887	VIT_202s0025g00180.1, VIT_202s0025g00180.2	Aqcoe5G407500.1.p
OG0002888	VIT_205s0020g01190.1	Aqcoe5G087500.1.p
OG0002889	VIT_213s0067g03360.1, VIT_213s0067g03360.2	Aqcoe1G486500.1.p, Aqcoe1G486500.2.p
OG0002890	VIT_208s0040g02380.1, VIT_208s0040g02380.2, VIT_206s0004g03310.2, VIT_206s0004g03310.1	Aqcoe2G211800.4.p, Aqcoe2G211800.2.p, Aqcoe2G211800.1.p, Aqcoe2G211800.3.p
OG0002891	VIT_205s0102g00260.1, VIT_205s0102g00260.8, VIT_205s0102g00260.3, VIT_205s0102g00260.2, VIT_205s0102g00260.7, VIT_205s0102g00260.10, VIT_205s0102g00260.9, VIT_205s0102g00260.4, VIT_205s0102g00260.6, VIT_205s0102g00260.5	Aqcoe2G434500.1.p
OG0002892	VIT_207s0005g01950.1	Aqcoe5G267600.1.p
OG0002892	VIT_205s0077g00500.1, VIT_205s0077g00500.3, VIT_205s0077g00500.2	Aqcoe2G263300.1.p
OG0002893	VIT_208s0040g00780.1	Aqcoe2G002300.1.p
OG0002894	VIT_208s0007g03960.1, VIT_208s0007g03960.2	Aqcoe2G217800.2.p, Aqcoe2G217800.1.p
OG0002894	VIT_216s0022g01770.1	Aqcoe7G068000.1.p
OG0002895	VIT_200s0179g00360.2, VIT_200s0179g00360.1, VIT_205s0020g04500.1	Aqcoe5G045100.1.p, Aqcoe2G355800.1.p
OG0002896	VIT_208s0040g02760.4, VIT_208s0040g02760.1, VIT_208s0040g02760.3, VIT_208s0040g02760.5, VIT_208s0040g02760.2, VIT_206s0004g03980.1, VIT_206s0004g03980.3, VIT_206s0004g03980.2	Aqcoe2G174100.1.p, Aqcoe1G478400.1.p
OG0002897	VIT_218s0001g14010.1, VIT_218s0001g14010.2	Aqcoe6G207900.1.p
OG0002897	VIT_205s0020g04210.1	Aqcoe2G353900.1.p
OG0002898	VIT_204s0044g01060.3, VIT_204s0044g01060.1, VIT_204s0044g01060.2, VIT_204s0044g01060.4, VIT_218s0001g15520.7, VIT_218s0001g15520.6, VIT_218s0001g15520.5, VIT_218s0001g15520.8, VIT_218s0001g15520.3, VIT_218s0001g15520.2, VIT_218s0001g15520.4, VIT_218s0001g15520.1	Aqcoe6G027800.4.p, Aqcoe6G027800.3.p, Aqcoe6G027800.2.p, Aqcoe6G027800.1.p
OG0002899	VIT_203s0088g00390.5, VIT_203s0088g00390.6, VIT_203s0088g00390.4, VIT_203s0088g00390.2, VIT_203s0088g00390.1, VIT_203s0088g00390.3, VIT_203s0088g00390.7	Aqcoe3G279300.1.p, Aqcoe7G250900.1.p, Aqcoe7G250800.1.p, Aqcoe7G244800.3.p, Aqcoe7G244800.2.p, Aqcoe7G244800.1.p, Aqcoe6G234600.2.p, Aqcoe6G234600.4.p, Aqcoe6G234600.3.p, Aqcoe6G234600.1.p
OG0002900	VIT_203s0063g01780.3, VIT_203s0063g01780.2, VIT_203s0063g01780.1, VIT_207s0255g00100.1, VIT_207s0255g00100.2	Aqcoe5G205400.1.p, Aqcoe6G103000.2.p, Aqcoe6G103000.1.p
OG0002901	VIT_204s0044g00170.2, VIT_204s0044g00170.1	Aqcoe6G174100.1.p, Aqcoe6G174100.2.p, Aqcoe6G174100.6.p, Aqcoe6G174100.5.p, Aqcoe6G174100.4.p, Aqcoe6G174100.3.p
OG0002903	VIT_218s0001g10130.1	Aqcoe6G133900.1.p
OG0002903	VIT_202s0241g00170.1, VIT_202s0241g00170.6, VIT_202s0241g00170.2, VIT_202s0241g00170.5, VIT_202s0241g00170.3, VIT_202s0241g00170.4	Aqcoe3G208400.1.p, Aqcoe4G291200.1.p
OG0002904	VIT_203s0038g00280.1	Aqcoe5G181900.2.p, Aqcoe5G181900.1.p
OG0002904	VIT_218s0001g13380.2, VIT_204s0023g02450.1, VIT_218s0001g13400.1	Aqcoe6G258100.1.p
OG0002905	VIT_218s0001g10680.2, VIT_218s0001g10680.3, VIT_218s0001g10680.4, VIT_218s0001g10680.1	Aqcoe6G144200.3.p, Aqcoe6G144200.2.p, Aqcoe6G144200.1.p
OG0002906	VIT_204s0023g02590.1, VIT_204s0023g02590.2	Aqcoe6G129500.1.p
OG0002906	VIT_200s2478g00020.1, VIT_201s0011g01450.1	Aqcoe3G435000.1.p
OG0002907	VIT_218s0001g03160.2, VIT_218s0001g03160.1, VIT_218s0001g03160.4, VIT_218s0001g03160.3	Aqcoe3G257400.1.p, Aqcoe6G019300.1.p
OG0002908	VIT_218s0122g00660.2, VIT_218s0122g00660.1, VIT_218s0122g00660.4, VIT_218s0122g00660.5, VIT_218s0122g00660.3	Aqcoe6G321400.3.p, Aqcoe6G321400.4.p, Aqcoe6G321400.1.p, Aqcoe6G321400.2.p, Aqcoe6G321500.2.p, Aqcoe6G321500.1.p
OG0002909	VIT_218s0001g11700.1, VIT_218s0001g11700.2, VIT_218s0001g11700.3	Aqcoe5G203600.1.p, Aqcoe6G104500.2.p, Aqcoe6G104500.1.p
OG0002910	VIT_204s0023g02150.2, VIT_204s0023g02150.1	Aqcoe4G204200.1.p, Aqcoe4G204400.1.p, Aqcoe6G125000.2.p, Aqcoe6G125000.1.p, Aqcoe6G125000.3.p, Aqcoe4G270800.1.p, Aqcoe4G272000.1.p, Aqcoe4G272200.1.p, Aqcoe4G272100.1.p, Aqcoe4G272300.1.p
OG0002911	VIT_200s0641g00010.1, VIT_200s0848g00010.1, VIT_200s0646g00030.1	Aqcoe6G083500.3.p, Aqcoe6G083500.4.p, Aqcoe6G083500.1.p, Aqcoe6G083500.2.p, Aqcoe6G083600.1.p, Aqcoe6G083600.2.p
OG0002912	VIT_219s0015g01430.1	Aqcoe1G311800.1.p
OG0002912	VIT_218s0001g02680.1, VIT_218s0001g02680.2	Aqcoe6G023800.1.p
OG0002913	VIT_207s0031g02640.4, VIT_207s0031g02640.2, VIT_207s0031g02640.3, VIT_207s0031g02640.1	Aqcoe5G258700.1.p, Aqcoe5G258700.2.p, Aqcoe5G258700.4.p, Aqcoe5G258700.3.p, Aqcoe6G025400.1.p
OG0002914	VIT_204s0023g03870.1, VIT_218s0001g14680.1, VIT_218s0001g14680.2, VIT_218s0001g14680.3	Aqcoe6G221100.1.p, Aqcoe6G221100.2.p
OG0002915	VIT_207s0031g01210.1, VIT_218s0001g04770.2, VIT_218s0001g04770.6, VIT_218s0001g04770.5, VIT_218s0001g04770.3, VIT_218s0001g04770.1, VIT_218s0001g04770.4	Aqcoe6G057500.2.p, Aqcoe6G057500.3.p, Aqcoe6G057500.1.p
OG0002916	VIT_204s0023g03830.1, VIT_203s0038g02340.1	Aqcoe6G222300.2.p, Aqcoe6G222300.1.p
OG0002917	VIT_200s0494g00010.1, VIT_218s0001g08650.1	Aqcoe6G259800.2.p, Aqcoe6G259800.1.p, Aqcoe5G457000.1.p
OG0002918	VIT_213s0064g01230.4, VIT_213s0064g01230.1, VIT_213s0064g01230.2, VIT_213s0064g01230.3, VIT_213s0064g01230.5, VIT_213s0064g01230.6	Aqcoe5G380600.5.p, Aqcoe5G380600.6.p, Aqcoe5G380600.1.p, Aqcoe5G380600.8.p, Aqcoe5G380600.9.p, Aqcoe5G380600.2.p, Aqcoe5G380600.3.p, Aqcoe5G380600.4.p, Aqcoe5G380600.7.p, Aqcoe6G051000.1.p
OG0002919	VIT_218s0166g00090.1	Aqcoe6G041600.1.p
OG0002920	VIT_205s0094g00860.1, VIT_205s0094g00860.2	Aqcoe4G311800.3.p, Aqcoe4G311800.4.p, Aqcoe4G311800.1.p, Aqcoe4G311800.2.p, Aqcoe6G165700.1.p
OG0002921	VIT_212s0059g02630.1, VIT_212s0059g02630.2	Aqcoe5G411200.1.p, Aqcoe6G112400.1.p, Aqcoe6G112400.3.p, Aqcoe6G112400.2.p
OG0002922	VIT_204s0008g00950.1, VIT_204s0008g00950.3, VIT_204s0008g00950.4, VIT_204s0008g00950.2, VIT_204s0008g00960.2, VIT_204s0008g00960.1	Aqcoe6G186000.1.p
OG0002923	VIT_218s0041g00680.1, VIT_212s0035g00280.1	Aqcoe6G006600.1.p
OG0002924	VIT_200s0541g00020.1, VIT_218s0001g08710.1	Aqcoe6G266700.1.p
OG0002925	VIT_207s0031g00460.1, VIT_207s0031g00460.2, VIT_207s0031g00460.3	Aqcoe6G137400.2.p, Aqcoe6G137400.1.p, Aqcoe3G196200.3.p, Aqcoe3G196200.4.p, Aqcoe3G196200.2.p, Aqcoe3G196200.1.p
OG0002926	VIT_204s0044g02020.2, VIT_204s0044g02020.1	Aqcoe6G328500.3.p, Aqcoe6G328500.2.p, Aqcoe6G328500.1.p
OG0002927	VIT_203s0063g00630.1, VIT_207s0031g00780.1	Aqcoe6G144700.1.p, Aqcoe6G144700.4.p, Aqcoe6G144700.3.p, Aqcoe6G144700.5.p, Aqcoe6G144700.2.p, Aqcoe1G388500.1.p, Aqcoe4G139800.1.p, Aqcoe5G154800.1.p, Aqcoe5G154700.1.p, Aqcoe5G154600.1.p
OG0002928	VIT_219s0014g00260.1, VIT_219s0014g00260.2, VIT_210s0003g02200.1, VIT_210s0003g02200.2	Aqcoe4G021100.1.p
OG0002928	VIT_206s0004g07170.1, VIT_206s0004g07170.2	Aqcoe1G151500.1.p, Aqcoe1G151500.2.p
OG0002929	VIT_216s0098g01270.1, VIT_206s0009g01880.4, VIT_206s0009g01880.5, VIT_206s0009g01880.6, VIT_206s0009g01880.3, VIT_206s0009g01880.2, VIT_206s0009g01880.1	Aqcoe1G154500.1.p, Aqcoe4G096000.2.p, Aqcoe4G096000.1.p, Aqcoe4G096000.3.p
OG0002930	VIT_213s0047g01140.3, VIT_213s0047g01140.6, VIT_213s0047g01140.7, VIT_213s0047g01140.4, VIT_213s0047g01140.5, VIT_213s0047g01140.1, VIT_213s0047g01140.2	Aqcoe4G304000.2.p, Aqcoe4G304000.1.p, Aqcoe4G304200.1.p
OG0002931	VIT_219s0014g03710.1	Aqcoe4G260100.1.p
OG0002931	VIT_211s0016g03770.1, VIT_209s0002g04280.1	Aqcoe7G173100.1.p
OG0002932	VIT_212s0059g01800.1, VIT_212s0059g01800.2	Aqcoe4G149300.1.p, Aqcoe4G149300.2.p, Aqcoe4G149300.3.p, Aqcoe1G320700.1.p
OG0002933	VIT_219s0090g00850.3, VIT_219s0090g00850.2, VIT_219s0090g00850.12, VIT_219s0090g00850.10, VIT_219s0090g00850.5, VIT_219s0090g00850.11, VIT_219s0090g00850.15, VIT_219s0090g00850.14, VIT_219s0090g00850.1, VIT_219s0090g00850.4, VIT_219s0090g00850.6, VIT_219s0090g00850.8, VIT_219s0090g00850.13, VIT_219s0090g00850.9, VIT_219s0090g00850.7	Aqcoe4G210700.4.p, Aqcoe4G210700.3.p, Aqcoe4G210700.2.p, Aqcoe4G210700.1.p
OG0002934	VIT_216s0013g01950.2, VIT_216s0013g01950.1	Aqcoe7G090800.1.p, Aqcoe7G090900.1.p, Aqcoe7G091300.1.p, Aqcoe7G091000.1.p, Aqcoe7G091200.2.p, Aqcoe4G183100.1.p, Aqcoe7G091200.1.p, Aqcoe7G091100.2.p, Aqcoe7G091100.1.p, Aqcoe4G220000.1.p, Aqcoe7G090700.1.p, Aqcoe7G090600.1.p, Aqcoe7G090500.1.p
OG0002935	VIT_200s1356g00010.1, VIT_219s0014g05000.1, VIT_219s0014g05000.2	Aqcoe1G369200.4.p, Aqcoe1G369200.1.p, Aqcoe1G369200.2.p, Aqcoe1G369200.3.p, Aqcoe4G252300.1.p
OG0002936	VIT_214s0171g00450.1, VIT_201s0010g02420.3, VIT_201s0010g02420.1, VIT_201s0010g02420.2	Aqcoe5G374900.1.p, Aqcoe5G374900.2.p, Aqcoe5G374900.6.p, Aqcoe5G374900.3.p, Aqcoe5G374900.7.p, Aqcoe5G374900.4.p, Aqcoe5G374900.5.p, Aqcoe4G205300.1.p
OG0002937	VIT_210s0116g00960.2, VIT_210s0116g00960.3, VIT_210s0116g00960.1	Aqcoe1G300400.1.p, Aqcoe4G202800.1.p
OG0002938	VIT_219s0015g00740.1	Aqcoe4G304900.1.p
OG0002939	VIT_212s0028g03050.1, VIT_210s0003g00350.2, VIT_210s0003g00350.1, VIT_210s0003g00350.5, VIT_210s0003g00350.4, VIT_210s0003g00350.3	Aqcoe1G251800.2.p, Aqcoe1G251800.1.p, Aqcoe4G076900.1.p
OG0002940	VIT_209s0002g02560.1, VIT_204s0008g00790.2, VIT_204s0008g00790.1	Aqcoe7G137700.1.p, Aqcoe7G137700.2.p, Aqcoe7G137700.3.p
OG0002941	VIT_211s0016g00530.1, VIT_211s0016g00530.2, VIT_211s0016g00530.3	Aqcoe7G008800.6.p, Aqcoe7G008800.2.p, Aqcoe3G229900.1.p, Aqcoe7G008800.1.p, Aqcoe7G008800.4.p, Aqcoe7G008800.3.p, Aqcoe7G008800.5.p
OG0002942	VIT_211s0118g00785.1, VIT_204s0008g06140.1, VIT_204s0008g06150.1	Aqcoe7G370600.1.p
OG0002943	VIT_202s0025g01030.1, VIT_215s0046g01430.2, VIT_215s0046g01430.1	Aqcoe7G021700.1.p
OG0002944	VIT_217s0000g00190.1	Aqcoe1G359200.1.p, Aqcoe7G333300.2.p, Aqcoe7G333300.1.p, Aqcoe7G333300.3.p
OG0002945	VIT_210s0003g04540.1, VIT_210s0003g04540.3, VIT_210s0003g04540.2	Aqcoe7G370400.1.p, Aqcoe0575s0001.1.p
OG0002945	VIT_210s0003g04550.1	Aqcoe1G184800.1.p
OG0002946	VIT_215s0046g01530.1, VIT_202s0025g00840.1	Aqcoe7G023600.2.p, Aqcoe7G023600.1.p
OG0002947	VIT_211s0016g05190.1, VIT_204s0008g05300.1	Aqcoe7G269700.1.p, Aqcoe7G389800.1.p
OG0002948	VIT_209s0002g02690.1, VIT_209s0002g02690.3, VIT_209s0002g02690.4, VIT_209s0002g02690.2, VIT_204s0008g00650.3, VIT_204s0008g00650.1, VIT_204s0008g00650.2	Aqcoe7G417100.1.p
OG0002949	VIT_201s0026g01230.1	Aqcoe3G316400.2.p, Aqcoe3G316400.1.p, Aqcoe3G316400.3.p
OG0002949	VIT_209s0018g01920.1	Aqcoe7G256200.1.p
OG0002950	VIT_206s0004g00860.1	Aqcoe1G050100.1.p
OG0002951	VIT_204s0008g06070.3, VIT_204s0008g06070.2, VIT_204s0008g06070.1	Aqcoe7G350100.1.p, Aqcoe7G350100.2.p
OG0002952	VIT_215s0048g02070.1	Aqcoe7G042700.1.p, Aqcoe7G042700.2.p, Aqcoe1G382200.1.p
OG0002953	VIT_211s0016g01790.4, VIT_211s0016g01790.7, VIT_211s0016g01790.6, VIT_211s0016g01790.5, VIT_211s0016g01790.3, VIT_211s0016g01790.2, VIT_211s0016g01790.1	Aqcoe7G122300.1.p
OG0002954	VIT_215s0046g00470.2, VIT_215s0046g00470.10, VIT_215s0046g00470.6, VIT_215s0046g00470.5, VIT_215s0046g00470.1, VIT_202s0025g01570.2, VIT_202s0025g01570.1	Aqcoe7G010100.1.p
OG0002955	VIT_202s0025g01410.2, VIT_202s0025g01410.1	Aqcoe7G012300.2.p, Aqcoe7G012300.1.p, Aqcoe7G012300.3.p, Aqcoe5G458500.1.p, Aqcoe5G458500.2.p
OG0002956	VIT_215s0024g00620.2, VIT_215s0024g00620.1	Aqcoe7G252900.1.p
OG0002957	VIT_202s0025g00830.1, VIT_215s0046g01540.4, VIT_215s0046g01540.2, VIT_215s0046g01540.1, VIT_215s0046g01540.5, VIT_215s0046g01540.3	Aqcoe7G023500.1.p
OG0002958	VIT_204s0008g06080.2, VIT_204s0008g06080.5, VIT_204s0008g06080.3, VIT_210s0092g00160.1, VIT_204s0008g06080.8, VIT_204s0008g06080.9, VIT_204s0008g06080.11, VIT_204s0008g06080.10, VIT_204s0008g06080.7, VIT_204s0008g06080.4, VIT_204s0008g06080.6, VIT_204s0008g06080.1	Aqcoe7G369400.1.p
OG0002959	VIT_215s0048g01400.1, VIT_216s0022g02230.1, VIT_216s0022g02230.2, VIT_216s0022g02230.3	Aqcoe7G055900.1.p
OG0002960	VIT_202s0025g03290.1, VIT_216s0050g00790.1, VIT_216s0050g00790.2	Aqcoe7G029500.2.p, Aqcoe7G029500.1.p
OG0002961	VIT_202s0033g01150.5, VIT_202s0033g01150.1, VIT_202s0033g01150.3, VIT_202s0033g01150.2, VIT_202s0033g01150.4	Aqcoe7G440200.2.p, Aqcoe7G440200.1.p
OG0002962	VIT_211s0016g03560.1, VIT_209s0002g04120.2, VIT_209s0002g04120.1	Aqcoe3G206600.1.p, Aqcoe7G166200.1.p
OG0002963	VIT_209s0018g01870.1, VIT_218s0001g09890.1, VIT_203s0180g00130.1	Aqcoe7G333200.1.p
OG0002964	VIT_209s0002g05930.1, VIT_204s0008g05010.2, VIT_204s0008g05010.1	Aqcoe7G212100.1.p
OG0002965	VIT_211s0016g00510.1, VIT_216s0013g00160.1, VIT_216s0013g00140.1, VIT_216s0013g00180.1, VIT_216s0013g00190.1	Aqcoe7G106100.1.p
OG0002966	VIT_213s0019g03240.3, VIT_213s0019g03240.4, VIT_213s0019g03240.1, VIT_213s0019g03240.2	Aqcoe1G089500.6.p, Aqcoe1G089500.1.p, Aqcoe1G089500.2.p, Aqcoe1G089500.3.p, Aqcoe1G089500.4.p, Aqcoe1G089500.5.p, Aqcoe7G134600.1.p
OG0002967	VIT_211s0103g00760.3, VIT_211s0103g00760.1, VIT_211s0103g00760.2	Aqcoe7G297600.1.p, Aqcoe7G297600.3.p, Aqcoe7G297600.2.p
OG0002968	VIT_212s0035g00030.2, VIT_212s0035g00030.3, VIT_212s0035g00190.7, VIT_212s0035g00190.8, VIT_212s0035g00190.9, VIT_212s0035g00030.1, VIT_212s0035g00190.4, VIT_212s0035g00190.6, VIT_212s0035g00190.1, VIT_212s0035g00190.5, VIT_212s0035g00190.2, VIT_212s0035g00190.3	Aqcoe7G122700.2.p, Aqcoe7G122700.1.p
OG0002969	VIT_209s0002g08560.1	Aqcoe7G282700.1.p
OG0002969	VIT_211s0118g00590.1	Aqcoe7G373800.1.p
OG0002970	VIT_216s0039g00250.9, VIT_216s0039g00250.6, VIT_216s0039g00250.3, VIT_216s0039g00250.1, VIT_216s0039g00250.2, VIT_216s0039g00250.7, VIT_216s0039g00250.10, VIT_216s0039g00250.5, VIT_216s0039g00250.8, VIT_216s0039g00250.4	Aqcoe3G442900.2.p, Aqcoe3G442900.1.p, Aqcoe7G234800.1.p
OG0002971	VIT_206s0004g06030.1	Aqcoe7G027100.2.p, Aqcoe7G027100.1.p
OG0002972	VIT_215s0021g01340.1, VIT_215s0021g01340.2, VIT_215s0021g01340.3, VIT_215s0021g01340.6, VIT_215s0021g01340.4	Aqcoe7G094600.1.p, Aqcoe7G094600.3.p, Aqcoe3G261700.2.p, Aqcoe3G261700.1.p
OG0002975	VIT_206s0004g01130.1, VIT_206s0004g01130.2	Aqcoe3G183600.3.p, Aqcoe3G183600.2.p, Aqcoe3G183600.1.p
OG0002975	VIT_208s0007g06740.4, VIT_208s0007g06740.3, VIT_208s0007g06740.1, VIT_208s0007g06740.2	Aqcoe1G015700.3.p, Aqcoe1G015700.2.p, Aqcoe1G015700.4.p, Aqcoe1G015700.1.p, Aqcoe1G015700.6.p, Aqcoe1G015700.5.p
OG0002976	VIT_206s0004g06300.2, VIT_206s0004g06300.5, VIT_206s0004g06300.4, VIT_206s0004g06300.1, VIT_206s0004g06300.3	Aqcoe5G134500.1.p, Aqcoe5G134500.4.p, Aqcoe5G134500.3.p, Aqcoe1G428000.2.p, Aqcoe1G428000.1.p, Aqcoe5G134500.7.p, Aqcoe5G134500.6.p, Aqcoe5G134500.2.p, Aqcoe5G134500.5.p
OG0002977	VIT_207s0095g00710.4, VIT_207s0095g00710.3, VIT_207s0095g00710.9, VIT_207s0104g00820.6, VIT_207s0095g00710.8, VIT_207s0095g00710.7, VIT_207s0095g00710.6, VIT_207s0095g00710.2, VIT_207s0095g00710.1, VIT_207s0104g00820.4, VIT_207s0104g00820.3, VIT_207s0104g00820.2, VIT_207s0104g00820.1, VIT_207s0095g00710.5, VIT_207s0104g00820.5	Aqcoe1G273800.1.p, Aqcoe5G161700.1.p
OG0002978	VIT_210s0003g01060.2, VIT_210s0003g01060.1	Aqcoe1G283900.1.p, Aqcoe1G283900.2.p
OG0002979	VIT_206s0004g06620.2, VIT_206s0004g06620.1, VIT_208s0105g00290.1, VIT_208s0105g00290.2, VIT_208s0105g00290.3	Aqcoe1G420500.5.p, Aqcoe1G420500.2.p, Aqcoe1G420500.4.p, Aqcoe1G420500.7.p, Aqcoe1G420500.6.p, Aqcoe1G420500.3.p, Aqcoe1G420500.1.p
OG0002980	VIT_219s0014g01570.1	Aqcoe1G285400.1.p
OG0002981	VIT_210s0003g02060.1	Aqcoe1G210100.1.p
OG0002982	VIT_201s0244g00090.1, VIT_214s0083g01210.1, VIT_214s0083g01195.1, VIT_214s0068g00010.1, VIT_208s0040g00010.1	Aqcoe1G500400.1.p
OG0002983	VIT_219s0138g00140.2, VIT_219s0138g00140.5, VIT_219s0138g00140.4, VIT_219s0138g00140.1, VIT_219s0138g00140.3	Aqcoe1G192300.1.p
OG0002984	VIT_207s0129g00590.4, VIT_207s0129g00590.1, VIT_207s0129g00590.3, VIT_207s0129g00590.2	Aqcoe5G108600.1.p, Aqcoe1G169200.1.p
OG0002985	VIT_213s0067g00700.2, VIT_213s0067g00700.4, VIT_213s0067g00700.1, VIT_213s0067g00700.3, VIT_213s0067g00700.6, VIT_213s0067g00700.5	Aqcoe1G422400.1.p
OG0002986	VIT_212s0059g01740.2, VIT_212s0059g01740.4, VIT_212s0059g01740.1, VIT_212s0059g01740.3	Aqcoe1G319700.4.p, Aqcoe1G319700.3.p, Aqcoe1G319700.2.p, Aqcoe1G319700.1.p
OG0002987	VIT_200s0445g00060.1	Aqcoe1G141200.1.p
OG0002988	VIT_208s0032g01020.1, VIT_206s0080g01240.1	Aqcoe1G075500.1.p, Aqcoe1G075500.2.p
OG0002989	VIT_213s0019g04390.1, VIT_213s0019g04390.2	Aqcoe1G142600.1.p, Aqcoe1G142600.2.p
OG0002990	VIT_208s0056g01670.1, VIT_208s0056g01670.2	Aqcoe1G063200.2.p
OG0002990	VIT_206s0009g01030.5, VIT_206s0009g01030.2, VIT_206s0009g01030.3, VIT_206s0009g01030.1, VIT_206s0009g01030.4	Aqcoe1G063200.1.p
OG0002991	VIT_204s0023g03460.1, VIT_215s0024g01990.1, VIT_213s0067g02880.1, VIT_206s0004g08080.1, VIT_208s0058g01270.1	Aqcoe1G404900.1.p
OG0002992	VIT_200s0862g00010.2, VIT_200s0862g00010.1, VIT_200s1211g00010.1, VIT_200s0920g00020.1	Aqcoe1G313200.1.p
OG0002993	VIT_219s0027g00740.1, VIT_210s0042g01070.2, VIT_210s0042g01070.1	Aqcoe1G168000.2.p, Aqcoe1G168000.1.p
OG0002994	VIT_201s0011g01890.2, VIT_201s0011g01890.4, VIT_201s0011g01890.1, VIT_201s0011g01890.3, VIT_201s0011g01900.3, VIT_201s0011g01900.4, VIT_201s0011g01900.1, VIT_201s0011g01900.2	Aqcoe1G166000.1.p
OG0002995	VIT_210s0116g00710.1, VIT_210s0116g00710.2, VIT_219s0177g00310.1	Aqcoe1G347300.1.p
OG0002996	VIT_218s0001g14130.1	Aqcoe1G376300.3.p, Aqcoe1G376300.2.p, Aqcoe1G376300.1.p
OG0002996	VIT_218s0001g02000.2, VIT_218s0001g02000.1, VIT_218s0001g03670.1	Aqcoe3G402900.2.p, Aqcoe3G402900.1.p, Aqcoe3G402900.3.p
OG0002997	VIT_213s0073g00690.1, VIT_206s0009g00230.1	Aqcoe1G076300.1.p
OG0002998	VIT_206s0009g00210.2, VIT_206s0009g00210.6, VIT_206s0009g00210.1, VIT_206s0009g00210.3, VIT_206s0009g00210.4, VIT_206s0009g00210.7, VIT_206s0009g00210.5	Aqcoe1G076200.1.p
OG0002999	VIT_208s0032g00720.4, VIT_208s0032g00720.3, VIT_208s0032g00720.2, VIT_208s0032g00720.1, VIT_208s0032g00720.5	Aqcoe1G071400.1.p
OG0003000	VIT_205s0020g01760.1, VIT_207s0104g01400.1	Aqcoe0204s0001.1.p, Aqcoe5G080900.1.p, Aqcoe5G081200.1.p, Aqcoe5G081500.1.p, Aqcoe5G081300.1.p
OG0003001	VIT_214s0171g00360.3, VIT_214s0171g00360.2, VIT_214s0171g00360.1	Aqcoe3G188900.1.p
OG0003001	VIT_217s0000g01825.1	Aqcoe5G372600.1.p
OG0003002	VIT_218s0001g10360.1, VIT_207s0031g00520.1	Aqcoe5G149200.1.p
OG0003003	VIT_218s0001g14040.1, VIT_218s0001g14040.2, VIT_204s0023g03260.3, VIT_204s0023g03260.2, VIT_204s0023g03260.1, VIT_204s0023g03260.4	Aqcoe5G207400.1.p, Aqcoe5G207400.2.p
OG0003004	VIT_207s0005g06150.9, VIT_207s0005g06150.4, VIT_207s0005g06150.10, VIT_207s0005g06150.7, VIT_207s0005g06150.3, VIT_207s0005g06150.1, VIT_207s0005g06150.6, VIT_207s0005g06150.8, VIT_207s0005g06150.5, VIT_207s0005g06150.2	Aqcoe5G007100.2.p, Aqcoe5G007100.8.p, Aqcoe5G007100.7.p, Aqcoe5G007100.6.p, Aqcoe5G007100.5.p, Aqcoe5G007100.3.p, Aqcoe5G007100.1.p, Aqcoe5G007100.4.p
OG0003005	VIT_200s0179g00150.1, VIT_200s0179g00150.2, VIT_200s0179g00150.3, VIT_200s0179g00150.4, VIT_200s0179g00150.6, VIT_200s0179g00150.5, VIT_205s0020g04090.1	Aqcoe5G047600.1.p
OG0003006	VIT_207s0130g00270.1	Aqcoe5G300700.3.p, Aqcoe5G300700.2.p, Aqcoe5G300700.1.p
OG0003007	VIT_218s0001g13080.7, VIT_218s0001g13080.5, VIT_218s0001g13080.4, VIT_218s0001g13080.6, VIT_218s0001g13080.3, VIT_218s0001g13080.1, VIT_218s0001g13080.2	Aqcoe5G186100.3.p, Aqcoe5G186100.1.p
OG0003008	VIT_204s0044g01110.1, VIT_204s0044g01130.1	Aqcoe5G241500.1.p
OG0003008	VIT_218s0001g15410.1	Aqcoe5G241400.1.p
OG0003009	VIT_203s0038g00290.1, VIT_203s0038g00290.2	Aqcoe5G181700.1.p
OG0003010	VIT_200s0179g00090.1, VIT_205s0020g04060.3, VIT_205s0020g04060.4, VIT_205s0020g04060.1, VIT_205s0020g04060.2	Aqcoe5G048100.2.p, Aqcoe5G048100.1.p
OG0003011	VIT_205s0062g01250.2, VIT_205s0062g01250.1	Aqcoe5G004000.1.p
OG0003012	VIT_203s0063g00650.1, VIT_203s0063g00650.3, VIT_203s0063g00650.2, VIT_218s0001g10730.1	Aqcoe5G155400.1.p
OG0003013	VIT_200s0291g00100.2, VIT_200s0291g00100.3, VIT_200s0291g00100.5, VIT_200s0291g00100.4, VIT_214s0066g00550.1, VIT_214s0066g00550.5, VIT_214s0066g00550.2, VIT_214s0066g00550.3, VIT_214s0066g00550.4, VIT_214s0066g00550.6, VIT_200s0291g00100.1	Aqcoe5G401800.1.p, Aqcoe5G401800.2.p
OG0003014	VIT_205s0062g00790.2, VIT_205s0062g00790.1	Aqcoe5G003200.1.p
OG0003014	VIT_201s0011g05950.1, VIT_201s0011g05950.2	Aqcoe3G415700.1.p
OG0003015	VIT_207s0005g00770.5, VIT_207s0005g00770.4, VIT_207s0005g00770.1, VIT_207s0005g00770.2, VIT_207s0005g00770.3	Aqcoe5G093100.2.p, Aqcoe5G093100.1.p
OG0003016	VIT_205s0020g04510.1, VIT_205s0020g04510.2, VIT_214s0030g02180.1, VIT_214s0030g02180.3, VIT_214s0030g02180.2	Aqcoe5G045000.1.p
OG0003017	VIT_208s0007g02790.3, VIT_208s0007g02790.2, VIT_208s0007g02790.1, VIT_206s0080g00930.1, VIT_206s0080g00930.2, VIT_206s0080g00930.3	Aqcoe5G320700.1.p
OG0003018	VIT_201s0137g00820.4, VIT_201s0137g00820.3, VIT_201s0137g00820.2, VIT_201s0137g00820.1	Aqcoe5G398600.4.p, Aqcoe5G398600.2.p, Aqcoe5G398600.1.p, Aqcoe5G398600.3.p
OG0003019	VIT_202s0025g01430.1, VIT_216s0098g00250.1	Aqcoe5G458800.2.p, Aqcoe5G458800.1.p
OG0003020	VIT_201s0127g00130.1	Aqcoe3G279700.1.p
OG0003020	VIT_214s0066g00900.3, VIT_214s0066g00900.4, VIT_214s0066g00900.2, VIT_214s0066g00900.1, VIT_217s0000g08720.3, VIT_217s0000g08720.2, VIT_217s0000g08720.1	Aqcoe3G279800.1.p
OG0003021	VIT_214s0108g01680.2, VIT_214s0108g01680.3, VIT_214s0108g01680.4, VIT_214s0108g01680.5, VIT_214s0108g01680.1	Aqcoe3G361600.3.p, Aqcoe3G361600.2.p, Aqcoe3G361600.1.p
OG0003022	VIT_201s0011g01270.1	Aqcoe3G013200.9.p, Aqcoe3G013200.3.p, Aqcoe3G013200.13.p, Aqcoe3G013200.12.p, Aqcoe3G013200.10.p, Aqcoe3G013200.8.p, Aqcoe3G013200.1.p, Aqcoe3G013200.4.p, Aqcoe3G013200.11.p, Aqcoe3G013200.2.p, Aqcoe3G013200.7.p, Aqcoe3G013200.6.p, Aqcoe3G013200.5.p, Aqcoe3G312400.1.p
OG0003023	VIT_216s0013g02000.4, VIT_216s0013g02000.3, VIT_216s0013g02000.5, VIT_216s0013g02000.7, VIT_216s0013g02000.10, VIT_216s0013g02000.9, VIT_216s0013g02000.11, VIT_216s0013g02000.8, VIT_216s0013g02000.6, VIT_216s0013g02000.1, VIT_216s0013g02000.2	Aqcoe3G396600.2.p, Aqcoe3G396600.1.p
OG0003024	VIT_203s0038g02040.3, VIT_203s0038g02040.2, VIT_203s0038g02040.1, VIT_206s0009g02870.1, VIT_203s0038g02020.1, VIT_203s0038g02010.1, VIT_203s0038g02030.1	Aqcoe3G226200.1.p
OG0003025	VIT_217s0000g07140.1, VIT_217s0000g07130.1, VIT_217s0000g08420.1, VIT_217s0000g08440.1	Aqcoe3G363500.1.p
OG0003026	VIT_203s0038g02860.1, VIT_202s0033g01310.1, VIT_202s0033g01315.1, VIT_202s0033g01320.1	Aqcoe3G184300.3.p, Aqcoe3G184300.1.p, Aqcoe3G184300.2.p, Aqcoe3G184300.4.p
OG0003027	VIT_214s0006g02900.1	Aqcoe3G036500.1.p, Aqcoe3G036500.2.p
OG0003028	VIT_217s0000g07490.1, VIT_214s0066g02260.2, VIT_214s0066g02260.3, VIT_214s0066g02260.4, VIT_214s0066g02260.1	Aqcoe3G314100.2.p, Aqcoe3G314100.1.p, Aqcoe3G102100.1.p, Aqcoe3G102200.1.p
OG0003029	VIT_201s0026g02190.2, VIT_201s0026g02190.1, VIT_217s0000g05990.1, VIT_217s0000g05990.2	Aqcoe3G334700.1.p, Aqcoe3G334700.2.p, Aqcoe3G083500.1.p
OG0003030	VIT_202s0012g02570.1	Aqcoe3G173800.1.p
OG0003031	VIT_217s0000g07720.2, VIT_217s0000g07720.1, VIT_217s0000g07720.4, VIT_217s0000g07720.3, VIT_214s0066g01890.1, VIT_214s0066g01890.6, VIT_214s0066g01890.4, VIT_214s0066g01890.2, VIT_214s0066g01890.3, VIT_214s0066g01890.5, VIT_214s0066g01890.8, VIT_214s0066g01890.7	Aqcoe3G104700.4.p, Aqcoe3G104700.1.p, Aqcoe3G104700.2.p, Aqcoe3G104700.3.p
OG0003032	VIT_208s0040g01650.1, VIT_213s0019g04550.1, VIT_206s0004g02530.1	Aqcoe3G243900.1.p
OG0003033	VIT_202s0012g00090.2, VIT_202s0012g00090.3, VIT_202s0012g00090.1, VIT_215s0021g01010.1, VIT_215s0021g01010.2, VIT_215s0021g01010.3	Aqcoe3G247400.1.p
OG0003034	VIT_217s0000g05150.4, VIT_217s0000g05150.1, VIT_217s0000g05150.2, VIT_217s0000g05150.3	Aqcoe3G368600.1.p
OG0003035	VIT_201s0127g00430.1, VIT_201s0127g00430.7, VIT_201s0127g00430.2, VIT_201s0127g00430.4, VIT_201s0127g00430.8, VIT_201s0127g00430.6, VIT_201s0127g00430.5, VIT_201s0127g00430.9, VIT_201s0127g00430.3	Aqcoe3G286700.1.p, Aqcoe3G286700.3.p, Aqcoe3G286700.2.p
OG0003036	VIT_201s0244g00060.3, VIT_201s0244g00060.4, VIT_201s0244g00060.1, VIT_201s0244g00060.2	Aqcoe3G206500.1.p
OG0003037	VIT_201s0127g00690.1, VIT_214s0066g01170.1, VIT_214s0066g01170.2, VIT_214s0066g01170.3, VIT_214s0066g01170.6, VIT_214s0066g01170.5, VIT_214s0066g01170.4	Aqcoe3G289800.1.p, Aqcoe3G289800.4.p, Aqcoe3G289800.3.p, Aqcoe3G289800.2.p
OG0003038	VIT_214s0006g01240.3, VIT_214s0006g01240.5, VIT_214s0006g01240.2, VIT_214s0006g01240.4, VIT_214s0006g01240.1	Aqcoe3G004400.1.p, Aqcoe3G004400.2.p
OG0003039	VIT_216s0039g00660.3, VIT_216s0039g00660.4, VIT_216s0039g00660.2, VIT_216s0039g00660.1	Aqcoe3G142400.3.p, Aqcoe3G142400.4.p, Aqcoe3G142400.1.p, Aqcoe3G142400.5.p, Aqcoe3G142400.2.p
OG0003067	VIT_211s0016g02990.1, VIT_211s0016g02990.2, VIT_211s0016g02990.4, VIT_211s0016g02990.3	Aqcoe2G243100.1.p, Aqcoe2G243100.2.p, Aqcoe2G208600.1.p, Aqcoe2G042500.2.p, Aqcoe2G042500.1.p
OG0003068	VIT_206s0061g01520.3, VIT_206s0061g01520.4, VIT_206s0061g01520.2, VIT_206s0061g01520.1, VIT_213s0074g00720.1, VIT_213s0074g00720.3, VIT_213s0074g00720.2	Aqcoe2G130400.2.p, Aqcoe2G130400.3.p, Aqcoe2G130400.1.p
OG0003069	VIT_201s0010g01310.3, VIT_201s0010g01310.2, VIT_201s0010g01310.5, VIT_201s0010g01310.4, VIT_201s0010g01310.1, VIT_201s0010g01290.1	Aqcoe2G390300.1.p, Aqcoe2G390500.1.p, Aqcoe2G390500.2.p, Aqcoe2G390500.3.p
OG0003070	VIT_213s0158g00140.1, VIT_213s0158g00140.3, VIT_213s0158g00140.4, VIT_213s0158g00140.2	Aqcoe2G438300.1.p
OG0003071	VIT_219s0014g00080.1, VIT_213s0067g01830.1, VIT_213s0067g01730.1	Aqcoe4G244700.1.p, Aqcoe2G070700.1.p
OG0003072	VIT_207s0005g03780.1, VIT_207s0005g03780.3, VIT_207s0005g03780.2	Aqcoe2G379700.1.p, Aqcoe2G379200.2.p, Aqcoe2G379200.1.p
OG0003073	VIT_206s0004g02110.1, VIT_213s0064g00960.1	Aqcoe2G014200.1.p
OG0003074	VIT_204s0008g01760.5, VIT_204s0008g01760.4, VIT_204s0008g01760.2, VIT_204s0008g01760.3, VIT_204s0008g01760.1	Aqcoe3G201300.1.p, Aqcoe2G010200.1.p, Aqcoe3G201300.2.p, Aqcoe2G010200.2.p, Aqcoe3G173500.1.p, Aqcoe3G201300.3.p
OG0003075	VIT_211s0037g00580.1, VIT_211s0037g00590.1, VIT_211s0037g00570.1, VIT_211s0103g00200.1	Aqcoe2G019200.1.p, Aqcoe2G019500.1.p, Aqcoe2G019800.1.p, Aqcoe2G018700.1.p, Aqcoe2G392400.1.p, Aqcoe2G392000.1.p, Aqcoe2G392300.1.p, Aqcoe4G039900.1.p, Aqcoe4G054600.1.p, Aqcoe0084s0003.1.p, Aqcoe4G056700.1.p
OG0003076	VIT_207s0005g02380.1	Aqcoe2G035400.1.p
OG0003077	VIT_219s0090g01510.1	Aqcoe2G218700.1.p, Aqcoe2G218200.1.p, Aqcoe2G218100.1.p
OG0003078	VIT_218s0001g12500.4, VIT_218s0001g12500.2, VIT_218s0001g12500.7, VIT_218s0001g12500.6, VIT_218s0001g12500.3, VIT_218s0001g12500.5, VIT_218s0001g12500.1	Aqcoe6G119600.1.p
OG0003079	VIT_207s0104g00390.4, VIT_207s0104g00390.6, VIT_207s0104g00390.3, VIT_207s0104g00390.1, VIT_205s0020g02570.1	Aqcoe2G328300.1.p
OG0003080	VIT_208s0007g04510.5, VIT_208s0007g04510.3, VIT_208s0007g04510.4, VIT_208s0007g04510.1, VIT_208s0007g04510.2, VIT_213s0019g05400.4, VIT_213s0019g05400.3, VIT_213s0019g05400.2, VIT_213s0019g05400.1	Aqcoe1G122400.1.p
OG0003081	VIT_206s0080g01080.4	Aqcoe1G434500.1.p
OG0003081	VIT_208s0007g02580.3, VIT_206s0080g01080.2, VIT_208s0007g02580.1, VIT_208s0007g02580.2	Aqcoe2G112800.1.p
OG0003082	VIT_216s0098g01190.2	Aqcoe5G469000.1.p, Aqcoe4G230600.1.p, Aqcoe7G222500.1.p
OG0003082	VIT_208s0007g03030.1	Aqcoe2G120000.1.p
OG0003083	VIT_210s0042g00220.1, VIT_210s0042g00440.1, VIT_210s0042g01390.1	Aqcoe2G360800.2.p, Aqcoe2G360800.3.p, Aqcoe2G360800.1.p
OG0003083	VIT_201s0010g01570.1	Aqcoe5G231100.1.p
OG0003083	VIT_204s0069g00930.2, VIT_204s0069g00930.1, VIT_204s0069g00930.3	Aqcoe2G250800.1.p
OG0003084	VIT_216s0039g00690.2, VIT_216s0039g00690.1	Aqcoe2G098600.1.p, Aqcoe6G177800.1.p
OG0003085	VIT_205s0165g00304.1, VIT_205s0029g00575.1, VIT_215s0021g00720.1, VIT_203s0038g03100.5, VIT_203s0038g03100.4, VIT_203s0038g03100.9, VIT_203s0038g03100.8, VIT_203s0038g03100.7, VIT_203s0038g03100.6, VIT_203s0038g03100.3, VIT_203s0038g03100.2, VIT_203s0038g03100.1	Aqcoe2G429000.1.p
OG0003086	VIT_218s0001g04420.1, VIT_218s0001g04420.2, VIT_218s0001g04420.3	Aqcoe2G052300.2.p, Aqcoe2G052300.1.p
OG0003087	VIT_206s0061g01170.1, VIT_206s0061g01170.2	Aqcoe2G185400.1.p
OG0003088	VIT_205s0029g00060.2, VIT_205s0029g00060.1, VIT_200s0475g00030.3, VIT_200s0475g00030.4, VIT_200s0475g00030.2, VIT_200s0475g00030.1	Aqcoe2G398700.1.p
OG0003089	VIT_200s0225g00120.1	Aqcoe5G403700.1.p
OG0003089	VIT_214s0066g00600.1	Aqcoe3G145600.1.p, Aqcoe2G109100.1.p
OG0003090	VIT_205s0020g02710.3, VIT_205s0020g02710.2, VIT_205s0020g02710.1	Aqcoe2G332900.3.p, Aqcoe2G332900.6.p, Aqcoe2G332900.1.p, Aqcoe2G332900.7.p, Aqcoe2G332900.5.p, Aqcoe2G332900.2.p, Aqcoe2G332900.4.p
OG0003091	VIT_205s0020g02310.1	Aqcoe2G322600.2.p, Aqcoe2G322600.1.p
OG0003092	VIT_206s0080g00860.1, VIT_208s0007g02870.1, VIT_208s0007g02870.6, VIT_208s0007g02870.7, VIT_208s0007g02870.8, VIT_208s0007g02870.5, VIT_208s0007g02870.4, VIT_208s0007g02870.2, VIT_208s0007g02870.3	Aqcoe2G116100.1.p, Aqcoe2G116100.2.p, Aqcoe1G438300.1.p
OG0003093	VIT_205s0077g01280.1, VIT_207s0005g01300.2, VIT_207s0005g01300.1	Aqcoe2G277200.1.p
OG0003094	VIT_207s0005g06480.3, VIT_207s0005g06480.4, VIT_207s0005g06480.1, VIT_207s0005g06480.2, VIT_207s0005g06480.5, VIT_207s0005g06480.6, VIT_207s0005g06480.8, VIT_207s0005g06480.7, VIT_207s0005g06480.11, VIT_207s0005g06480.9, VIT_207s0005g06480.12, VIT_207s0005g06480.10	Aqcoe2G311600.3.p, Aqcoe2G311600.2.p, Aqcoe5G007300.1.p, Aqcoe5G007400.1.p, Aqcoe2G311600.1.p, Aqcoe2G311600.4.p, Aqcoe5G007500.1.p
OG0003095	VIT_205s0077g02200.1	Aqcoe2G436200.2.p, Aqcoe2G436200.1.p
OG0003096	VIT_206s0004g07880.1	Aqcoe1G400100.1.p
OG0003096	VIT_205s0020g04050.1	Aqcoe5G048200.1.p
OG0003097	VIT_206s0009g03750.6, VIT_206s0009g03750.5, VIT_206s0009g03750.2, VIT_206s0009g03750.4, VIT_206s0009g03750.3, VIT_206s0009g03750.1	Aqcoe2G033500.1.p, Aqcoe2G328500.1.p, Aqcoe2G033500.3.p, Aqcoe2G033500.2.p
OG0003098	VIT_207s0005g03330.2, VIT_207s0005g03330.4, VIT_207s0005g03330.3, VIT_207s0005g03330.5, VIT_207s0005g03330.6, VIT_207s0005g03330.1	Aqcoe2G372800.1.p
OG0003099	VIT_205s0020g01220.1	Aqcoe2G295800.1.p
OG0003100	VIT_208s0040g00990.2, VIT_208s0040g00990.4, VIT_208s0040g00990.1, VIT_208s0040g00990.3	Aqcoe1G049000.3.p, Aqcoe1G049000.2.p, Aqcoe1G049000.1.p, Aqcoe1G049000.4.p, Aqcoe2G055400.1.p
OG0003101	VIT_207s0005g05600.1	Aqcoe2G389800.1.p, Aqcoe2G389800.2.p
OG0003102	VIT_200s0174g00290.7, VIT_200s0174g00290.13, VIT_200s0174g00290.11, VIT_200s0174g00290.12, VIT_200s0174g00290.6, VIT_200s0174g00290.15, VIT_200s0174g00290.14, VIT_200s0174g00290.2, VIT_200s0174g00290.4, VIT_200s0174g00290.5, VIT_200s0174g00290.9, VIT_200s0174g00290.1, VIT_200s0174g00290.3, VIT_200s0174g00290.10, VIT_200s0174g00290.8	Aqcoe2G433600.2.p, Aqcoe2G433600.3.p, Aqcoe2G433600.1.p
OG0003103	VIT_214s0030g01580.1	Aqcoe5G055300.1.p
OG0003104	VIT_205s0094g00920.1	Aqcoe2G437300.1.p
OG0003105	VIT_207s0005g01290.3, VIT_207s0005g01290.2, VIT_207s0005g01290.1	Aqcoe2G277400.1.p
OG0003106	VIT_207s0104g01640.1	Aqcoe5G076500.1.p
OG0003107	VIT_207s0005g03070.2, VIT_207s0005g03070.3, VIT_207s0005g03070.1, VIT_207s0005g03070.5, VIT_207s0005g03070.4, VIT_207s0005g03070.7, VIT_207s0005g03070.6	Aqcoe2G371400.1.p
OG0003108	VIT_200s0225g00100.1, VIT_217s0000g09090.1	Aqcoe2G051500.1.p, Aqcoe5G402700.1.p
OG0003109	VIT_216s0022g00370.1, VIT_210s0092g00200.1	Aqcoe0038s0002.10.p, Aqcoe0038s0002.1.p, Aqcoe0038s0002.7.p, Aqcoe0038s0002.11.p, Aqcoe0038s0002.4.p, Aqcoe6G033900.1.p, Aqcoe6G033900.2.p, Aqcoe0038s0002.5.p, Aqcoe0038s0002.9.p, Aqcoe0038s0002.2.p, Aqcoe0038s0002.6.p, Aqcoe0038s0002.8.p, Aqcoe0038s0002.3.p, Aqcoe0038s0002.12.p
OG0003110	VIT_218s0001g12520.1, VIT_218s0001g12520.2, VIT_210s0003g05510.1, VIT_203s0063g02600.1, VIT_203s0063g02600.2, VIT_203s0063g02600.3	Aqcoe6G120200.2.p, Aqcoe6G120200.1.p
OG0003111	VIT_218s0001g02340.1, VIT_218s0001g02340.2	Aqcoe6G026200.1.p
OG0003112	VIT_203s0038g03620.3, VIT_203s0038g03620.4, VIT_203s0038g03620.2, VIT_203s0038g03620.1	Aqcoe6G231500.2.p, Aqcoe6G231500.1.p
OG0003113	VIT_213s0158g00150.1	Aqcoe1G036200.1.p
OG0003113	VIT_218s0001g07150.1	Aqcoe6G156900.1.p
OG0003114	VIT_218s0001g09470.2, VIT_218s0001g09470.1, VIT_207s0129g00600.1, VIT_207s0129g00600.2	Aqcoe6G297700.1.p
OG0003115	VIT_203s0038g00330.1	Aqcoe5G167900.2.p, Aqcoe5G167900.1.p, Aqcoe5G167900.3.p, Aqcoe5G167900.4.p, Aqcoe6G093300.3.p, Aqcoe6G093300.4.p, Aqcoe6G093300.1.p, Aqcoe6G093300.2.p, Aqcoe6G093300.5.p
OG0003116	VIT_218s0075g00150.1, VIT_218s0075g00150.2, VIT_201s0113g00490.1	Aqcoe6G016100.1.p, Aqcoe6G016100.3.p, Aqcoe6G016100.2.p
OG0003117	VIT_210s0003g00630.2, VIT_210s0003g00630.1	Aqcoe6G187500.8.p, Aqcoe6G187500.6.p, Aqcoe4G069000.6.p, Aqcoe6G187500.4.p, Aqcoe4G069000.2.p, Aqcoe4G069000.5.p, Aqcoe6G187500.5.p, Aqcoe6G187500.7.p, Aqcoe6G187500.2.p, Aqcoe4G069000.4.p, Aqcoe6G187500.3.p, Aqcoe4G069000.1.p, Aqcoe4G069000.3.p, Aqcoe6G187500.1.p
OG0003118	VIT_200s0199g00080.1, VIT_218s0001g07290.1, VIT_218s0001g07290.3, VIT_218s0001g07290.2	Aqcoe6G155400.2.p, Aqcoe6G155400.1.p, Aqcoe5G162200.1.p
OG0003119	VIT_204s0044g01370.1, VIT_218s0001g15270.2, VIT_218s0001g15270.4, VIT_218s0001g15270.1, VIT_218s0001g15270.3, VIT_218s0001g15270.5	Aqcoe6G038000.2.p, Aqcoe6G038000.1.p
OG0003120	VIT_201s0011g00680.1, VIT_217s0000g06980.1	Aqcoe6G316000.1.p, Aqcoe3G060400.1.p, Aqcoe3G361300.2.p, Aqcoe3G361300.1.p
OG0003121	VIT_218s0001g03790.1, VIT_218s0001g03790.2, VIT_218s0001g03790.3	Aqcoe5G279500.1.p, Aqcoe6G016400.1.p
OG0003122	VIT_206s0004g02180.1	Aqcoe6G013400.2.p
OG0003122	VIT_218s0072g00940.3, VIT_218s0072g00940.1, VIT_218s0072g00940.2, VIT_218s0072g00940.4, VIT_218s0072g00940.5	Aqcoe6G013400.1.p
OG0003123	VIT_203s0180g00080.4, VIT_203s0180g00080.5, VIT_203s0180g00080.6, VIT_203s0180g00080.7, VIT_203s0180g00080.2, VIT_203s0180g00080.3, VIT_203s0180g00080.1	Aqcoe0184s0001.1.p, Aqcoe6G309700.1.p, Aqcoe5G141800.1.p, Aqcoe5G141800.2.p
OG0003124	VIT_207s0031g00690.1, VIT_203s0063g00380.1, VIT_203s0063g00380.2, VIT_218s0001g10500.1, VIT_218s0001g10500.2	Aqcoe5G152200.4.p, Aqcoe5G152200.5.p, Aqcoe5G152200.3.p, Aqcoe5G152200.2.p, Aqcoe5G152200.1.p, Aqcoe6G141100.1.p
OG0003125	VIT_204s0043g00130.1	Aqcoe6G225000.2.p
OG0003125	VIT_211s0016g01200.1	Aqcoe6G225000.1.p
OG0003126	VIT_209s0096g00090.4, VIT_209s0096g00090.5, VIT_209s0096g00090.3, VIT_209s0096g00090.2, VIT_209s0096g00090.1, VIT_204s0008g04410.1, VIT_204s0043g00710.1	Aqcoe1G166300.1.p, Aqcoe6G180400.1.p, Aqcoe6G180400.3.p, Aqcoe6G180400.2.p
OG0003127	VIT_218s0001g13590.1, VIT_204s0023g03070.1	Aqcoe6G246000.1.p
OG0003128	VIT_203s0038g04390.1, VIT_204s0023g02480.1	Aqcoe6G128700.1.p
OG0003129	VIT_207s0031g02900.1, VIT_207s0005g03140.1, VIT_218s0001g03090.1	Aqcoe6G020100.2.p, Aqcoe6G020100.1.p, Aqcoe4G037400.1.p
OG0003130	VIT_218s0122g00870.1, VIT_207s0031g02250.1	Aqcoe5G115300.1.p, Aqcoe6G167200.1.p
OG0003131	VIT_207s0005g02620.2, VIT_207s0005g02620.1, VIT_207s0005g02620.3, VIT_207s0005g02620.4, VIT_207s0005g02620.5, VIT_207s0005g02620.6	Aqcoe6G183600.1.p, Aqcoe6G183300.1.p
OG0003132	VIT_203s0038g03120.1, VIT_203s0038g03120.2	Aqcoe6G185600.2.p, Aqcoe6G185600.1.p
OG0003134	VIT_203s0063g00030.1, VIT_207s0031g00110.1	Aqcoe6G312500.1.p
OG0003135	VIT_203s0038g00820.3, VIT_203s0038g00820.2, VIT_203s0038g00820.1, VIT_204s0023g03100.1	Aqcoe6G245500.1.p, Aqcoe3G013500.5.p, Aqcoe3G013500.2.p, Aqcoe3G013500.1.p
OG0003136	VIT_218s0001g06910.1, VIT_218s0001g06950.1, VIT_218s0001g06940.1	Aqcoe6G072900.2.p, Aqcoe6G072900.1.p, Aqcoe6G072800.1.p
OG0003137	VIT_200s0567g00010.3, VIT_200s0567g00010.5, VIT_200s0567g00010.4, VIT_200s0567g00010.2, VIT_200s0567g00010.1, VIT_200s0567g00010.6, VIT_200s1194g00010.3, VIT_200s1194g00010.1, VIT_200s1194g00010.2	Aqcoe6G095400.1.p
OG0003138	VIT_204s0023g03250.5, VIT_204s0023g03250.1, VIT_204s0023g03250.4, VIT_204s0023g03250.3, VIT_204s0023g03250.6, VIT_204s0023g03250.2	Aqcoe6G207700.1.p
OG0003139	VIT_203s0091g00860.3, VIT_203s0091g00860.1, VIT_203s0091g00860.2, VIT_203s0091g00860.4, VIT_203s0091g00860.5	Aqcoe6G279700.1.p, Aqcoe6G279800.1.p
OG0003140	VIT_207s0031g01420.1	Aqcoe6G053500.1.p, Aqcoe6G053500.2.p
OG0003141	VIT_218s0001g14750.1	Aqcoe6G220000.1.p
OG0003142	VIT_218s0122g01220.1, VIT_203s0038g03820.1, VIT_200s0288g00060.1	Aqcoe6G175000.2.p, Aqcoe6G175000.1.p, Aqcoe5G120700.1.p
OG0003143	VIT_207s0031g00160.2, VIT_207s0031g00160.1, VIT_218s0001g10100.3, VIT_218s0001g10100.2	Aqcoe6G132800.1.p, Aqcoe5G145300.1.p
OG0003144	VIT_200s0304g00060.1	Aqcoe5G257900.1.p
OG0003144	VIT_218s0001g05380.2, VIT_218s0001g05380.1	Aqcoe6G063900.1.p
OG0003145	VIT_218s0001g00180.4, VIT_218s0001g00180.5, VIT_203s0038g03270.4, VIT_203s0038g03270.2, VIT_203s0038g03270.3	Aqcoe5G194600.1.p
OG0003145	VIT_203s0038g03270.5, VIT_203s0038g03270.1, VIT_218s0001g00180.2, VIT_218s0001g00180.1	Aqcoe5G123700.1.p, Aqcoe6G191300.1.p
OG0003146	VIT_218s0001g12860.1, VIT_203s0038g04550.1, VIT_204s0023g02160.1	Aqcoe6G125400.1.p, Aqcoe5G232900.1.p
OG0003147	VIT_204s0044g01290.2, VIT_204s0044g01290.3, VIT_204s0044g01290.1	Aqcoe6G037600.1.p
OG0003148	VIT_210s0003g00360.1, VIT_210s0003g00370.1	Aqcoe4G076800.1.p
OG0003149	VIT_212s0059g00750.1, VIT_212s0059g00750.2, VIT_212s0059g00750.4, VIT_212s0059g00750.3	Aqcoe1G230700.1.p
OG0003149	VIT_210s0116g01670.3, VIT_210s0116g01670.2, VIT_210s0116g01670.1	Aqcoe4G202500.1.p
OG0003150	VIT_212s0059g01670.1, VIT_212s0059g01670.2	Aqcoe4G286300.1.p
OG0003150	VIT_217s0000g05770.1	Aqcoe3G351700.4.p, Aqcoe3G351700.3.p, Aqcoe3G351700.1.p, Aqcoe3G351700.2.p
OG0003151	VIT_219s0014g04420.1, VIT_207s0005g05040.1	Aqcoe5G062600.1.p, Aqcoe7G081900.1.p
OG0003151	VIT_204s0043g00825.1, VIT_204s0043g00805.1, VIT_204s0043g00690.1	Aqcoe5G072700.1.p, Aqcoe4G134300.1.p, Aqcoe4G133700.1.p
OG0003152	VIT_210s0116g00950.1	Aqcoe4G001600.4.p, Aqcoe4G001600.1.p, Aqcoe4G001600.7.p, Aqcoe4G001600.15.p, Aqcoe4G001600.5.p, Aqcoe4G001600.2.p, Aqcoe4G001600.12.p, Aqcoe4G001600.8.p, Aqcoe4G001600.10.p, Aqcoe4G001600.6.p, Aqcoe4G001600.3.p, Aqcoe4G001600.16.p, Aqcoe4G001600.11.p, Aqcoe4G001600.9.p, Aqcoe4G001600.14.p, Aqcoe4G001600.13.p
OG0003153	VIT_212s0059g00250.1, VIT_212s0059g00250.2	Aqcoe4G143500.1.p
OG0003154	VIT_212s0028g03630.2, VIT_212s0028g03630.1, VIT_212s0028g03630.3	Aqcoe4G103200.1.p, Aqcoe4G103200.2.p
OG0003155	VIT_210s0003g01790.2, VIT_210s0003g01790.3, VIT_210s0003g01790.1, VIT_210s0003g01790.4	Aqcoe4G027100.1.p, Aqcoe1G215900.1.p
OG0003156	VIT_212s0028g01410.1, VIT_210s0003g01770.1, VIT_210s0003g01770.2, VIT_210s0003g01770.3	Aqcoe4G027300.1.p
OG0003157	VIT_201s0011g00550.3, VIT_201s0011g00550.1, VIT_201s0011g00550.4, VIT_201s0011g00550.5, VIT_201s0011g00550.2, VIT_201s0011g00550.6, VIT_201s0011g00550.7	Aqcoe3G061800.1.p, Aqcoe3G365700.1.p
OG0003158	VIT_218s0001g11090.2, VIT_218s0001g11090.12, VIT_218s0001g11090.10, VIT_218s0001g11090.11, VIT_218s0001g11090.8, VIT_218s0001g11090.13, VIT_218s0001g11090.9, VIT_218s0001g11090.6, VIT_218s0001g11090.5, VIT_218s0001g11090.7, VIT_218s0001g11090.3, VIT_218s0001g11090.1, VIT_218s0001g11090.4	Aqcoe4G179700.1.p, Aqcoe3G121100.3.p, Aqcoe3G121100.1.p, Aqcoe3G121100.2.p, Aqcoe3G121100.4.p
OG0003159	VIT_211s0103g00310.2, VIT_211s0103g00310.1	Aqcoe7G290600.3.p, Aqcoe7G290600.1.p, Aqcoe7G290600.2.p
OG0003160	VIT_214s0068g00600.1, VIT_207s0005g04850.1	Aqcoe3G361800.1.p, Aqcoe7G366800.1.p
OG0003161	VIT_204s0008g05430.3, VIT_204s0008g05430.1	Aqcoe7G388500.1.p, Aqcoe7G388500.2.p, Aqcoe7G388500.4.p, Aqcoe7G388500.3.p
OG0003162	VIT_209s0018g01370.1, VIT_209s0018g01370.3, VIT_209s0018g01370.2	Aqcoe7G253800.3.p, Aqcoe7G253800.4.p, Aqcoe7G253800.2.p, Aqcoe7G253800.1.p
OG0003163	VIT_209s0002g02550.2, VIT_209s0002g02550.3, VIT_209s0002g02550.1, VIT_209s0002g02550.6, VIT_209s0002g02550.5, VIT_209s0002g02550.4	Aqcoe7G137600.3.p, Aqcoe7G137600.2.p, Aqcoe7G137600.1.p, Aqcoe7G137600.4.p
OG0003164	VIT_204s0008g03270.1, VIT_209s0002g03750.1	Aqcoe7G157900.1.p, Aqcoe7G411200.1.p
OG0003165	VIT_209s0002g09080.1, VIT_204s0008g05930.1	Aqcoe7G363500.1.p
OG0003166	VIT_211s0016g04390.1, VIT_204s0008g04340.1, VIT_204s0008g04340.2	Aqcoe7G192500.1.p
OG0003167	VIT_204s0008g01040.1	Aqcoe7G123700.1.p
OG0003167	VIT_206s0004g00590.2	Aqcoe1G054500.1.p
OG0003167	VIT_208s0007g08340.1, VIT_213s0064g00740.3	Aqcoe1G028200.3.p, Aqcoe1G028200.1.p
OG0003168	VIT_209s0002g08480.3, VIT_209s0002g08480.2, VIT_209s0002g08470.1, VIT_209s0002g08470.3, VIT_209s0002g08480.1	Aqcoe7G055700.1.p
OG0003169	VIT_204s0008g03530.1, VIT_204s0008g03840.1, VIT_209s0002g03920.1, VIT_209s0002g03910.1, VIT_204s0008g03500.1	Aqcoe7G161900.1.p
OG0003170	VIT_216s0098g00630.1, VIT_216s0098g00630.3, VIT_216s0098g00630.2	Aqcoe7G295700.1.p, Aqcoe7G295700.2.p
OG0003171	VIT_211s0016g00500.1	Aqcoe7G438300.1.p
OG0003172	VIT_209s0002g08930.4, VIT_209s0002g08930.1, VIT_209s0002g08930.2, VIT_209s0002g08930.5, VIT_209s0002g08930.3, VIT_209s0002g08930.9, VIT_209s0002g08930.6, VIT_209s0002g08930.7, VIT_209s0002g08930.8, VIT_211s0149g00260.1, VIT_211s0149g00230.1	Aqcoe7G364200.1.p
OG0003173	VIT_209s0002g01050.1	Aqcoe7G433100.2.p
OG0003174	VIT_211s0016g01160.1	Aqcoe7G112300.1.p
OG0003174	VIT_206s0009g01940.2, VIT_206s0009g01940.1	Aqcoe1G004700.1.p
OG0003175	VIT_214s0060g01150.9, VIT_214s0060g01150.1, VIT_214s0060g01150.3, VIT_214s0060g01150.6, VIT_214s0060g01150.4, VIT_214s0060g01150.2, VIT_214s0060g01150.7, VIT_214s0060g01150.5, VIT_214s0060g01150.10, VIT_214s0060g01150.8	Aqcoe7G119000.1.p
OG0003176	VIT_215s0048g00370.1, VIT_215s0048g00370.2, VIT_216s0022g01440.1	Aqcoe7G072700.1.p
OG0003177	VIT_204s0008g03680.1, VIT_204s0008g03680.2	Aqcoe7G169300.1.p, Aqcoe7G169300.2.p
OG0003178	VIT_214s0171g00370.1	Aqcoe3G271700.4.p, Aqcoe3G271700.3.p, Aqcoe7G348900.10.p, Aqcoe7G348900.7.p, Aqcoe7G348900.8.p, Aqcoe7G348900.9.p, Aqcoe7G348900.1.p, Aqcoe7G348900.4.p, Aqcoe7G348900.12.p, Aqcoe7G348900.6.p, Aqcoe7G348900.5.p, Aqcoe7G348900.11.p, Aqcoe7G348900.2.p, Aqcoe7G348900.3.p, Aqcoe3G271700.2.p, Aqcoe3G271700.1.p
OG0003179	VIT_211s0016g04065.1, VIT_209s0002g04620.1	Aqcoe7G181800.1.p
OG0003180	VIT_211s0016g05440.1, VIT_209s0002g06830.1, VIT_204s0008g05500.1	Aqcoe7G386500.1.p
OG0003181	VIT_202s0025g03320.1, VIT_215s0046g02380.1	Aqcoe7G029800.1.p
OG0003182	VIT_211s0016g04200.1	Aqcoe7G396300.1.p, Aqcoe7G396300.4.p, Aqcoe7G396300.3.p, Aqcoe7G396300.2.p
OG0003183	VIT_202s0012g01660.3, VIT_202s0012g01660.2, VIT_202s0012g01660.1	Aqcoe7G095600.2.p, Aqcoe7G095600.1.p, Aqcoe7G095600.3.p, Aqcoe3G219100.1.p, Aqcoe3G219100.2.p, Aqcoe3G218500.1.p, Aqcoe3G219000.3.p, Aqcoe3G218700.4.p, Aqcoe3G218700.3.p, Aqcoe3G218700.2.p, Aqcoe3G218700.1.p
OG0003184	VIT_204s0023g03300.2, VIT_204s0023g03300.1, VIT_204s0023g03300.3	Aqcoe7G003900.1.p, Aqcoe7G003900.3.p, Aqcoe7G003900.2.p
OG0003185	VIT_202s0025g00880.1	Aqcoe5G442300.1.p
OG0003185	VIT_215s0046g01510.5, VIT_215s0046g01510.2, VIT_215s0046g01510.1, VIT_215s0046g01510.4, VIT_215s0046g01510.3	Aqcoe7G019000.1.p
OG0003186	VIT_209s0002g08430.1, VIT_209s0002g08430.2, VIT_209s0002g08430.3, VIT_211s0118g00560.2, VIT_211s0118g00560.3, VIT_211s0118g00560.1	Aqcoe7G374700.1.p
OG0003187	VIT_209s0002g04670.1, VIT_209s0002g04670.2	Aqcoe7G398300.4.p, Aqcoe7G398300.3.p, Aqcoe7G398300.1.p, Aqcoe7G398300.2.p
OG0003188	VIT_215s0048g00300.1, VIT_215s0048g00280.1	Aqcoe5G267500.1.p, Aqcoe7G072400.1.p, Aqcoe7G072400.2.p, Aqcoe5G337600.5.p, Aqcoe5G337600.2.p, Aqcoe5G337600.4.p, Aqcoe5G337600.1.p, Aqcoe5G337600.3.p
OG0003189	VIT_213s0019g03310.1	Aqcoe1G436900.1.p
OG0003190	VIT_219s0090g01600.2, VIT_219s0090g01600.3, VIT_219s0090g01600.1	Aqcoe1G391900.1.p
OG0003191	VIT_212s0059g00880.3, VIT_212s0059g00880.2, VIT_212s0059g00880.1	Aqcoe1G294300.1.p
OG0003191	VIT_210s0116g01200.3, VIT_210s0116g01200.2, VIT_210s0116g01200.1	Aqcoe5G223400.1.p
OG0003192	VIT_206s0009g01050.4, VIT_206s0009g01050.3, VIT_206s0009g01050.2, VIT_206s0009g01050.1, VIT_206s0009g01050.5	Aqcoe1G070100.2.p, Aqcoe1G070100.1.p
OG0003193	VIT_213s0019g03620.2, VIT_213s0019g03620.4, VIT_213s0019g03620.6, VIT_213s0019g03620.3, VIT_213s0019g03620.1, VIT_213s0019g03620.5	Aqcoe1G181900.1.p
OG0003194	VIT_219s0015g01940.4, VIT_219s0015g01940.1, VIT_219s0015g01940.3, VIT_219s0015g01940.2, VIT_219s0015g01940.5	Aqcoe1G381900.3.p, Aqcoe1G381900.1.p, Aqcoe1G381900.2.p
OG0003195	VIT_206s0004g07310.1, VIT_206s0009g02450.1, VIT_206s0004g07250.1, VIT_206s0004g07240.1, VIT_206s0004g07230.1	Aqcoe1G151100.1.p, Aqcoe1G151000.1.p, Aqcoe1G154200.1.p
OG0003196	VIT_206s0004g00770.1, VIT_206s0004g00760.1	Aqcoe1G189100.1.p, Aqcoe1G051200.1.p
OG0003197	VIT_219s0014g05265.1, VIT_219s0014g05230.2, VIT_219s0014g05230.3, VIT_219s0014g05230.4, VIT_219s0014g05230.1	Aqcoe1G362300.1.p
OG0003198	VIT_208s0040g03070.4, VIT_208s0040g03070.5, VIT_208s0040g03070.2, VIT_208s0040g03070.3, VIT_208s0040g03070.6, VIT_208s0040g03070.1	Aqcoe1G484100.4.p, Aqcoe1G484100.1.p, Aqcoe1G484100.5.p, Aqcoe1G484100.2.p, Aqcoe1G484100.3.p, Aqcoe1G484100.7.p, Aqcoe1G484100.6.p
OG0003199	VIT_208s0040g00460.2, VIT_208s0040g00460.1, VIT_208s0040g00460.3, VIT_208s0040g00460.4	Aqcoe1G010500.1.p, Aqcoe1G010500.2.p
OG0003200	VIT_206s0004g03810.2, VIT_206s0004g03810.3, VIT_206s0004g03810.5, VIT_206s0004g03810.4, VIT_206s0004g03810.8, VIT_206s0004g03810.1, VIT_206s0004g03810.7, VIT_206s0004g03810.6	Aqcoe1G481500.3.p, Aqcoe1G481500.1.p, Aqcoe1G481500.2.p
OG0003201	VIT_219s0014g02640.1	Aqcoe1G261800.1.p
OG0003202	VIT_213s0175g00150.1, VIT_213s0019g00830.1	Aqcoe1G039000.2.p, Aqcoe1G039000.1.p
OG0003203	VIT_206s0004g02810.1, VIT_206s0004g02810.2	Aqcoe1G000300.1.p
OG0003204	VIT_206s0004g03350.1, VIT_206s0004g03330.1, VIT_213s0019g03830.1, VIT_213s0019g03760.1, VIT_213s0019g03750.1, VIT_213s0019g03810.1, VIT_213s0019g03700.1	Aqcoe1G490200.1.p
OG0003205	VIT_219s0014g04720.1, VIT_200s0274g00050.1, VIT_200s0271g00090.1	Aqcoe5G476100.1.p, Aqcoe1G016300.1.p, Aqcoe1G280900.1.p
OG0003206	VIT_206s0004g02630.1, VIT_213s0019g04440.1	Aqcoe1G140800.1.p
OG0003207	VIT_212s0059g00800.1, VIT_210s0116g01490.1	Aqcoe1G293400.2.p, Aqcoe1G293400.1.p
OG0003208	VIT_206s0004g04620.4, VIT_206s0004g04620.7, VIT_206s0004g04620.2, VIT_206s0004g04620.1, VIT_206s0004g04620.5, VIT_206s0004g04620.6, VIT_206s0004g04620.3, VIT_208s0007g00320.1	Aqcoe1G461600.1.p, Aqcoe1G461600.2.p
OG0003209	VIT_212s0059g00620.5, VIT_212s0059g00620.2, VIT_212s0059g00620.4, VIT_212s0059g00620.3, VIT_212s0059g00620.1	Aqcoe1G233700.1.p, Aqcoe1G233700.4.p, Aqcoe1G233700.2.p, Aqcoe1G233700.3.p
OG0003210	VIT_216s0050g01870.1	Aqcoe1G311300.1.p
OG0003211	VIT_214s0083g01060.1	Aqcoe3G372400.1.p, Aqcoe1G106700.1.p
OG0003211	VIT_205s0049g02260.1	Aqcoe5G012100.1.p
OG0003212	VIT_208s0007g03820.1, VIT_213s0074g00400.1	Aqcoe1G456700.1.p
OG0003213	VIT_215s0046g03340.1, VIT_215s0046g03340.2, VIT_208s0007g01750.1, VIT_208s0007g01750.2, VIT_208s0007g01750.3	Aqcoe1G086500.2.p, Aqcoe1G086500.1.p
OG0003214	VIT_208s0056g01180.3, VIT_208s0056g01180.2, VIT_208s0056g01180.1	Aqcoe1G001300.2.p, Aqcoe1G001300.1.p, Aqcoe1G001300.3.p
OG0003215	VIT_210s0003g02740.2, VIT_210s0003g02740.3, VIT_210s0003g02740.4, VIT_210s0003g02740.5, VIT_210s0003g02740.1	Aqcoe1G201500.2.p, Aqcoe1G201500.1.p
OG0003216	VIT_210s0003g01470.5, VIT_210s0003g01470.6, VIT_210s0003g01470.4, VIT_210s0003g01470.1, VIT_210s0003g01470.3, VIT_210s0003g01470.2	Aqcoe1G221800.2.p, Aqcoe1G221800.3.p, Aqcoe1G221800.1.p
OG0003217	VIT_206s0004g05820.1, VIT_206s0004g05820.4, VIT_206s0004g05820.2, VIT_206s0004g05820.3, VIT_206s0004g05820.5	Aqcoe1G091700.1.p, Aqcoe1G091700.2.p
OG0003218	VIT_208s0058g00890.1, VIT_208s0058g00890.2	Aqcoe1G395700.4.p, Aqcoe1G395700.5.p, Aqcoe1G395700.1.p, Aqcoe1G395700.2.p, Aqcoe1G395700.3.p
OG0003219	VIT_217s0000g02960.1, VIT_217s0000g02960.2, VIT_217s0000g02960.3, VIT_214s0006g02280.1, VIT_214s0006g02280.2, VIT_214s0006g02280.3	Aqcoe1G152900.1.p
OG0003221	VIT_202s0025g00110.1, VIT_202s0025g00110.2	Aqcoe5G255100.7.p, Aqcoe5G255100.5.p, Aqcoe5G255100.6.p, Aqcoe5G255100.4.p, Aqcoe5G255100.2.p, Aqcoe5G255100.1.p, Aqcoe5G255100.3.p, Aqcoe1G081800.1.p
OG0003222	VIT_200s0317g00150.1, VIT_208s0040g02740.1, VIT_208s0040g02740.2, VIT_208s0040g02740.3	Aqcoe1G477600.1.p
OG0003223	VIT_217s0000g10100.2, VIT_217s0000g10100.1, VIT_217s0000g10110.1, VIT_217s0000g10120.1, VIT_201s0010g02230.2, VIT_201s0010g02230.1	Aqcoe3G131400.1.p, Aqcoe5G379700.2.p, Aqcoe5G379700.1.p
OG0003224	VIT_200s0226g00040.2, VIT_200s0226g00110.1, VIT_200s0226g00040.1, VIT_200s0226g00040.3, VIT_200s0226g00140.1, VIT_200s0226g00150.1	Aqcoe5G000800.1.p, Aqcoe5G000800.3.p, Aqcoe5G000800.2.p
OG0003225	VIT_218s0157g00070.1, VIT_218s0157g00090.1, VIT_218s0157g00130.1, VIT_218s0157g00170.1, VIT_218s0157g00140.1	Aqcoe5G242500.4.p, Aqcoe5G242500.2.p, Aqcoe5G242500.1.p, Aqcoe5G242500.3.p
OG0003226	VIT_204s0023g01110.1, VIT_204s0023g01110.4, VIT_204s0023g01110.3, VIT_204s0023g01110.2	Aqcoe5G200800.1.p, Aqcoe5G200800.2.p
OG0003227	VIT_207s0005g05010.3, VIT_207s0005g05010.2, VIT_207s0005g05010.1	Aqcoe5G005300.1.p
OG0003228	VIT_217s0000g08180.1, VIT_207s0031g01170.1, VIT_207s0031g01170.2, VIT_218s0001g04790.1, VIT_218s0001g04790.4, VIT_218s0001g04790.7, VIT_218s0001g04790.2, VIT_218s0001g04790.3, VIT_218s0001g04790.5, VIT_218s0001g04790.6, VIT_218s0001g04790.8, VIT_207s0031g01170.3, VIT_207s0031g01170.4	Aqcoe5G316100.2.p, Aqcoe5G316100.1.p
OG0003229	VIT_219s0015g00700.2, VIT_219s0015g00700.1, VIT_219s0015g00700.3, VIT_212s0057g01220.1, VIT_212s0057g01220.2	Aqcoe5G366000.1.p
OG0003230	VIT_216s0098g01690.1, VIT_216s0098g01690.2, VIT_215s0046g00260.4, VIT_215s0046g00260.6, VIT_215s0046g00260.2, VIT_215s0046g00260.1, VIT_215s0046g00260.3, VIT_215s0046g00260.5	Aqcoe5G460800.1.p
OG0003231	VIT_218s0001g15035.2, VIT_218s0001g15035.3, VIT_218s0001g15035.1, VIT_218s0001g15035.4, VIT_218s0001g15035.5, VIT_218s0001g15035.6	Aqcoe5G266700.1.p, Aqcoe5G266700.2.p
OG0003232	VIT_214s0171g00150.1, VIT_217s0000g01630.1	Aqcoe5G362900.1.p
OG0003232	VIT_218s0122g00180.1	Aqcoe5G109100.1.p
OG0003233	VIT_202s0025g00200.1, VIT_202s0025g00200.2	Aqcoe5G437300.1.p, Aqcoe5G437300.2.p
OG0003234	VIT_214s0006g01990.1, VIT_218s0001g04160.1, VIT_218s0001g04160.2	Aqcoe3G377200.1.p, Aqcoe5G274600.1.p
OG0003235	VIT_204s0044g01150.2, VIT_204s0044g01150.1, VIT_204s0044g01150.3, VIT_204s0044g01160.2, VIT_204s0044g01160.1, VIT_204s0044g01170.1	Aqcoe5G127500.1.p, Aqcoe5G127600.1.p, Aqcoe5G127600.2.p
OG0003236	VIT_214s0060g01720.1	Aqcoe5G089500.1.p
OG0003237	VIT_202s0087g00780.2, VIT_202s0087g00780.1, VIT_202s0087g00780.3, VIT_215s0024g00740.1, VIT_215s0024g00800.6, VIT_215s0024g00800.1, VIT_215s0024g00800.2, VIT_215s0024g00800.3, VIT_215s0024g00800.5, VIT_215s0024g00800.4	Aqcoe5G362200.1.p
OG0003238	VIT_209s0096g00990.1, VIT_218s0001g07810.1, VIT_218s0001g07810.2, VIT_218s0001g07810.3, VIT_213s0047g00374.1	Aqcoe5G164100.2.p, Aqcoe5G164100.1.p
OG0003239	VIT_207s0031g01960.1, VIT_218s0072g00240.1	Aqcoe5G252900.1.p
OG0003240	VIT_201s0010g02770.2	Aqcoe5G368600.2.p
OG0003240	VIT_201s0010g02770.1	Aqcoe5G368600.1.p
OG0003241	VIT_212s0034g02390.1, VIT_212s0034g02390.2, VIT_212s0034g02390.3, VIT_218s0041g00280.5, VIT_218s0041g00280.6, VIT_218s0041g00280.2, VIT_218s0041g00280.3, VIT_218s0041g00280.1, VIT_218s0041g00280.4	Aqcoe5G300100.1.p
OG0003242	VIT_214s0036g01120.1, VIT_214s0036g01120.2, VIT_214s0036g01120.3, VIT_207s0005g03990.1, VIT_207s0005g03990.2	Aqcoe5G019200.1.p
OG0003243	VIT_210s0003g05070.4, VIT_210s0003g05070.3, VIT_210s0003g05070.8, VIT_210s0003g05070.7, VIT_210s0003g05070.5, VIT_210s0003g05070.6, VIT_210s0003g05070.2, VIT_210s0003g05070.1	Aqcoe5G275500.2.p, Aqcoe5G275500.1.p
OG0003244	VIT_214s0219g00070.2, VIT_214s0219g00070.5, VIT_214s0219g00070.6, VIT_214s0219g00070.4, VIT_214s0219g00070.1, VIT_214s0219g00070.3, VIT_217s0000g10170.6, VIT_217s0000g10170.3, VIT_217s0000g10170.1, VIT_217s0000g10170.5, VIT_217s0000g10170.4, VIT_217s0000g10170.7, VIT_217s0000g10170.2	Aqcoe5G378800.1.p
OG0003245	VIT_204s0044g01840.1	Aqcoe5G113300.1.p
OG0003246	VIT_202s0109g00360.2, VIT_202s0109g00360.3, VIT_202s0109g00360.1, VIT_202s0109g00360.4, VIT_202s0109g00360.6, VIT_216s0039g02670.1, VIT_216s0039g02670.2, VIT_216s0039g02670.3	Aqcoe5G475900.4.p, Aqcoe5G475900.3.p, Aqcoe5G475900.1.p, Aqcoe5G475900.2.p, Aqcoe3G323400.1.p, Aqcoe3G323400.3.p
OG0003247	VIT_217s0000g00400.2, VIT_217s0000g00400.1, VIT_214s0068g01260.1	Aqcoe5G340200.1.p, Aqcoe3G211800.1.p
OG0003248	VIT_218s0001g05700.1, VIT_212s0035g01220.1, VIT_212s0035g01220.2	Aqcoe5G097600.3.p, Aqcoe5G097600.1.p, Aqcoe5G097600.2.p
OG0003249	VIT_214s0068g01500.2, VIT_214s0068g01500.4, VIT_214s0068g01500.5, VIT_214s0068g01500.7, VIT_214s0068g01500.1	Aqcoe5G344700.1.p
OG0003250	VIT_217s0000g00330.1, VIT_217s0000g00330.2, VIT_214s0068g01200.1, VIT_214s0068g01200.2	Aqcoe5G338900.1.p
OG0003251	VIT_208s0007g07180.4, VIT_208s0007g07180.2, VIT_208s0007g07180.1, VIT_208s0007g07180.3	Aqcoe5G445000.1.p
OG0003252	VIT_201s0127g00480.3, VIT_201s0127g00480.1, VIT_201s0127g00480.2	Aqcoe3G287100.8.p, Aqcoe3G287100.6.p, Aqcoe3G287100.12.p, Aqcoe3G287100.11.p, Aqcoe3G287100.10.p, Aqcoe3G287100.9.p, Aqcoe3G287100.7.p, Aqcoe3G287100.3.p, Aqcoe3G287100.5.p, Aqcoe3G287100.4.p, Aqcoe3G287100.1.p, Aqcoe3G287100.2.p
OG0003254	VIT_203s0063g02260.1, VIT_203s0063g02260.3, VIT_203s0063g02260.2	Aqcoe3G315600.1.p
OG0003255	VIT_202s0012g01250.1	Aqcoe3G232300.6.p, Aqcoe3G232300.1.p, Aqcoe3G232300.5.p, Aqcoe3G232300.8.p, Aqcoe3G232300.7.p, Aqcoe3G232300.4.p, Aqcoe3G232100.1.p, Aqcoe3G232100.4.p, Aqcoe3G232100.3.p, Aqcoe3G232100.2.p
OG0003256	VIT_214s0108g00490.4	Aqcoe3G081100.1.p
OG0003257	VIT_201s0127g00740.3, VIT_201s0127g00740.2, VIT_201s0127g00740.1	Aqcoe3G120000.2.p, Aqcoe3G120000.1.p
OG0003258	VIT_212s0057g01320.2, VIT_212s0057g01320.1, VIT_212s0057g01320.3	Aqcoe3G166700.1.p, Aqcoe3G166700.2.p, Aqcoe3G166700.3.p, Aqcoe3G166700.4.p
OG0003259	VIT_201s0010g02050.6, VIT_201s0010g02050.7, VIT_201s0010g02050.2, VIT_201s0010g02050.3, VIT_201s0010g02050.4, VIT_201s0010g02050.5, VIT_201s0010g02050.1	Aqcoe3G427000.1.p, Aqcoe3G427000.2.p
OG0003260	VIT_214s0006g02820.2, VIT_214s0006g02820.1	Aqcoe3G034100.2.p, Aqcoe3G034100.1.p
OG0003261	VIT_217s0000g07570.1, VIT_214s0108g00290.1, VIT_201s0026g00950.1	Aqcoe3G311300.1.p
OG0003262	VIT_201s0010g02610.1, VIT_201s0010g02610.2	Aqcoe3G189000.1.p
OG0003263	VIT_201s0011g04600.1, VIT_201s0011g04600.2, VIT_201s0011g04600.3, VIT_201s0011g04600.4	Aqcoe3G020400.1.p, Aqcoe3G020400.2.p
OG0003264	VIT_217s0000g00931.1, VIT_217s0000g00921.1, VIT_217s0000g00941.1, VIT_201s0146g00210.1, VIT_201s0146g00180.1	Aqcoe3G161300.1.p
OG0003265	VIT_201s0011g03720.1, VIT_217s0000g03580.1	Aqcoe3G034800.1.p
OG0003286	VIT_206s0004g04340.1, VIT_213s0019g00640.1	Aqcoe1G468200.5.p, Aqcoe1G468200.4.p, Aqcoe1G468200.2.p, Aqcoe1G468200.3.p, Aqcoe0033s0001.1.p, Aqcoe1G468200.1.p
OG0003287	VIT_203s0063g01970.1, VIT_203s0063g01970.3, VIT_203s0063g01970.2, VIT_203s0063g01970.4, VIT_217s0053g01050.1, VIT_209s0096g00500.1, VIT_203s0063g01960.1	Aqcoe4G225300.1.p, Aqcoe4G225300.2.p, Aqcoe2G156900.1.p
OG0003288	VIT_206s0004g02830.1, VIT_212s0121g00296.1, VIT_208s0040g01860.1	Aqcoe2G363800.1.p, Aqcoe1G143800.1.p
OG0003289	VIT_207s0104g00480.1, VIT_207s0104g00480.4, VIT_207s0104g00480.5, VIT_207s0104g00480.3, VIT_207s0104g00480.2	Aqcoe2G337700.1.p
OG0003290	VIT_208s0007g05020.1	Aqcoe2G205700.4.p, Aqcoe2G205700.8.p, Aqcoe2G205700.6.p, Aqcoe2G205700.2.p, Aqcoe2G205700.7.p, Aqcoe2G205700.5.p, Aqcoe2G205700.3.p, Aqcoe2G205700.1.p, Aqcoe2G205700.9.p
OG0003291	VIT_207s0005g01760.1	Aqcoe5G307600.2.p, Aqcoe5G307600.1.p, Aqcoe2G267600.1.p
OG0003292	VIT_219s0015g00170.2, VIT_219s0015g00170.5, VIT_219s0015g00170.4, VIT_219s0015g00170.1, VIT_219s0015g00170.3, VIT_219s0015g00170.6	Aqcoe2G358800.1.p, Aqcoe2G125700.1.p, Aqcoe6G304600.1.p
OG0003293	VIT_218s0001g15250.1, VIT_201s0011g04820.3, VIT_201s0011g04820.1, VIT_214s0060g01490.1	Aqcoe2G280900.1.p
OG0003294	VIT_207s0151g00630.1, VIT_207s0151g00640.3, VIT_207s0151g00640.2, VIT_207s0151g00640.1	Aqcoe2G349600.3.p, Aqcoe2G349600.1.p, Aqcoe2G349600.2.p, Aqcoe2G349300.2.p, Aqcoe2G349300.1.p, Aqcoe2G349500.1.p, Aqcoe5G346700.2.p, Aqcoe5G346700.1.p, Aqcoe5G367700.1.p
OG0003295	VIT_207s0005g03090.1, VIT_207s0005g03090.3, VIT_207s0005g03090.5, VIT_207s0005g03090.2, VIT_207s0005g03090.4	Aqcoe2G371500.1.p, Aqcoe2G397400.1.p, Aqcoe2G333200.1.p
OG0003296	VIT_216s0050g00050.2, VIT_216s0050g00050.1	Aqcoe2G366400.1.p
OG0003297	VIT_208s0007g00010.1	Aqcoe2G180900.1.p, Aqcoe1G468700.2.p, Aqcoe1G468700.1.p
OG0003298	VIT_206s0061g01120.1, VIT_203s0017g00680.1, VIT_206s0080g00240.1, VIT_206s0080g00240.2	Aqcoe2G184200.1.p, Aqcoe1G115800.1.p, Aqcoe1G115800.2.p
OG0003299	VIT_209s0002g03170.1, VIT_209s0002g03170.2	Aqcoe2G298500.1.p, Aqcoe2G298500.2.p
OG0003300	VIT_206s0009g02120.1, VIT_206s0009g02120.2, VIT_213s0084g00040.1	Aqcoe1G006600.1.p, Aqcoe2G002400.1.p
OG0003301	VIT_217s0000g02320.1, VIT_217s0000g02320.2, VIT_217s0000g02320.3, VIT_218s0001g14730.1, VIT_218s0001g14730.2	Aqcoe2G367700.1.p, Aqcoe2G367700.4.p, Aqcoe2G367700.3.p, Aqcoe2G367700.2.p
OG0003302	VIT_200s0252g00130.2, VIT_200s0252g00130.4, VIT_200s0252g00130.6, VIT_200s0252g00130.5, VIT_200s0252g00130.3, VIT_200s0252g00130.1	Aqcoe2G025600.1.p
OG0003303	VIT_207s0104g00310.1, VIT_207s0104g00310.2, VIT_207s0104g00310.3, VIT_207s0104g00310.4, VIT_207s0104g00310.6, VIT_207s0104g00310.5, VIT_207s0104g00310.8, VIT_207s0104g00310.9, VIT_207s0104g00310.7, VIT_207s0104g00310.10	Aqcoe2G331300.1.p
OG0003304	VIT_208s0007g08940.1, VIT_208s0007g08940.2, VIT_208s0007g08940.3	Aqcoe2G024300.1.p
OG0003305	VIT_213s0067g00570.1	Aqcoe2G097800.2.p, Aqcoe2G097800.1.p
OG0003306	VIT_207s0005g01910.4, VIT_207s0005g01910.1, VIT_207s0005g01910.2, VIT_207s0005g01910.3, VIT_207s0005g01910.5	Aqcoe2G089200.1.p, Aqcoe1G412700.2.p, Aqcoe1G412700.1.p, Aqcoe2G089200.2.p
OG0003307	VIT_213s0019g02350.1	Aqcoe2G232100.1.p
OG0003308	VIT_200s0174g00130.2, VIT_200s0174g00130.1	Aqcoe2G434600.2.p, Aqcoe2G434600.1.p, Aqcoe2G434600.3.p
OG0003308	VIT_205s0102g00390.2, VIT_205s0102g00390.1, VIT_205s0102g00470.3, VIT_205s0102g00470.4, VIT_205s0102g00470.5, VIT_205s0102g00470.6, VIT_205s0102g00470.1, VIT_205s0102g00470.2	Aqcoe2G432800.2.p, Aqcoe2G432800.1.p
OG0003309	VIT_212s0034g00390.1, VIT_212s0142g00600.1, VIT_212s0034g00780.1, VIT_212s0034g00290.1, VIT_212s0034g00876.1, VIT_212s0034g00410.1, VIT_212s0034g00950.2, VIT_212s0034g00950.1, VIT_216s0013g00940.1, VIT_212s0034g00670.1, VIT_212s0034g00790.1	Aqcoe2G267300.1.p, Aqcoe7G353500.1.p, Aqcoe2G232400.1.p
OG0003310	VIT_208s0007g05260.5, VIT_208s0007g05260.3, VIT_208s0007g05260.4, VIT_208s0007g05260.1, VIT_208s0007g05260.2	Aqcoe2G042000.1.p
OG0003311	VIT_200s0189g00090.1, VIT_217s0000g03220.2, VIT_217s0000g03220.3, VIT_217s0000g03220.1, VIT_217s0000g03220.4	Aqcoe7G031900.1.p, Aqcoe7G031900.3.p, Aqcoe7G031900.5.p, Aqcoe7G031900.2.p, Aqcoe7G031900.4.p, Aqcoe2G225600.1.p, Aqcoe2G225600.4.p, Aqcoe2G225600.2.p, Aqcoe2G225600.3.p, Aqcoe7G031900.8.p, Aqcoe7G031900.7.p, Aqcoe7G031900.6.p
OG0003312	VIT_205s0102g01160.5, VIT_205s0102g01160.4, VIT_205s0102g01160.3, VIT_205s0102g01160.1, VIT_205s0102g01160.2	Aqcoe2G436300.2.p, Aqcoe2G436300.1.p
OG0003313	VIT_210s0116g01480.2, VIT_210s0116g01480.1, VIT_219s0090g00750.1	Aqcoe3G067700.1.p, Aqcoe2G219300.1.p
OG0003314	VIT_205s0094g00500.6, VIT_205s0094g00500.4, VIT_205s0094g00500.5, VIT_205s0094g00500.3, VIT_205s0094g00500.1, VIT_205s0094g00500.2	Aqcoe2G435900.1.p
OG0003316	VIT_208s0056g00790.3, VIT_208s0056g00790.2, VIT_208s0056g00790.1	Aqcoe2G001100.3.p, Aqcoe2G001100.4.p, Aqcoe2G001100.1.p, Aqcoe2G001100.2.p
OG0003317	VIT_209s0002g05300.1, VIT_209s0002g05270.1	Aqcoe7G198100.1.p, Aqcoe2G173400.1.p, Aqcoe2G173400.2.p, Aqcoe7G198600.1.p, Aqcoe7G198500.1.p, Aqcoe7G198300.1.p, Aqcoe7G199100.1.p, Aqcoe7G198700.1.p, Aqcoe7G198000.1.p
OG0003318	VIT_211s0118g00670.1	Aqcoe5G022100.1.p, Aqcoe2G378800.1.p
OG0003319	VIT_213s0064g00880.1, VIT_201s0011g02090.1, VIT_213s0064g00880.2, VIT_201s0011g02095.1	Aqcoe2G119700.1.p, Aqcoe1G439400.1.p
OG0003320	VIT_200s0818g00010.1, VIT_200s0818g00010.2	Aqcoe3G395300.1.p, Aqcoe5G068400.1.p, Aqcoe2G111400.1.p
OG0003321	VIT_208s0040g01240.1	Aqcoe2G048900.1.p
OG0003321	VIT_218s0001g07410.1	Aqcoe5G160500.3.p, Aqcoe5G160500.2.p, Aqcoe5G160500.1.p
OG0003322	VIT_207s0104g01100.1	Aqcoe5G071400.1.p, Aqcoe5G071200.1.p, Aqcoe2G318000.1.p
OG0003322	VIT_205s0020g02120.1	Aqcoe2G318100.1.p
OG0003323	VIT_205s0102g01220.1	Aqcoe2G433000.1.p
OG0003324	VIT_205s0077g01040.1, VIT_205s0077g01040.2, VIT_205s0077g01040.3	Aqcoe6G304200.1.p, Aqcoe6G304200.2.p
OG0003326	VIT_206s0080g00280.1, VIT_206s0080g00280.4, VIT_206s0080g00280.3, VIT_206s0080g00280.2, VIT_213s0106g00740.1, VIT_213s0106g00740.2, VIT_213s0106g00740.5, VIT_213s0106g00740.6, VIT_213s0106g00740.3, VIT_213s0106g00740.4	Aqcoe2G140300.1.p, Aqcoe2G140300.2.p
OG0003327	VIT_207s0005g01920.1, VIT_205s0077g00520.2, VIT_205s0077g00520.1	Aqcoe2G263600.1.p, Aqcoe5G267900.2.p, Aqcoe5G267900.1.p
OG0003328	VIT_206s0004g01670.1, VIT_206s0004g01660.1, VIT_206s0004g01640.1	Aqcoe1G022500.1.p, Aqcoe1G022600.1.p
OG0003328	VIT_205s0062g01270.1, VIT_205s0062g01280.1	Aqcoe2G006700.1.p
OG0003329	VIT_205s0049g00980.1, VIT_207s0005g03310.3, VIT_207s0005g03310.1, VIT_207s0005g03310.2	Aqcoe2G372400.2.p, Aqcoe2G372400.1.p, Aqcoe5G027200.1.p
OG0003330	VIT_206s0004g02190.5, VIT_206s0004g02190.1, VIT_206s0004g02190.2, VIT_206s0004g02190.4, VIT_206s0004g02190.3	Aqcoe2G015200.3.p, Aqcoe2G015200.2.p, Aqcoe2G015200.1.p, Aqcoe2G015200.4.p
OG0003331	VIT_210s0405g00050.2, VIT_210s0405g00050.1, VIT_210s0405g00050.3	Aqcoe2G180800.1.p, Aqcoe1G391500.2.p, Aqcoe1G391500.1.p
OG0003332	VIT_213s0019g02470.1, VIT_206s0004g05550.1	Aqcoe2G233400.2.p, Aqcoe2G233400.1.p, Aqcoe1G095200.1.p
OG0003333	VIT_214s0068g01940.2, VIT_214s0068g01940.1, VIT_217s0000g01300.1	Aqcoe3G199300.1.p, Aqcoe5G088700.1.p, Aqcoe2G018100.1.p
OG0003334	VIT_208s0040g02700.1, VIT_206s0004g04030.1, VIT_206s0004g04030.2	Aqcoe2G176000.1.p, Aqcoe1G476800.1.p
OG0003335	VIT_217s0000g05305.1	Aqcoe3G229200.1.p, Aqcoe3G116700.1.p, Aqcoe3G246700.1.p, Aqcoe3G229100.1.p, Aqcoe3G229000.1.p, Aqcoe5G210300.1.p, Aqcoe3G226700.1.p, Aqcoe3G235500.1.p, Aqcoe3G227500.1.p, Aqcoe3G227400.1.p, Aqcoe3G227300.1.p, Aqcoe3G226500.1.p, Aqcoe3G251600.1.p, Aqcoe2G264300.1.p, Aqcoe5G346500.1.p, Aqcoe3G251900.1.p, Aqcoe1G451900.1.p
OG0003336	VIT_206s0004g03780.1	Aqcoe2G168200.1.p
OG0003337	VIT_207s0151g00450.1, VIT_218s0001g08600.2, VIT_218s0001g08600.1	Aqcoe6G259000.2.p, Aqcoe6G259000.1.p
OG0003338	VIT_207s0031g00530.1	Aqcoe5G150000.1.p, Aqcoe6G139100.1.p, Aqcoe7G323100.1.p, Aqcoe6G138800.1.p
OG0003339	VIT_216s0039g01780.1	Aqcoe6G127400.8.p, Aqcoe6G127400.4.p, Aqcoe3G219700.1.p, Aqcoe3G219700.2.p, Aqcoe6G127400.7.p, Aqcoe6G127400.3.p, Aqcoe6G127400.2.p, Aqcoe6G127400.5.p, Aqcoe6G127400.1.p, Aqcoe6G127400.6.p
OG0003340	VIT_218s0001g00510.1, VIT_218s0001g00510.2	Aqcoe6G232000.1.p, Aqcoe6G232000.2.p
OG0003341	VIT_218s0076g00280.6, VIT_218s0076g00280.8, VIT_218s0076g00280.9, VIT_218s0076g00280.2, VIT_218s0076g00280.3, VIT_218s0076g00280.1, VIT_218s0076g00280.10, VIT_218s0076g00280.7, VIT_218s0076g00280.4, VIT_218s0076g00280.5	Aqcoe6G015500.1.p, Aqcoe6G015500.3.p, Aqcoe6G015500.2.p
OG0003342	VIT_200s0682g00050.1, VIT_203s0088g00265.1	Aqcoe1G488800.1.p
OG0003342	VIT_218s0001g08810.1, VIT_218s0001g08820.1	Aqcoe6G270200.1.p, Aqcoe6G270100.1.p, Aqcoe6G270300.1.p
OG0003343	VIT_218s0001g00800.2, VIT_218s0001g00800.3, VIT_218s0001g00800.1, VIT_203s0038g02930.2, VIT_203s0038g02930.4, VIT_203s0038g02930.3, VIT_203s0038g02930.1	Aqcoe6G241300.1.p
OG0003344	VIT_218s0122g00620.1, VIT_218s0122g00640.1	Aqcoe6G323600.1.p
OG0003344	VIT_213s0019g01160.1, VIT_212s0142g00710.1, VIT_212s0142g00510.1, VIT_218s0122g00630.1	Aqcoe6G298100.1.p, Aqcoe6G321900.1.p, Aqcoe6G321600.1.p, Aqcoe6G321700.2.p, Aqcoe6G321700.1.p, Aqcoe6G321800.1.p, Aqcoe6G321800.2.p, Aqcoe6G323500.1.p
OG0003345	VIT_218s0041g01860.2, VIT_218s0041g01860.1	Aqcoe6G012500.2.p, Aqcoe6G012500.1.p
OG0003346	VIT_204s0023g02100.1	Aqcoe6G124400.1.p
OG0003347	VIT_218s0001g01380.1, VIT_218s0001g01490.1, VIT_218s0001g01430.1, VIT_218s0001g01540.1	Aqcoe6G050300.1.p
OG0003348	VIT_204s0023g03910.1, VIT_204s0023g03890.1, VIT_203s0038g02440.1	Aqcoe6G218700.1.p
OG0003349	VIT_218s0001g11690.3, VIT_218s0001g11690.4, VIT_218s0001g11690.2, VIT_218s0001g11690.1	Aqcoe1G330200.1.p, Aqcoe1G330200.2.p, Aqcoe6G240300.3.p, Aqcoe6G240300.4.p, Aqcoe6G240300.1.p, Aqcoe6G240300.2.p
OG0003350	VIT_218s0001g15000.1, VIT_218s0001g15000.3, VIT_218s0001g15000.2, VIT_218s0001g15000.4	Aqcoe6G036000.2.p, Aqcoe6G036000.1.p
OG0003351	VIT_207s0205g00030.1, VIT_218s0001g08100.1	Aqcoe6G066400.1.p
OG0003352	VIT_203s0063g02490.1, VIT_218s0001g12390.1	Aqcoe6G117400.1.p
OG0003353	VIT_204s0023g01000.1	Aqcoe6G107500.1.p, Aqcoe6G107700.1.p
OG0003354	VIT_203s0038g04420.1	Aqcoe6G128400.2.p, Aqcoe6G128400.1.p
OG0003355	VIT_200s0510g00020.1, VIT_200s0510g00020.3, VIT_200s0510g00020.4, VIT_200s0510g00020.2	Aqcoe6G215600.1.p, Aqcoe6G215600.2.p, Aqcoe6G215600.3.p
OG0003356	VIT_207s0129g00460.3, VIT_207s0129g00460.2, VIT_207s0129g00460.4, VIT_207s0129g00460.5, VIT_207s0129g00460.1, VIT_203s0091g00520.2, VIT_203s0091g00520.1, VIT_203s0091g00540.1, VIT_203s0091g00540.2, VIT_203s0091g00520.3	Aqcoe6G291200.1.p, Aqcoe6G291200.2.p
OG0003357	VIT_204s0023g03320.1	Aqcoe6G202000.2.p, Aqcoe6G202000.1.p
OG0003358	VIT_218s0001g11220.2, VIT_218s0001g11220.1	Aqcoe6G095300.1.p, Aqcoe6G095300.2.p
OG0003359	VIT_203s0063g00880.1	Aqcoe6G150500.2.p, Aqcoe6G150500.1.p
OG0003360	VIT_216s0050g02600.1, VIT_216s0050g02600.4, VIT_216s0050g02600.2, VIT_216s0050g02600.3	Aqcoe6G145200.1.p, Aqcoe5G456400.1.p
OG0003361	VIT_211s0016g03220.1	Aqcoe7G408900.4.p, Aqcoe7G408900.2.p, Aqcoe7G408900.3.p, Aqcoe7G408900.1.p
OG0003362	VIT_207s0129g01110.1, VIT_218s0001g09940.1	Aqcoe5G142700.1.p, Aqcoe6G310100.1.p
OG0003363	VIT_218s0001g03100.1, VIT_218s0001g03100.2, VIT_218s0001g03100.3	Aqcoe6G168700.3.p, Aqcoe6G168700.5.p
OG0003363	VIT_218s0001g03100.4, VIT_218s0001g03100.5	Aqcoe6G168700.2.p, Aqcoe6G168700.1.p, Aqcoe7G273500.1.p, Aqcoe6G168700.6.p, Aqcoe6G168700.4.p
OG0003364	VIT_215s0046g00460.2, VIT_215s0046g00460.1, VIT_215s0046g00460.4, VIT_215s0046g00460.3	Aqcoe5G238400.1.p, Aqcoe6G162400.3.p, Aqcoe6G162400.5.p, Aqcoe6G162400.6.p, Aqcoe6G162400.1.p, Aqcoe6G162400.4.p, Aqcoe6G162400.2.p
OG0003365	VIT_207s0031g01240.3, VIT_207s0031g01240.1, VIT_207s0031g01240.5, VIT_207s0031g01240.4, VIT_207s0031g01240.2	Aqcoe6G057300.2.p, Aqcoe6G057300.1.p, Aqcoe6G057300.3.p
OG0003366	VIT_200s0386g00040.1, VIT_218s0001g08350.1	Aqcoe6G163100.1.p
OG0003367	VIT_212s0028g03560.2, VIT_212s0028g03560.1, VIT_200s0265g00090.1	Aqcoe4G099700.1.p, Aqcoe1G262300.1.p
OG0003368	VIT_204s0023g02110.1	Aqcoe4G208500.4.p, Aqcoe4G208500.2.p, Aqcoe4G208500.3.p, Aqcoe4G208500.1.p, Aqcoe4G208500.5.p, Aqcoe5G232300.1.p, Aqcoe5G232300.2.p
OG0003369	VIT_212s0028g00940.1, VIT_212s0028g00940.2	Aqcoe1G178100.3.p, Aqcoe1G178100.2.p, Aqcoe1G178100.1.p
OG0003370	VIT_212s0028g03610.1, VIT_212s0028g03610.6, VIT_212s0028g03610.4, VIT_212s0028g03610.5, VIT_212s0028g03610.3, VIT_212s0028g03610.2	Aqcoe1G264100.1.p, Aqcoe4G102800.1.p
OG0003371	VIT_210s0405g00020.2, VIT_210s0405g00020.1	Aqcoe4G276400.1.p, Aqcoe1G392200.1.p
OG0003372	VIT_205s0020g02500.1	Aqcoe4G017500.1.p, Aqcoe5G063000.1.p
OG0003373	VIT_205s0094g01540.1	Aqcoe4G170900.1.p, Aqcoe4G170900.2.p
OG0003374	VIT_212s0134g00420.1	Aqcoe4G100400.1.p, Aqcoe4G100400.2.p
OG0003375	VIT_201s0011g01790.1, VIT_215s0024g00410.1, VIT_215s0024g00410.2	Aqcoe1G168500.1.p, Aqcoe4G027000.1.p, Aqcoe1G168600.1.p
OG0003376	VIT_219s0014g01910.1	Aqcoe4G072700.1.p, Aqcoe1G248600.1.p
OG0003377	VIT_219s0090g01190.2, VIT_219s0090g01190.1	Aqcoe4G292400.2.p, Aqcoe4G292400.1.p
OG0003378	VIT_200s0370g00090.1	Aqcoe4G249200.1.p, Aqcoe3G317800.1.p, Aqcoe3G323700.1.p, Aqcoe4G124400.1.p
OG0003379	VIT_212s0028g01730.1, VIT_212s0028g01720.1, VIT_210s0003g01580.1	Aqcoe4G031700.1.p, Aqcoe4G031700.2.p
OG0003380	VIT_219s0014g04690.3, VIT_219s0014g04690.2, VIT_219s0014g04690.1	Aqcoe4G269800.1.p
OG0003381	VIT_212s0028g03070.1, VIT_210s0003g00320.1, VIT_213s0106g00720.1	Aqcoe1G045700.1.p, Aqcoe4G077800.1.p
OG0003382	VIT_219s0014g00280.2, VIT_219s0014g00280.1, VIT_219s0014g00280.3, VIT_219s0014g00280.4	Aqcoe4G115200.1.p
OG0003382	VIT_210s0003g02190.6, VIT_210s0003g02190.8, VIT_210s0003g02190.5, VIT_210s0003g02190.1, VIT_210s0003g02190.2	Aqcoe1G208800.1.p
OG0003383	VIT_212s0134g00010.1, VIT_212s0134g00010.2, VIT_200s0361g00090.2, VIT_200s0361g00090.1	Aqcoe4G253200.1.p
OG0003384	VIT_212s0028g03590.1, VIT_219s0014g02720.1, VIT_200s0265g00130.1	Aqcoe1G263400.1.p, Aqcoe1G263400.2.p
OG0003385	VIT_219s0090g01330.1, VIT_219s0090g01330.2, VIT_200s0187g00270.1, VIT_200s0187g00310.1	Aqcoe4G283800.1.p, Aqcoe4G283800.2.p
OG0003386	VIT_214s0219g00250.1	Aqcoe7G419700.2.p, Aqcoe7G419700.1.p, Aqcoe5G383800.5.p, Aqcoe5G383800.1.p, Aqcoe5G383800.4.p, Aqcoe5G383800.7.p, Aqcoe5G383800.3.p, Aqcoe5G383800.2.p, Aqcoe5G383800.6.p, Aqcoe3G261400.6.p, Aqcoe3G261400.5.p, Aqcoe3G261400.4.p, Aqcoe3G261400.3.p, Aqcoe3G261400.2.p, Aqcoe3G261400.1.p
OG0003387	VIT_202s0025g02760.4, VIT_202s0025g02760.2, VIT_202s0025g02760.1, VIT_202s0025g02760.3	Aqcoe7G289400.1.p, Aqcoe7G000600.5.p, Aqcoe7G000600.3.p, Aqcoe7G000600.2.p, Aqcoe7G000600.4.p, Aqcoe7G000600.6.p, Aqcoe7G000600.1.p
OG0003388	VIT_216s0098g01820.6, VIT_216s0098g01820.2, VIT_216s0098g01820.1, VIT_216s0098g01820.3, VIT_216s0098g01820.5, VIT_216s0098g01820.4	Aqcoe7G008100.1.p, Aqcoe5G287700.2.p, Aqcoe5G287700.1.p
OG0003389	VIT_201s0011g02270.1, VIT_201s0011g02270.2	Aqcoe7G377400.1.p, Aqcoe7G377400.2.p
OG0003390	VIT_211s0016g02420.1	Aqcoe7G429400.8.p, Aqcoe7G429400.7.p, Aqcoe7G429400.6.p, Aqcoe7G429400.1.p, Aqcoe7G429400.3.p, Aqcoe7G429400.4.p, Aqcoe7G429400.2.p, Aqcoe7G429400.5.p
OG0003391	VIT_217s0000g03240.8, VIT_217s0000g03240.5, VIT_217s0000g03240.7, VIT_217s0000g03240.2, VIT_217s0000g03240.4, VIT_217s0000g03240.3, VIT_217s0000g03240.6, VIT_217s0000g03240.1	Aqcoe7G169800.1.p, Aqcoe7G193300.1.p, Aqcoe3G352600.1.p
OG0003392	VIT_202s0154g00160.2, VIT_200s0233g00180.1, VIT_202s0154g00190.1, VIT_202s0154g00170.1	Aqcoe7G079600.1.p, Aqcoe7G079500.1.p, Aqcoe7G079700.1.p
OG0003393	VIT_211s0065g01010.5, VIT_211s0065g01010.2, VIT_211s0065g01010.3, VIT_211s0065g01010.4, VIT_211s0065g01010.1	Aqcoe7G285900.3.p, Aqcoe7G285900.1.p, Aqcoe7G285900.2.p
OG0003394	VIT_204s0008g00210.1, VIT_209s0002g03520.1, VIT_209s0002g03520.2	Aqcoe7G149700.1.p
OG0003395	VIT_216s0039g02260.4, VIT_216s0039g02260.3, VIT_216s0039g02260.2, VIT_216s0039g02260.1	Aqcoe7G095700.1.p
OG0003396	VIT_211s0016g01770.3, VIT_211s0016g01770.4, VIT_211s0016g01770.1, VIT_211s0016g01770.2	Aqcoe7G424300.2.p, Aqcoe7G424300.1.p
OG0003397	VIT_209s0002g02680.3, VIT_209s0002g02680.2, VIT_209s0002g02680.1, VIT_204s0008g00660.1, VIT_204s0008g00660.2	Aqcoe7G417000.1.p, Aqcoe7G142600.2.p, Aqcoe7G142600.3.p, Aqcoe7G142600.1.p
OG0003398	VIT_211s0103g00650.3, VIT_211s0103g00650.1, VIT_211s0103g00650.2	Aqcoe7G297100.1.p
OG0003399	VIT_211s0016g05170.5, VIT_211s0016g05170.3, VIT_211s0016g05170.4, VIT_211s0016g05170.1	Aqcoe7G390000.1.p, Aqcoe7G389900.1.p
OG0003400	VIT_204s0008g02410.1, VIT_209s0018g01300.1	Aqcoe7G315400.1.p
OG0003401	VIT_202s0025g04130.1, VIT_202s0025g04130.2	Aqcoe5G425300.1.p, Aqcoe5G109700.1.p
OG0003401	VIT_216s0100g00640.1, VIT_216s0100g00640.4, VIT_216s0100g00640.3, VIT_216s0100g00640.2	Aqcoe7G043500.1.p, Aqcoe7G043500.2.p
OG0003402	VIT_209s0018g01660.1, VIT_204s0008g06830.2, VIT_204s0008g06830.1, VIT_204s0008g06830.3	Aqcoe7G348100.2.p, Aqcoe7G348100.1.p
OG0003403	VIT_202s0025g04580.1, VIT_214s0036g00810.1, VIT_216s0100g00160.1	Aqcoe7G051600.1.p
OG0003404	VIT_209s0018g01600.2, VIT_209s0018g01600.3, VIT_209s0018g01600.1	Aqcoe7G259800.1.p, Aqcoe7G259800.2.p
OG0003405	VIT_211s0016g02250.1, VIT_209s0002g02090.1, VIT_209s0002g02090.2	Aqcoe7G130700.1.p
OG0003406	VIT_209s0002g00900.1, VIT_211s0016g00740.1	Aqcoe7G109000.1.p
OG0003407	VIT_215s0048g00700.1, VIT_202s0241g00100.1	Aqcoe7G071400.2.p, Aqcoe7G071400.1.p, Aqcoe7G071400.3.p
OG0003408	VIT_211s0052g00020.1, VIT_209s0018g01240.1	Aqcoe7G297700.1.p
OG0003409	VIT_215s0046g02290.1, VIT_215s0046g02290.2	Aqcoe7G028300.2.p, Aqcoe7G028300.1.p
OG0003410	VIT_216s0039g01420.5, VIT_216s0039g01420.2, VIT_216s0039g01420.4, VIT_216s0039g01420.3, VIT_216s0039g01420.1, VIT_209s0002g05170.3, VIT_209s0002g05170.1, VIT_209s0002g05170.2	Aqcoe3G400300.1.p, Aqcoe7G249000.1.p
OG0003411	VIT_204s0008g02320.3, VIT_204s0008g02320.1, VIT_204s0008g02320.2	Aqcoe7G304000.1.p
OG0003412	VIT_209s0002g04780.1, VIT_209s0002g04780.2, VIT_211s0016g04150.1, VIT_211s0016g04150.2	Aqcoe7G188600.1.p
OG0003413	VIT_210s0003g03160.1, VIT_219s0135g00070.1	Aqcoe1G192600.1.p
OG0003414	VIT_213s0064g01260.1, VIT_206s0004g01750.1	Aqcoe1G023700.1.p
OG0003415	VIT_206s0004g05030.2, VIT_206s0004g05030.3, VIT_206s0004g05030.4, VIT_206s0004g05030.1	Aqcoe1G107600.1.p
OG0003415	VIT_208s0007g00560.1, VIT_206s0004g05030.5	Aqcoe1G107700.1.p
OG0003416	VIT_219s0085g00380.1	Aqcoe1G164300.1.p
OG0003416	VIT_219s0085g00370.1	Aqcoe3G019700.1.p, Aqcoe1G164100.3.p, Aqcoe1G164100.1.p
OG0003417	VIT_219s0014g05190.1, VIT_219s0014g05190.2	Aqcoe1G364600.2.p, Aqcoe1G364600.1.p, Aqcoe1G364900.1.p
OG0003418	VIT_206s0004g00110.3, VIT_206s0004g00110.2, VIT_206s0004g00110.1	Aqcoe1G009200.3.p, Aqcoe1G009200.4.p, Aqcoe1G009200.1.p, Aqcoe1G009200.2.p
OG0003419	VIT_206s0004g03160.2, VIT_206s0004g03160.1, VIT_206s0004g03160.3, VIT_208s0040g02220.3, VIT_208s0040g02220.6, VIT_208s0040g02220.1, VIT_208s0040g02220.5, VIT_208s0040g02220.4, VIT_208s0040g02220.2	Aqcoe1G493900.1.p
OG0003420	VIT_213s0019g01960.1, VIT_206s0004g05080.1	Aqcoe1G105800.2.p, Aqcoe1G105800.1.p
OG0003421	VIT_219s0085g00880.3, VIT_219s0085g00880.1, VIT_219s0085g00880.2, VIT_219s0085g00860.10, VIT_219s0085g00860.9, VIT_219s0085g00860.5, VIT_219s0085g00860.1, VIT_219s0085g00860.2, VIT_219s0085g00860.6, VIT_219s0085g00860.7, VIT_219s0085g00860.8, VIT_219s0085g00860.11, VIT_219s0085g00860.4, VIT_219s0085g00860.3	Aqcoe1G158400.1.p
OG0003422	VIT_210s0003g04630.3, VIT_210s0003g04630.4, VIT_210s0003g04630.2, VIT_210s0003g04630.1	Aqcoe1G183500.1.p
OG0003423	VIT_204s0023g03420.1, VIT_204s0023g03420.3	Aqcoe5G209900.1.p, Aqcoe1G376400.1.p
OG0003424	VIT_208s0007g01530.1, VIT_213s0019g03190.2, VIT_213s0019g03190.3, VIT_213s0019g03190.1	Aqcoe1G091500.1.p
OG0003425	VIT_208s0007g02950.1, VIT_216s0098g01240.1, VIT_206s0080g00750.1	Aqcoe1G439200.1.p
OG0003426	VIT_208s0058g00090.1, VIT_208s0058g00100.1, VIT_208s0058g00104.1, VIT_208s0058g00064.1, VIT_208s0058g00040.1, VIT_208s0058g00010.1, VIT_208s0058g00060.1	Aqcoe1G410300.1.p, Aqcoe1G410300.2.p, Aqcoe1G502400.1.p
OG0003427	VIT_206s0004g05210.2, VIT_206s0004g05210.1	Aqcoe1G102900.1.p
OG0003428	VIT_210s0116g00160.1, VIT_212s0059g01180.1, VIT_212s0059g01180.2, VIT_212s0059g01180.3	Aqcoe1G342600.1.p
OG0003429	VIT_213s0073g00140.1, VIT_208s0007g02560.1	Aqcoe1G434200.1.p
OG0003430	VIT_213s0019g01490.2, VIT_213s0019g01490.1	Aqcoe1G457800.1.p, Aqcoe1G457800.2.p, Aqcoe1G457800.4.p, Aqcoe1G457800.3.p, Aqcoe1G457700.1.p
OG0003430	VIT_208s0007g00430.3, VIT_208s0007g00430.2, VIT_208s0007g00430.1	Aqcoe1G457500.2.p, Aqcoe1G457500.1.p
OG0003431	VIT_206s0004g08260.1, VIT_201s0150g00580.1, VIT_201s0150g00580.2	Aqcoe1G498700.1.p, Aqcoe3G413000.2.p
OG0003432	VIT_213s0019g01510.1	Aqcoe1G457000.1.p, Aqcoe1G457000.3.p, Aqcoe1G457000.4.p, Aqcoe1G457000.2.p
OG0003433	VIT_206s0061g00610.2, VIT_206s0061g00610.1, VIT_206s0061g00610.3	Aqcoe1G128500.1.p, Aqcoe1G128500.2.p
OG0003434	VIT_216s0039g01400.4, VIT_216s0039g01400.5, VIT_216s0039g01400.1, VIT_216s0039g01400.2, VIT_216s0039g01400.3	Aqcoe1G287700.1.p
OG0003435	VIT_207s0130g00350.4, VIT_207s0130g00350.2, VIT_207s0130g00350.1, VIT_207s0130g00350.3	Aqcoe1G467100.2.p, Aqcoe1G467100.1.p
OG0003436	VIT_211s0037g01324.1, VIT_211s0037g01350.2, VIT_211s0037g01350.1, VIT_211s0037g01350.4, VIT_211s0037g01350.3, VIT_207s0151g00100.1, VIT_209s0002g08760.1, VIT_209s0002g08700.1, VIT_209s0002g08800.1, VIT_209s0002g08810.1, VIT_207s0151g00070.1, VIT_207s0151g00020.1, VIT_207s0151g00170.1, VIT_207s0151g00220.1, VIT_200s0179g00070.1, VIT_207s0151g00990.1, VIT_200s0179g00030.1, VIT_200s0179g00010.1, VIT_200s0179g00040.3, VIT_200s0179g00040.1, VIT_200s0179g00040.2, VIT_200s0179g00005.1	Aqcoe1G339800.1.p
OG0003437	VIT_212s0028g03810.4, VIT_212s0028g03810.3, VIT_212s0028g03810.2, VIT_212s0028g03810.1	Aqcoe1G269400.5.p, Aqcoe1G269400.2.p, Aqcoe1G269400.1.p, Aqcoe1G269400.4.p, Aqcoe1G269400.3.p
OG0003438	VIT_212s0028g03410.2, VIT_212s0028g03410.1, VIT_212s0028g03410.3, VIT_212s0028g03410.4	Aqcoe1G259500.1.p
OG0003439	VIT_208s0040g01960.1, VIT_206s0004g03040.2, VIT_206s0004g03040.1	Aqcoe1G497300.1.p
OG0003440	VIT_212s0028g00860.1, VIT_212s0028g00860.2, VIT_219s0027g00880.1, VIT_219s0027g00910.1, VIT_219s0027g00840.1, VIT_219s0027g00860.1, VIT_219s0027g00870.1	Aqcoe1G177900.2.p, Aqcoe1G177900.1.p
OG0003441	VIT_208s0032g01080.3, VIT_208s0032g01080.1, VIT_208s0032g01080.2, VIT_208s0032g01080.4, VIT_208s0032g01080.6, VIT_208s0032g01080.5, VIT_208s0032g01080.7, VIT_206s0009g00890.5, VIT_206s0009g00890.4, VIT_206s0009g00890.2, VIT_206s0009g00890.3, VIT_206s0009g00890.1	Aqcoe1G074400.1.p
OG0003442	VIT_219s0177g00210.1, VIT_219s0177g00210.2	Aqcoe5G453500.2.p, Aqcoe5G453500.1.p, Aqcoe5G453500.3.p, Aqcoe5G453500.4.p, Aqcoe1G353200.2.p, Aqcoe1G353200.1.p
OG0003443	VIT_212s0035g00400.1	Aqcoe5G299700.2.p, Aqcoe5G299700.1.p
OG0003444	VIT_202s0025g03700.1	Aqcoe5G428300.2.p, Aqcoe5G429400.1.p, Aqcoe5G428300.1.p, Aqcoe5G429300.1.p
OG0003445	VIT_200s0204g00110.8, VIT_200s0204g00110.5, VIT_200s0204g00110.2, VIT_200s0204g00110.1, VIT_200s0204g00110.7, VIT_200s0204g00110.10, VIT_200s0204g00110.11, VIT_200s0204g00110.9, VIT_200s0204g00110.6, VIT_200s0204g00110.3, VIT_200s0204g00110.4	Aqcoe5G301400.4.p, Aqcoe5G301400.3.p, Aqcoe5G301400.2.p, Aqcoe5G301400.1.p
OG0003446	VIT_204s0008g07110.1, VIT_204s0008g07080.1	Aqcoe5G135100.1.p, Aqcoe5G135200.2.p, Aqcoe5G135100.2.p, Aqcoe5G135200.1.p, Aqcoe5G443800.1.p
OG0003447	VIT_216s0050g02110.1, VIT_216s0050g02130.1, VIT_216s0050g02150.1, VIT_216s0050g02160.4, VIT_216s0050g02160.3, VIT_216s0050g02160.2, VIT_216s0050g02160.1	Aqcoe5G440500.2.p, Aqcoe5G440500.1.p
OG0003448	VIT_217s0000g06620.1	Aqcoe3G351000.1.p
OG0003448	VIT_203s0038g04340.1	Aqcoe5G107800.1.p, Aqcoe5G107700.1.p
OG0003449	VIT_209s0054g01810.1, VIT_203s0038g00010.1	Aqcoe5G080100.1.p, Aqcoe5G080100.2.p
OG0003450	VIT_214s0068g01390.2, VIT_214s0068g01390.1	Aqcoe5G342000.2.p, Aqcoe5G342000.1.p
OG0003451	VIT_200s2580g00010.1	Aqcoe3G240000.2.p, Aqcoe3G240000.1.p, Aqcoe3G240000.3.p, Aqcoe5G156000.1.p
OG0003452	VIT_202s0025g04640.6, VIT_202s0025g04640.4, VIT_202s0025g04640.2, VIT_202s0025g04640.1, VIT_202s0025g04640.5, VIT_202s0025g04640.3	Aqcoe5G422500.1.p, Aqcoe5G422500.2.p
OG0003453	VIT_218s0089g00620.2, VIT_218s0089g00620.4, VIT_218s0089g00620.1, VIT_218s0089g00620.8, VIT_218s0089g00620.6, VIT_218s0089g00620.7, VIT_218s0089g00620.9, VIT_218s0089g00620.5, VIT_218s0089g00620.3	Aqcoe5G217500.1.p
OG0003454	VIT_200s0313g00070.1, VIT_203s0167g00070.1, VIT_215s0107g00120.1, VIT_218s0001g07460.1, VIT_218s0001g07460.2, VIT_218s0001g07460.3, VIT_218s0001g07460.4	Aqcoe5G160100.2.p, Aqcoe5G160100.1.p, Aqcoe5G160100.3.p
OG0003455	VIT_200s0225g00220.2, VIT_200s0225g00220.1, VIT_200s0225g00220.3	Aqcoe5G405700.1.p, Aqcoe5G405700.2.p
OG0003456	VIT_214s0030g02200.7, VIT_214s0030g02200.6, VIT_214s0030g02200.5, VIT_214s0030g02200.2, VIT_214s0030g02200.1, VIT_214s0030g02200.3, VIT_214s0030g02200.4, VIT_207s0141g00170.1	Aqcoe5G043300.1.p
OG0003457	VIT_205s0094g00050.1, VIT_205s0094g00050.2, VIT_205s0094g00050.3, VIT_205s0094g00050.4	Aqcoe5G000700.6.p, Aqcoe5G000700.8.p, Aqcoe5G000700.1.p, Aqcoe5G000700.5.p, Aqcoe5G000700.4.p, Aqcoe5G000700.3.p, Aqcoe5G000700.2.p, Aqcoe5G000700.7.p, Aqcoe5G000700.9.p, Aqcoe5G000700.11.p, Aqcoe5G000700.10.p, Aqcoe5G000700.12.p
OG0003458	VIT_203s0038g00320.4, VIT_203s0038g00320.2, VIT_203s0038g00320.3, VIT_203s0038g00320.6, VIT_203s0038g00320.7, VIT_203s0038g00320.5, VIT_203s0038g00320.1, VIT_203s0038g00320.9, VIT_203s0038g00320.8	Aqcoe5G181000.2.p, Aqcoe5G181000.1.p
OG0003459	VIT_205s0049g02220.1	Aqcoe5G319600.1.p, Aqcoe5G012800.1.p
OG0003460	VIT_219s0014g01900.4, VIT_219s0014g01900.3, VIT_219s0014g01900.1, VIT_219s0014g01900.2	Aqcoe5G434500.1.p
OG0003461	VIT_207s0005g00220.3, VIT_207s0005g00220.6, VIT_207s0005g00220.2, VIT_207s0005g00220.5, VIT_207s0005g00220.4, VIT_207s0005g00220.7, VIT_207s0005g00220.8, VIT_207s0005g00220.1	Aqcoe5G170100.1.p
OG0003462	VIT_204s0008g00450.4, VIT_204s0008g00450.3, VIT_204s0008g00450.2, VIT_204s0008g00450.1	Aqcoe5G166000.1.p
OG0003463	VIT_216s0039g02200.4, VIT_216s0039g02200.3, VIT_216s0039g02200.5, VIT_216s0039g02200.7, VIT_216s0039g02200.2, VIT_216s0039g02200.1, VIT_216s0039g02200.6	Aqcoe5G043800.2.p, Aqcoe5G043800.1.p
OG0003464	VIT_204s0023g03150.8, VIT_204s0023g03150.9, VIT_204s0023g03150.7, VIT_204s0023g03150.1, VIT_204s0023g03150.6, VIT_204s0023g03150.4, VIT_204s0023g03150.2, VIT_204s0023g03150.5, VIT_204s0023g03150.3	Aqcoe5G176000.1.p, Aqcoe5G176000.2.p
OG0003465	VIT_218s0001g09710.3, VIT_218s0001g09710.1, VIT_218s0001g09710.2, VIT_218s0001g09710.6, VIT_218s0001g09710.4, VIT_218s0001g09710.5, VIT_207s0129g01020.1	Aqcoe5G138100.1.p
OG0003466	VIT_215s0021g02280.1, VIT_200s0229g00090.1, VIT_200s0459g00020.1	Aqcoe5G412400.1.p
OG0003467	VIT_214s0060g02410.2, VIT_214s0060g02410.1	Aqcoe5G082900.1.p
OG0003468	VIT_217s0000g09790.3, VIT_217s0000g09790.2, VIT_217s0000g09790.1, VIT_217s0000g09790.5, VIT_217s0000g09790.4	Aqcoe3G135500.2.p, Aqcoe3G135500.1.p, Aqcoe5G384600.1.p
OG0003469	VIT_207s0191g00260.1	Aqcoe5G219100.2.p, Aqcoe5G219100.3.p, Aqcoe5G219100.1.p
OG0003470	VIT_217s0000g00360.1	Aqcoe5G339400.2.p, Aqcoe5G339400.1.p, Aqcoe5G339400.3.p
OG0003471	VIT_217s0000g09110.1, VIT_214s0066g00560.1, VIT_200s0225g00020.1	Aqcoe3G145300.1.p, Aqcoe5G401900.1.p
OG0003472	VIT_203s0017g02390.2, VIT_203s0017g02390.1, VIT_203s0017g02375.1	Aqcoe5G342900.3.p, Aqcoe5G342900.2.p, Aqcoe5G342900.1.p
OG0003473	VIT_200s0179g00100.1	Aqcoe5G048000.1.p
OG0003474	VIT_217s0000g03180.1, VIT_201s0011g04140.1	Aqcoe3G024300.1.p
OG0003475	VIT_217s0000g05530.2, VIT_217s0000g05530.1, VIT_201s0026g01450.1	Aqcoe3G094800.1.p
OG0003476	VIT_217s0000g07990.1, VIT_214s0066g01600.1	Aqcoe3G299900.1.p
OG0003477	VIT_207s0005g06190.1, VIT_201s0146g00160.1	Aqcoe3G159600.1.p
OG0003478	VIT_217s0000g02430.2, VIT_217s0000g02430.1, VIT_217s0000g02430.4	Aqcoe3G003000.2.p, Aqcoe3G003000.1.p
OG0003478	VIT_201s0011g05200.2, VIT_201s0011g05200.3, VIT_201s0011g05200.1	Aqcoe3G003000.3.p
OG0003479	VIT_214s0108g00860.2, VIT_214s0108g00860.1, VIT_201s0026g02360.1, VIT_201s0026g02360.2	Aqcoe3G337400.1.p
OG0003480	VIT_201s0011g03070.1, VIT_214s0083g00130.1	Aqcoe3G047000.1.p, Aqcoe3G396900.1.p
OG0003481	VIT_201s0011g02030.1, VIT_201s0011g02000.1	Aqcoe3G433900.1.p, Aqcoe3G433900.2.p
OG0003481	VIT_210s0042g01050.1, VIT_210s0042g01050.3, VIT_210s0042g01050.2	Aqcoe3G431700.1.p
OG0003482	VIT_217s0000g07430.1, VIT_214s0068g00291.1, VIT_201s0011g00440.1	Aqcoe3G371000.2.p, Aqcoe3G371000.1.p, Aqcoe3G063000.1.p
OG0003483	VIT_217s0000g04460.1, VIT_201s0011g02470.1	Aqcoe3G389300.1.p
OG0003484	VIT_201s0011g04340.5, VIT_201s0011g04340.4, VIT_201s0011g04340.6, VIT_201s0011g04340.2, VIT_201s0011g04340.1, VIT_201s0011g04340.3, VIT_217s0000g03110.2, VIT_217s0000g03110.4, VIT_217s0000g03110.1, VIT_217s0000g03110.3	Aqcoe3G022500.2.p, Aqcoe3G022500.1.p
OG0003485	VIT_214s0066g00710.1, VIT_214s0066g00700.1, VIT_217s0000g09000.1	Aqcoe3G202700.1.p
OG0003486	VIT_217s0000g05180.1, VIT_217s0000g05190.1	Aqcoe3G369600.1.p, Aqcoe3G369600.3.p, Aqcoe3G369600.5.p, Aqcoe3G369600.4.p, Aqcoe3G369600.2.p
OG0003487	VIT_216s0039g01510.1, VIT_215s0021g01150.2, VIT_215s0021g01140.1, VIT_215s0021g01150.1	Aqcoe3G245700.1.p, Aqcoe3G244600.1.p, Aqcoe3G244700.1.p
OG0003488	VIT_219s0015g01070.1	Aqcoe3G341900.1.p
OG0003489	VIT_214s0006g02450.1, VIT_201s0011g04260.2, VIT_201s0011g04260.1	Aqcoe3G023400.1.p, Aqcoe3G023400.2.p
OG0003490	VIT_216s0039g02220.2, VIT_216s0039g02220.1	Aqcoe3G185900.2.p, Aqcoe3G185900.1.p
OG0003491	VIT_217s0000g08950.4, VIT_217s0000g08950.3, VIT_217s0000g08950.2, VIT_217s0000g08950.1	Aqcoe3G276500.4.p, Aqcoe3G276500.1.p, Aqcoe3G276500.6.p, Aqcoe3G276500.2.p, Aqcoe3G276500.7.p, Aqcoe3G276500.3.p, Aqcoe3G276500.5.p
OG0003492	VIT_204s0043g00160.1, VIT_201s0011g06150.1	Aqcoe3G409300.1.p
OG0003493	VIT_217s0000g07630.1, VIT_214s0066g02370.2, VIT_214s0066g02370.3, VIT_214s0066g02370.1	Aqcoe3G103800.2.p, Aqcoe3G103800.1.p
OG0003494	VIT_201s0011g04960.1, VIT_201s0011g04960.2, VIT_201s0011g04960.3, VIT_201s0011g04960.4	Aqcoe3G014500.1.p, Aqcoe3G014500.2.p, Aqcoe3G014500.3.p
OG0003495	VIT_207s0031g02090.1	Aqcoe3G434000.2.p, Aqcoe3G434000.1.p, Aqcoe3G263200.1.p
OG0003496	VIT_201s0011g03140.1, VIT_201s0011g03140.2	Aqcoe3G045000.1.p, Aqcoe3G045000.2.p
OG0003497	VIT_213s0067g03110.1, VIT_213s0067g03110.2, VIT_213s0067g03110.3, VIT_213s0067g03110.4	Aqcoe3G083900.3.p
OG0003498	VIT_200s0533g00020.3, VIT_200s0533g00020.1, VIT_200s0533g00020.4, VIT_200s0533g00020.2, VIT_200s0533g00020.5	Aqcoe3G265000.1.p
OG0003499	VIT_202s0012g00280.2, VIT_202s0012g00280.1, VIT_215s0021g00940.1	Aqcoe3G259100.1.p
OG0003500	VIT_214s0006g03040.1, VIT_214s0006g03040.2	Aqcoe3G041000.2.p, Aqcoe3G041000.1.p
OG0003501	VIT_217s0000g02000.2, VIT_217s0000g02000.3, VIT_217s0000g02000.5, VIT_217s0000g02000.4, VIT_217s0000g02000.6, VIT_217s0000g02000.1	Aqcoe3G006600.1.p
OG0003502	VIT_217s0000g03300.2, VIT_217s0000g03300.3, VIT_217s0000g03300.1, VIT_201s0011g04000.1	Aqcoe3G026500.1.p
OG0003526	VIT_206s0004g08370.6, VIT_206s0004g08370.4, VIT_206s0004g08370.5, VIT_206s0004g08370.1, VIT_206s0004g08370.2, VIT_206s0004g08370.3	Aqcoe2G072800.1.p
OG0003527	VIT_207s0031g03030.1, VIT_207s0031g03030.2	Aqcoe2G032400.1.p
OG0003528	VIT_208s0056g00200.2	Aqcoe1G355000.2.p
OG0003528	VIT_208s0056g00200.1	Aqcoe2G072100.1.p, Aqcoe1G355000.1.p
OG0003529	VIT_206s0080g00850.1, VIT_206s0080g00850.3, VIT_206s0080g00850.4, VIT_206s0080g00850.2	Aqcoe2G116000.1.p
OG0003530	VIT_205s0020g01830.1	Aqcoe2G311200.1.p, Aqcoe2G311300.1.p
OG0003531	VIT_205s0020g01400.1, VIT_207s0104g01770.1, VIT_214s0060g02390.1	Aqcoe2G304000.1.p
OG0003532	VIT_208s0040g03320.1, VIT_208s0040g03320.2, VIT_208s0040g03320.3	Aqcoe2G180100.2.p, Aqcoe2G180100.3.p, Aqcoe2G180100.1.p
OG0003533	VIT_214s0030g01350.6, VIT_214s0030g01350.5, VIT_214s0030g01350.4, VIT_214s0030g01350.2, VIT_214s0030g01350.3, VIT_214s0030g01350.1	Aqcoe2G310600.1.p
OG0003534	VIT_207s0104g00620.1	Aqcoe2G326500.1.p, Aqcoe2G326800.1.p, Aqcoe2G326800.2.p, Aqcoe2G327000.2.p, Aqcoe2G327000.1.p
OG0003534	VIT_214s0128g00080.1, VIT_214s0128g00070.1	Aqcoe1G268900.1.p, Aqcoe4G272700.1.p
OG0003535	VIT_213s0019g05360.2, VIT_213s0019g05360.6, VIT_213s0019g05360.7, VIT_213s0019g05360.5, VIT_213s0019g05360.1, VIT_213s0019g05360.4, VIT_213s0019g05360.3	Aqcoe1G124300.1.p, Aqcoe1G124300.2.p, Aqcoe2G214800.1.p
OG0003536	VIT_208s0007g08350.1, VIT_208s0007g08350.2	Aqcoe2G017800.4.p, Aqcoe2G017800.3.p, Aqcoe2G017800.2.p, Aqcoe2G017800.1.p
OG0003537	VIT_207s0151g00280.1	Aqcoe5G048700.1.p, Aqcoe5G048600.1.p
OG0003538	VIT_214s0081g00580.5, VIT_214s0081g00580.3, VIT_214s0081g00580.4, VIT_214s0081g00580.2, VIT_214s0081g00580.1	Aqcoe2G366800.1.p
OG0003539	VIT_214s0036g00660.3, VIT_214s0036g00660.4, VIT_214s0036g00660.2, VIT_214s0036g00660.1	Aqcoe2G376100.1.p, Aqcoe2G376100.7.p, Aqcoe2G376100.5.p, Aqcoe2G376100.2.p, Aqcoe2G376100.4.p, Aqcoe2G376100.3.p, Aqcoe2G376100.6.p, Aqcoe2G376100.8.p
OG0003540	VIT_206s0004g07920.1, VIT_208s0058g01130.3, VIT_208s0058g01130.1, VIT_208s0058g01130.2	Aqcoe2G076600.2.p, Aqcoe2G076600.1.p
OG0003541	VIT_208s0007g07860.4, VIT_208s0007g07860.2, VIT_208s0007g07860.1, VIT_208s0007g07860.3	Aqcoe2G013000.1.p
OG0003542	VIT_205s0049g01960.1	Aqcoe2G385000.1.p
OG0003543	VIT_216s0100g00650.1	Aqcoe2G339100.1.p
OG0003543	VIT_208s0007g04210.1	Aqcoe7G043600.1.p
OG0003544	VIT_205s0077g02330.1, VIT_205s0077g02330.2, VIT_205s0077g02330.3	Aqcoe2G293400.5.p, Aqcoe2G293400.4.p, Aqcoe2G293400.6.p, Aqcoe2G293400.2.p, Aqcoe2G293400.1.p, Aqcoe2G293400.3.p
OG0003545	VIT_213s0067g00990.1, VIT_206s0004g06700.1	Aqcoe2G093000.1.p
OG0003546	VIT_204s0008g03160.1, VIT_205s0020g04450.2, VIT_205s0020g04450.1	Aqcoe2G355100.1.p
OG0003547	VIT_205s0029g00020.1, VIT_207s0005g06490.1	Aqcoe5G005000.1.p, Aqcoe2G399100.1.p
OG0003548	VIT_207s0151g00770.1	Aqcoe5G052200.2.p, Aqcoe3G259300.1.p, Aqcoe5G052200.1.p, Aqcoe2G348200.2.p, Aqcoe2G348200.1.p
OG0003549	VIT_206s0009g03430.3, VIT_206s0009g03430.5, VIT_206s0009g03430.4, VIT_206s0009g03430.2, VIT_206s0009g03430.1	Aqcoe2G041000.1.p
OG0003550	VIT_213s0067g01650.1, VIT_206s0004g07040.1	Aqcoe2G085300.1.p
OG0003551	VIT_205s0029g00040.1, VIT_207s0005g06340.2, VIT_207s0005g06340.1	Aqcoe2G400300.1.p
OG0003552	VIT_213s0074g00440.1, VIT_213s0074g00440.2, VIT_213s0074g00440.4, VIT_213s0074g00440.3	Aqcoe2G288200.5.p, Aqcoe2G288200.3.p, Aqcoe2G288200.2.p, Aqcoe2G288200.4.p, Aqcoe2G288200.1.p
OG0003553	VIT_207s0005g02170.1	Aqcoe5G297100.2.p, Aqcoe5G297100.1.p
OG0003554	VIT_214s0060g01090.1, VIT_214s0060g01090.3, VIT_214s0060g01090.2	Aqcoe2G270900.1.p, Aqcoe2G270900.4.p, Aqcoe2G270900.3.p, Aqcoe2G270900.2.p
OG0003556	VIT_204s0043g00760.1, VIT_204s0043g00760.2	Aqcoe2G416200.1.p, Aqcoe2G416200.2.p
OG0003557	VIT_207s0031g02030.1, VIT_218s0072g00310.1	Aqcoe2G043200.1.p, Aqcoe2G043200.2.p
OG0003558	VIT_209s0002g04680.1, VIT_209s0002g04680.3, VIT_209s0002g04680.2	Aqcoe2G111000.1.p
OG0003559	VIT_213s0074g00675.1, VIT_213s0074g00650.2, VIT_213s0074g00650.1	Aqcoe1G454300.2.p, Aqcoe1G454300.1.p
OG0003560	VIT_200s0179g00320.2, VIT_200s0179g00320.3, VIT_200s0179g00320.1	Aqcoe5G045400.1.p, Aqcoe2G355300.1.p
OG0003561	VIT_208s0056g00080.1, VIT_208s0056g00080.2, VIT_208s0056g00080.3, VIT_208s0056g00080.4	Aqcoe2G066700.1.p, Aqcoe2G066700.3.p, Aqcoe2G066700.2.p
OG0003562	VIT_208s0007g00930.1, VIT_213s0019g02280.1, VIT_213s0019g02280.2	Aqcoe2G231600.3.p, Aqcoe2G231600.2.p, Aqcoe2G231600.1.p
OG0003563	VIT_208s0217g00020.2, VIT_208s0217g00020.1, VIT_208s0217g00020.3, VIT_206s0004g06870.1	Aqcoe2G088100.1.p
OG0003564	VIT_207s0005g03120.1, VIT_205s0049g00480.1	Aqcoe5G028200.1.p, Aqcoe2G371600.1.p
OG0003565	VIT_205s0020g02840.1, VIT_205s0020g02840.2, VIT_205s0020g02840.3	Aqcoe2G335300.1.p, Aqcoe2G335300.2.p
OG0003567	VIT_203s0097g00530.1, VIT_200s0415g00030.1	Aqcoe5G053800.2.p, Aqcoe5G053800.1.p, Aqcoe1G383800.1.p, Aqcoe6G068200.2.p, Aqcoe6G068200.1.p
OG0003568	VIT_211s0118g00815.1	Aqcoe7G368700.1.p, Aqcoe7G368300.1.p, Aqcoe6G301800.1.p, Aqcoe7G420500.1.p
OG0003569	VIT_218s0001g02420.4, VIT_218s0001g02420.2, VIT_218s0001g02420.3, VIT_218s0001g02420.1	Aqcoe6G025800.2.p, Aqcoe6G025800.1.p, Aqcoe6G025700.1.p
OG0003570	VIT_218s0001g06430.1, VIT_218s0001g06430.2, VIT_207s0191g00180.1, VIT_207s0191g00180.2	Aqcoe6G076600.1.p, Aqcoe6G076600.2.p
OG0003571	VIT_204s0023g03010.1, VIT_203s0038g00670.2, VIT_203s0038g00670.1	Aqcoe6G253000.1.p, Aqcoe5G178300.1.p
OG0003572	VIT_200s0471g00050.1, VIT_200s0686g00030.1, VIT_200s0471g00050.4, VIT_200s0471g00050.3, VIT_200s0471g00050.2	Aqcoe6G269400.1.p
OG0003573	VIT_218s0001g08780.1	Aqcoe6G269500.1.p
OG0003574	VIT_213s0064g00850.1, VIT_207s0031g01230.2	Aqcoe6G275000.1.p, Aqcoe6G057400.1.p
OG0003575	VIT_212s0034g01010.3, VIT_216s0013g00930.1, VIT_212s0034g01010.2, VIT_212s0034g01010.1	Aqcoe6G016700.1.p
OG0003576	VIT_204s0023g00590.2, VIT_204s0023g00590.1, VIT_204s0023g00590.3	Aqcoe6G000800.1.p
OG0003576	VIT_219s0015g01900.1, VIT_219s0015g01900.2, VIT_219s0015g01900.3	Aqcoe1G476700.1.p
OG0003577	VIT_218s0001g06690.3, VIT_218s0001g06690.1, VIT_218s0001g06690.2, VIT_203s0017g00620.2, VIT_203s0017g00620.1	Aqcoe6G074100.1.p, Aqcoe6G074200.1.p, Aqcoe6G074000.1.p, Aqcoe6G074400.1.p, Aqcoe6G074300.1.p
OG0003578	VIT_212s0028g00900.1, VIT_218s0041g01830.2, VIT_218s0041g01830.3, VIT_218s0041g01830.1, VIT_218s0041g01830.4	Aqcoe6G256400.1.p
OG0003579	VIT_218s0001g13640.2, VIT_211s0103g00690.1, VIT_218s0001g13640.5, VIT_218s0001g13640.4, VIT_218s0001g13640.1, VIT_218s0001g13640.3	Aqcoe5G272100.1.p, Aqcoe6G245800.1.p
OG0003580	VIT_214s0006g02510.3, VIT_214s0006g02510.1, VIT_214s0006g02510.2	Aqcoe3G410400.1.p, Aqcoe3G410400.2.p, Aqcoe6G202300.1.p, Aqcoe4G206000.1.p
OG0003581	VIT_209s0002g00970.1, VIT_211s0016g00840.1	Aqcoe5G104600.2.p, Aqcoe6G288200.1.p, Aqcoe5G104600.1.p
OG0003582	VIT_219s0090g01220.2, VIT_219s0090g01220.1	Aqcoe6G004400.1.p, Aqcoe7G387900.2.p, Aqcoe7G387900.1.p
OG0003583	VIT_218s0001g08010.1, VIT_203s0097g00600.1, VIT_203s0167g00210.1	Aqcoe5G247700.1.p, Aqcoe6G067500.1.p
OG0003584	VIT_203s0017g00650.1, VIT_203s0017g00650.2, VIT_207s0191g00190.2, VIT_207s0191g00190.1	Aqcoe6G076400.1.p
OG0003585	VIT_218s0001g09260.2, VIT_218s0001g09260.1, VIT_218s0001g09260.3, VIT_203s0091g00660.4, VIT_203s0091g00660.3, VIT_203s0091g00660.2, VIT_203s0091g00660.1	Aqcoe5G104300.1.p, Aqcoe5G104300.2.p, Aqcoe6G287600.1.p
OG0003586	VIT_200s0772g00020.1, VIT_200s1291g00010.1	Aqcoe6G092100.2.p, Aqcoe6G092100.1.p
OG0003587	VIT_218s0001g12560.1, VIT_204s0023g01860.1	Aqcoe5G190100.2.p, Aqcoe5G190100.3.p, Aqcoe5G190100.1.p, Aqcoe6G121100.1.p
OG0003588	VIT_202s0025g04090.1	Aqcoe6G243800.1.p, Aqcoe7G044800.1.p, Aqcoe7G044800.2.p, Aqcoe6G243800.2.p, Aqcoe6G243800.3.p
OG0003589	VIT_218s0001g07400.1, VIT_203s0017g00270.1, VIT_203s0017g00270.2, VIT_203s0017g00270.3	Aqcoe6G154000.1.p
OG0003590	VIT_203s0091g00240.1	Aqcoe6G302800.1.p
OG0003591	VIT_206s0004g01250.1, VIT_208s0007g06450.3, VIT_208s0007g06450.2, VIT_208s0007g06450.1	Aqcoe6G323400.1.p, Aqcoe6G323200.1.p
OG0003592	VIT_207s0129g00580.1, VIT_203s0091g00390.1	Aqcoe5G146200.1.p
OG0003593	VIT_215s0021g01310.1, VIT_215s0021g01310.2	Aqcoe3G261500.2.p, Aqcoe3G261500.1.p
OG0003593	VIT_207s0031g01840.1	Aqcoe6G045000.1.p
OG0003594	VIT_218s0001g05680.1	Aqcoe6G084100.2.p, Aqcoe6G084100.3.p, Aqcoe6G084100.1.p
OG0003595	VIT_212s0028g00250.1, VIT_212s0028g00210.1, VIT_210s0042g00090.2, VIT_210s0042g00090.1	Aqcoe6G010500.2.p, Aqcoe6G010500.1.p
OG0003596	VIT_207s0031g02190.2, VIT_207s0031g02190.1	Aqcoe6G169400.1.p, Aqcoe6G169400.2.p
OG0003597	VIT_203s0091g01090.1, VIT_203s0091g01090.2, VIT_218s0001g08870.1, VIT_218s0001g08870.2, VIT_218s0001g08870.3, VIT_218s0001g08870.4	Aqcoe6G273100.1.p
OG0003598	VIT_209s0002g01620.1, VIT_216s0098g00730.1	Aqcoe5G474500.1.p, Aqcoe6G325000.1.p
OG0003599	VIT_207s0129g00290.3, VIT_207s0129g00290.11, VIT_207s0129g00290.13, VIT_207s0129g00290.6, VIT_207s0129g00290.16, VIT_207s0129g00290.12, VIT_207s0129g00290.7, VIT_207s0129g00290.9, VIT_207s0129g00290.4, VIT_207s0129g00290.1, VIT_207s0129g00290.2, VIT_207s0129g00290.5	Aqcoe6G287300.2.p, Aqcoe6G287300.1.p
OG0003600	VIT_204s0044g01700.3, VIT_204s0044g01700.2, VIT_204s0044g01700.5, VIT_204s0044g01700.4, VIT_204s0044g01800.1, VIT_204s0044g01820.1, VIT_204s0044g01700.1	Aqcoe3G106500.2.p, Aqcoe3G106500.1.p, Aqcoe3G052300.3.p, Aqcoe3G052300.1.p, Aqcoe3G052300.2.p, Aqcoe6G163300.4.p, Aqcoe6G163300.3.p, Aqcoe6G163300.1.p, Aqcoe6G163300.2.p
OG0003601	VIT_218s0001g05620.1, VIT_200s0665g00020.2, VIT_200s0665g00020.1	Aqcoe6G085200.1.p
OG0003602	VIT_204s0023g03620.4, VIT_204s0023g03620.3, VIT_204s0023g03620.2, VIT_204s0023g03620.1, VIT_204s0008g00060.1, VIT_210s0042g01145.1	Aqcoe6G213800.1.p, Aqcoe6G213800.2.p
OG0003603	VIT_218s0001g08520.1, VIT_200s0840g00010.1, VIT_200s1437g00010.1	Aqcoe6G315300.1.p
OG0003604	VIT_202s0025g00850.1, VIT_202s0025g00850.2	Aqcoe6G190900.1.p, Aqcoe6G190900.2.p, Aqcoe6G190900.4.p, Aqcoe6G190900.6.p, Aqcoe6G190900.3.p, Aqcoe6G190900.5.p
OG0003605	VIT_210s0003g04240.1	Aqcoe4G002600.1.p
OG0003606	VIT_212s0028g03010.1, VIT_210s0003g00390.1, VIT_200s0199g00290.1	Aqcoe1G250800.1.p, Aqcoe4G076500.1.p
OG0003607	VIT_206s0009g02380.5, VIT_206s0009g02380.3, VIT_206s0009g02380.6, VIT_206s0009g02380.7, VIT_206s0009g02380.1, VIT_206s0009g02380.2, VIT_206s0009g02380.4	Aqcoe4G305200.3.p, Aqcoe4G307000.1.p, Aqcoe0016s0011.1.p, Aqcoe4G305200.1.p, Aqcoe4G083000.1.p, Aqcoe4G305200.2.p, Aqcoe0009s0024.1.p, Aqcoe0009s0012.1.p
OG0003608	VIT_210s0003g01230.2, VIT_210s0003g01230.3, VIT_210s0003g01230.4, VIT_210s0003g01230.1	Aqcoe4G047600.1.p
OG0003609	VIT_211s0016g05760.7, VIT_211s0016g05760.3, VIT_211s0016g05760.5, VIT_211s0016g05760.8, VIT_211s0016g05760.6, VIT_211s0016g05760.4, VIT_211s0016g05760.2, VIT_211s0016g05760.1	Aqcoe4G093400.1.p, Aqcoe1G303600.1.p
OG0003610	VIT_210s0003g01390.1, VIT_210s0003g01390.2, VIT_210s0003g01390.3, VIT_212s0028g02070.1	Aqcoe4G040700.1.p
OG0003611	VIT_210s0116g00980.2, VIT_210s0116g00980.3, VIT_210s0116g00980.4, VIT_210s0116g00980.6, VIT_210s0116g00980.1, VIT_210s0116g00980.5	Aqcoe4G221900.1.p, Aqcoe4G221900.3.p, Aqcoe4G221900.2.p
OG0003612	VIT_201s0010g03050.3, VIT_201s0010g03050.1, VIT_201s0010g03050.2, VIT_202s0025g02050.1	Aqcoe4G096100.1.p, Aqcoe4G096100.4.p, Aqcoe4G096100.3.p, Aqcoe5G467500.1.p
OG0003613	VIT_211s0016g03250.1, VIT_204s0008g00030.1	Aqcoe7G409800.1.p
OG0003613	VIT_204s0008g03210.1, VIT_204s0008g03200.1	Aqcoe7G157400.1.p, Aqcoe4G285000.1.p
OG0003614	VIT_205s0094g01470.3, VIT_205s0094g01470.6, VIT_205s0094g01470.4, VIT_205s0094g01470.2, VIT_205s0094g01470.5, VIT_205s0094g01470.1	Aqcoe4G001800.1.p, Aqcoe4G001800.3.p, Aqcoe4G001800.2.p, Aqcoe4G001800.4.p
OG0003615	VIT_210s0003g05480.2, VIT_210s0003g05480.3, VIT_210s0003g05480.1	Aqcoe1G171300.1.p, Aqcoe4G197300.1.p
OG0003615	VIT_207s0005g03430.1	Aqcoe5G025400.1.p
OG0003616	VIT_212s0028g03450.1	Aqcoe4G095900.1.p
OG0003617	VIT_216s0022g01590.1, VIT_215s0048g00670.1	Aqcoe5G420900.1.p, Aqcoe7G072000.1.p
OG0003618	VIT_211s0016g05500.2, VIT_211s0016g05500.1	Aqcoe7G213800.1.p, Aqcoe7G234400.1.p
OG0003619	VIT_204s0008g04970.5, VIT_204s0008g04970.4, VIT_204s0008g04970.1, VIT_204s0008g04970.2, VIT_204s0008g04970.3	Aqcoe7G210800.1.p
OG0003620	VIT_204s0008g05420.1, VIT_211s0016g05330.2	Aqcoe7G388700.1.p, Aqcoe7G266900.1.p
OG0003621	VIT_202s0025g01100.4, VIT_202s0025g01100.2, VIT_202s0025g01100.1, VIT_202s0025g01100.3, VIT_215s0046g01320.1	Aqcoe7G016500.1.p, Aqcoe7G016500.2.p
OG0003622	VIT_202s0025g04900.2, VIT_202s0025g04900.6, VIT_202s0025g04900.3, VIT_202s0025g04900.5, VIT_202s0025g04900.1, VIT_202s0025g04900.4	Aqcoe7G059500.1.p
OG0003623	VIT_211s0118g00790.3, VIT_211s0118g00790.1, VIT_211s0118g00790.2, VIT_211s0118g00790.4	Aqcoe7G370500.3.p, Aqcoe7G370500.2.p, Aqcoe7G370500.1.p, Aqcoe7G370500.4.p
OG0003624	VIT_211s0052g00140.1, VIT_211s0052g00140.3, VIT_211s0052g00140.4, VIT_211s0052g00140.2, VIT_209s0054g00230.1, VIT_209s0054g00370.1	Aqcoe7G263000.2.p, Aqcoe7G263000.1.p
OG0003625	VIT_215s0048g01410.1, VIT_215s0048g01410.2, VIT_215s0048g01410.3	Aqcoe7G056400.1.p
OG0003626	VIT_216s0013g00880.1	Aqcoe3G267500.1.p
OG0003626	VIT_204s0008g00540.1	Aqcoe7G144100.1.p
OG0003627	VIT_204s0008g03140.4, VIT_204s0008g03140.8, VIT_204s0008g03140.6, VIT_204s0008g03140.10, VIT_204s0008g03140.9, VIT_204s0008g03140.7, VIT_204s0008g03140.5, VIT_204s0008g03140.2, VIT_204s0008g03140.1, VIT_204s0008g03140.3	Aqcoe7G246300.1.p, Aqcoe7G246300.2.p
OG0003628	VIT_211s0016g02690.1	Aqcoe7G142200.1.p
OG0003629	VIT_211s0016g05480.1, VIT_204s0008g05540.1	Aqcoe7G348000.1.p
OG0003630	VIT_215s0048g00610.1, VIT_216s0022g00590.1	Aqcoe5G417600.1.p
OG0003630	VIT_215s0048g00620.1	Aqcoe7G081500.1.p
OG0003631	VIT_200s0229g00130.1	Aqcoe7G088600.1.p
OG0003631	VIT_209s0002g04020.1	Aqcoe7G162100.1.p
OG0003632	VIT_209s0002g05200.1, VIT_209s0002g05200.2	Aqcoe7G397700.1.p
OG0003633	VIT_216s0098g01290.1, VIT_216s0098g01290.3, VIT_202s0025g02420.1	Aqcoe7G003600.1.p
OG0003634	VIT_204s0008g02760.1	Aqcoe7G287200.1.p
OG0003635	VIT_211s0149g00078.1, VIT_211s0149g00078.2	Aqcoe7G367300.2.p, Aqcoe7G367300.1.p
OG0003636	VIT_209s0002g03390.1, VIT_211s0016g03070.1	Aqcoe7G420900.1.p, Aqcoe7G151800.1.p
OG0003637	VIT_209s0002g08580.1, VIT_213s0047g00060.1, VIT_213s0019g01170.1, VIT_209s0002g08590.1	Aqcoe7G373200.1.p
OG0003638	VIT_216s0098g00290.7, VIT_216s0098g00290.8, VIT_216s0098g00290.6	Aqcoe5G459300.1.p
OG0003638	VIT_216s0098g00290.1, VIT_216s0098g00290.2, VIT_216s0098g00290.4, VIT_216s0098g00290.5, VIT_216s0098g00290.3	Aqcoe7G011100.1.p
OG0003639	VIT_211s0016g03960.1, VIT_211s0016g03960.2, VIT_209s0002g04480.1	Aqcoe7G179900.1.p
OG0003640	VIT_214s0068g00850.3, VIT_214s0068g00850.2, VIT_214s0068g00850.1	Aqcoe5G336000.1.p
OG0003640	VIT_202s0025g00680.1	Aqcoe7G018600.2.p, Aqcoe7G018600.1.p
OG0003641	VIT_213s0064g00730.1, VIT_213s0064g00730.3	Aqcoe5G265400.1.p, Aqcoe5G265400.3.p, Aqcoe5G265400.4.p, Aqcoe5G265400.2.p, Aqcoe7G010400.1.p
OG0003642	VIT_202s0025g05050.4, VIT_202s0025g05050.2, VIT_202s0025g05050.3, VIT_202s0025g05050.1, VIT_202s0025g05080.1	Aqcoe7G071300.1.p, Aqcoe7G063800.1.p
OG0003643	VIT_216s0098g01880.6, VIT_216s0098g01880.5, VIT_216s0098g01880.1, VIT_216s0098g01880.3, VIT_216s0098g01880.4, VIT_216s0098g01880.2	Aqcoe7G009400.1.p
OG0003644	VIT_217s0000g09100.2, VIT_217s0000g09100.1, VIT_200s0225g00090.2, VIT_200s0225g00090.1, VIT_200s0225g00090.4, VIT_200s0225g00090.3	Aqcoe3G145400.1.p, Aqcoe7G168800.1.p
OG0003645	VIT_215s0046g02190.1, VIT_202s0025g00420.2, VIT_202s0025g00420.1	Aqcoe7G021100.1.p
OG0003646	VIT_211s0037g01000.1	Aqcoe7G341400.2.p, Aqcoe7G341400.1.p
OG0003646	VIT_211s0016g05900.2, VIT_211s0016g05900.1, VIT_211s0016g05900.3, VIT_211s0016g05900.4	Aqcoe5G404200.2.p, Aqcoe5G404200.3.p, Aqcoe5G404200.1.p
OG0003647	VIT_211s0052g00800.2, VIT_211s0052g00800.3, VIT_211s0052g00800.1	Aqcoe7G318900.1.p
OG0003648	VIT_215s0046g02605.1, VIT_215s0046g02620.3, VIT_215s0046g02620.1, VIT_215s0046g02620.2, VIT_215s0046g02640.1	Aqcoe7G033500.2.p, Aqcoe7G033500.1.p, Aqcoe7G033500.3.p
OG0003650	VIT_204s0069g00760.1, VIT_204s0069g00760.4, VIT_204s0069g00760.3, VIT_204s0069g00760.2	Aqcoe7G333900.2.p, Aqcoe7G333900.1.p, Aqcoe7G333900.4.p, Aqcoe7G333900.3.p
OG0003651	VIT_202s0025g01190.2, VIT_202s0025g01190.1, VIT_215s0046g01270.2, VIT_215s0046g01270.1, VIT_215s0046g01270.3	Aqcoe7G015600.2.p, Aqcoe7G015600.1.p
OG0003652	VIT_200s0455g00040.1	Aqcoe1G375000.1.p
OG0003653	VIT_210s0003g03790.1, VIT_210s0003g03800.1, VIT_204s0008g00110.1, VIT_210s0003g03810.1, VIT_210s0003g03820.1, VIT_210s0003g03820.3, VIT_210s0003g03820.2	Aqcoe1G188600.1.p
OG0003654	VIT_203s0063g02580.1	Aqcoe5G192100.5.p, Aqcoe1G248200.1.p, Aqcoe5G192100.4.p, Aqcoe5G192100.2.p, Aqcoe5G192100.10.p, Aqcoe5G192100.9.p, Aqcoe5G192100.3.p, Aqcoe5G192100.6.p, Aqcoe5G192100.8.p, Aqcoe5G192100.1.p, Aqcoe5G192100.7.p
OG0003655	VIT_219s0014g01690.3, VIT_219s0014g01690.1, VIT_219s0014g01690.2, VIT_219s0014g01690.4, VIT_210s0003g00860.4, VIT_210s0003g00860.3, VIT_210s0003g00860.2, VIT_210s0003g00860.1	Aqcoe1G240100.1.p
OG0003656	VIT_206s0004g06920.1, VIT_206s0004g06920.3, VIT_206s0004g06920.2, VIT_206s0004g06920.5, VIT_206s0004g06920.4	Aqcoe1G410500.1.p
OG0003657	VIT_212s0028g02400.1, VIT_212s0028g02010.1	Aqcoe1G285200.1.p
OG0003658	VIT_212s0059g01300.2, VIT_212s0059g01300.1	Aqcoe1G339200.2.p, Aqcoe1G339200.1.p
OG0003659	VIT_208s0040g00870.1, VIT_208s0040g00870.2	Aqcoe1G008200.1.p
OG0003660	VIT_204s0023g03330.1, VIT_218s0001g14210.1	Aqcoe1G449200.1.p
OG0003661	VIT_202s0033g01360.8, VIT_202s0033g01360.7, VIT_202s0033g01360.6, VIT_202s0033g01360.1, VIT_202s0033g01360.2, VIT_202s0033g01360.3, VIT_202s0033g01360.4, VIT_202s0033g01360.5	Aqcoe1G022900.1.p
OG0003662	VIT_201s0026g02430.3, VIT_201s0026g02430.2, VIT_201s0026g02430.1	Aqcoe1G213400.1.p, Aqcoe5G290100.4.p, Aqcoe5G290100.2.p, Aqcoe5G290100.1.p, Aqcoe5G290100.3.p, Aqcoe1G127400.1.p
OG0003663	VIT_208s0007g02940.2, VIT_208s0007g02940.1, VIT_206s0080g00780.1, VIT_218s0041g00700.1	Aqcoe1G439000.1.p, Aqcoe1G398000.1.p
OG0003664	VIT_210s0003g00490.1, VIT_210s0003g00490.2, VIT_212s0028g02680.3, VIT_212s0028g02680.1, VIT_212s0028g02680.2	Aqcoe1G249500.1.p
OG0003665	VIT_212s0057g00610.4, VIT_212s0057g00610.3, VIT_212s0057g00610.5, VIT_212s0057g00610.2, VIT_212s0057g00610.1	Aqcoe1G389700.1.p, Aqcoe1G389700.2.p, Aqcoe1G389700.3.p, Aqcoe1G389700.4.p, Aqcoe1G389700.7.p, Aqcoe1G389700.6.p, Aqcoe1G389700.5.p, Aqcoe1G389700.8.p
OG0003666	VIT_210s0003g02700.4, VIT_210s0003g02700.5, VIT_210s0003g02700.3, VIT_210s0003g02700.2, VIT_210s0003g02700.1	Aqcoe1G204400.11.p, Aqcoe1G204400.7.p, Aqcoe1G204400.3.p, Aqcoe1G204400.12.p, Aqcoe1G204400.4.p, Aqcoe1G204400.2.p, Aqcoe1G204400.8.p, Aqcoe1G204400.9.p, Aqcoe1G204400.6.p, Aqcoe1G204400.5.p, Aqcoe1G204400.1.p, Aqcoe1G204400.10.p
OG0003667	VIT_208s0105g00330.5, VIT_208s0105g00330.4, VIT_208s0105g00330.2, VIT_208s0105g00330.3, VIT_208s0105g00330.6, VIT_208s0105g00330.7, VIT_208s0105g00330.1	Aqcoe1G419700.2.p, Aqcoe1G419700.3.p, Aqcoe1G419700.4.p, Aqcoe1G419700.1.p
OG0003668	VIT_200s0227g00070.1, VIT_200s0227g00070.2	Aqcoe1G472500.1.p, Aqcoe1G472500.2.p
OG0003669	VIT_206s0004g07710.6, VIT_206s0004g07710.1, VIT_206s0004g07710.4, VIT_206s0004g07710.7, VIT_206s0004g07710.9, VIT_206s0004g07710.3, VIT_206s0004g07710.2, VIT_206s0004g07710.5, VIT_206s0004g07710.8	Aqcoe1G397100.2.p, Aqcoe1G397100.3.p, Aqcoe1G397100.1.p
OG0003670	VIT_206s0004g03090.2, VIT_206s0004g03090.1, VIT_208s0040g02130.2, VIT_208s0040g02130.1	Aqcoe1G496700.1.p, Aqcoe1G184700.2.p, Aqcoe1G184700.1.p, Aqcoe1G184700.3.p
OG0003671	VIT_202s0033g00420.1	Aqcoe1G052500.1.p, Aqcoe5G027000.1.p
OG0003672	VIT_200s0259g00130.1, VIT_206s0061g00300.4, VIT_206s0061g00300.1, VIT_206s0061g00300.2, VIT_206s0061g00300.3	Aqcoe1G135700.1.p, Aqcoe1G135700.2.p, Aqcoe1G135700.3.p
OG0003673	VIT_200s1384g00010.1, VIT_217s0000g03920.1, VIT_218s0001g13646.1, VIT_218s0089g00305.1, VIT_200s0254g00015.1, VIT_200s1008g00010.1, VIT_202s0012g02600.1, VIT_200s0787g00010.1	Aqcoe1G337800.3.p, Aqcoe1G337800.2.p, Aqcoe1G337800.1.p
OG0003674	VIT_213s0073g00580.1	Aqcoe1G065500.2.p, Aqcoe1G065500.1.p
OG0003675	VIT_206s0004g04150.5, VIT_206s0004g04150.6, VIT_206s0004g04150.4, VIT_206s0004g04150.3, VIT_206s0004g04150.1, VIT_206s0004g04150.2	Aqcoe1G471700.1.p, Aqcoe1G471700.2.p
OG0003676	VIT_219s0090g01200.1, VIT_200s0598g00040.1	Aqcoe1G335600.1.p
OG0003677	VIT_206s0080g00900.4, VIT_206s0080g00900.7, VIT_206s0080g00900.6, VIT_206s0080g00900.3, VIT_206s0080g00900.5, VIT_206s0080g00900.1, VIT_206s0080g00900.2	Aqcoe1G437900.3.p, Aqcoe1G437900.2.p, Aqcoe1G437900.1.p
OG0003678	VIT_219s0014g03380.2, VIT_219s0014g03380.1, VIT_219s0014g03380.3, VIT_200s0301g00050.3, VIT_200s0301g00050.4, VIT_200s0301g00050.2, VIT_200s0301g00050.5, VIT_200s0301g00050.1	Aqcoe1G328500.3.p, Aqcoe1G328500.1.p, Aqcoe1G328500.2.p
OG0003679	VIT_212s0057g00690.6, VIT_212s0057g00690.4, VIT_212s0057g00690.2, VIT_212s0057g00690.1, VIT_212s0057g00690.3, VIT_212s0057g00690.5	Aqcoe1G387600.2.p, Aqcoe1G387600.1.p
OG0003680	VIT_219s0014g05100.1, VIT_200s0532g00050.1, VIT_212s0059g02650.1	Aqcoe1G367400.1.p
OG0003681	VIT_213s0019g04200.1, VIT_213s0019g04200.4, VIT_213s0019g04200.2, VIT_213s0019g04200.3, VIT_213s0019g04200.5	Aqcoe1G145100.2.p, Aqcoe1G145100.1.p
OG0003682	VIT_216s0050g00490.4, VIT_216s0050g00490.3, VIT_216s0050g00490.1, VIT_216s0050g00490.2	Aqcoe1G026400.1.p
OG0003683	VIT_212s0057g00920.1, VIT_200s0194g00130.1, VIT_200s0194g00130.3, VIT_200s0194g00130.4, VIT_200s0194g00130.2	Aqcoe1G384700.1.p
OG0003684	VIT_212s0028g01420.2, VIT_212s0028g01420.4, VIT_212s0028g01420.3, VIT_212s0028g01420.1	Aqcoe1G219500.1.p
OG0003685	VIT_210s0003g00090.5, VIT_210s0003g00090.4, VIT_210s0003g00090.2, VIT_210s0003g00090.1, VIT_210s0003g00090.6, VIT_210s0003g00090.3	Aqcoe1G257200.1.p
OG0003686	VIT_204s0008g02970.4, VIT_204s0008g02970.1, VIT_204s0008g02970.2, VIT_204s0008g02970.3	Aqcoe5G036700.2.p, Aqcoe5G036700.1.p
OG0003687	VIT_214s0108g00540.1, VIT_214s0108g00540.2	Aqcoe3G336400.1.p
OG0003687	VIT_200s0199g00220.2, VIT_200s0199g00220.1	Aqcoe5G162900.1.p
OG0003688	VIT_204s0044g00140.5, VIT_204s0044g00140.4, VIT_204s0044g00140.1, VIT_204s0044g00140.3, VIT_204s0044g00140.2	Aqcoe5G119700.3.p, Aqcoe5G119700.1.p, Aqcoe5G119700.2.p, Aqcoe5G119700.4.p
OG0003689	VIT_202s0025g02080.1	Aqcoe5G467300.1.p
OG0003690	VIT_207s0005g06460.1	Aqcoe5G265100.1.p
OG0003690	VIT_212s0034g01140.1, VIT_212s0034g01150.1, VIT_218s0001g15240.1	Aqcoe5G265200.1.p, Aqcoe5G265300.1.p
OG0003691	VIT_202s0025g04400.2, VIT_202s0025g04400.1, VIT_202s0025g04400.5, VIT_202s0025g04400.3, VIT_202s0025g04400.4	Aqcoe5G253000.1.p, Aqcoe5G253000.2.p, Aqcoe5G253200.3.p, Aqcoe5G253200.1.p, Aqcoe5G253200.2.p, Aqcoe5G253200.4.p
OG0003692	VIT_203s0180g00170.1	Aqcoe5G138400.1.p
OG0003693	VIT_203s0063g02450.1	Aqcoe5G195000.4.p, Aqcoe5G195000.3.p, Aqcoe5G195000.2.p, Aqcoe5G195000.1.p
OG0003694	VIT_214s0068g01690.1	Aqcoe3G164300.2.p, Aqcoe3G164300.1.p, Aqcoe5G347900.1.p
OG0003695	VIT_217s0000g00490.1, VIT_201s0146g00520.1	Aqcoe5G340500.1.p, Aqcoe5G340600.1.p, Aqcoe5G340600.2.p
OG0003696	VIT_211s0037g00970.1, VIT_211s0037g00970.2, VIT_211s0037g00970.3	Aqcoe5G146900.1.p
OG0003697	VIT_204s0008g05830.2, VIT_204s0008g05830.1	Aqcoe5G105700.1.p
OG0003698	VIT_210s0042g00800.3, VIT_210s0042g00800.4, VIT_210s0042g00800.2, VIT_210s0042g00800.1, VIT_200s0215g00040.4, VIT_200s0215g00040.1, VIT_200s0215g00040.3, VIT_200s0215g00040.2	Aqcoe5G008100.1.p, Aqcoe5G175700.1.p
OG0003699	VIT_218s0122g01340.1, VIT_218s0122g01340.2, VIT_218s0122g01340.3	Aqcoe5G122600.4.p, Aqcoe5G122600.1.p, Aqcoe5G122600.2.p, Aqcoe5G122600.3.p
OG0003700	VIT_211s0016g03110.1	Aqcoe5G185000.1.p, Aqcoe5G184800.1.p
OG0003701	VIT_209s0002g01470.4, VIT_209s0002g01470.1, VIT_209s0002g01470.2, VIT_209s0002g01470.3	Aqcoe3G342300.2.p, Aqcoe3G342300.1.p, Aqcoe5G343600.1.p
OG0003702	VIT_218s0089g00910.1, VIT_212s0035g01800.3, VIT_212s0035g01800.2, VIT_212s0035g01800.1, VIT_212s0035g01800.4	Aqcoe5G216900.2.p, Aqcoe5G216900.1.p
OG0003703	VIT_207s0005g01740.6, VIT_207s0005g01740.2, VIT_207s0005g01740.3, VIT_207s0005g01740.4, VIT_207s0005g01740.1, VIT_207s0005g01740.5, VIT_207s0005g01740.7	Aqcoe5G306200.3.p, Aqcoe5G306200.2.p, Aqcoe5G306200.4.p, Aqcoe5G306200.1.p
OG0003704	VIT_214s0083g01130.2, VIT_214s0083g01130.6, VIT_214s0083g01130.4, VIT_214s0083g01130.7, VIT_214s0083g01130.3, VIT_214s0083g01130.5, VIT_214s0083g01130.1, VIT_214s0083g01120.1	Aqcoe5G121900.1.p
OG0003705	VIT_214s0036g00630.4, VIT_214s0036g00630.5, VIT_209s0018g01710.1, VIT_209s0018g01710.2, VIT_214s0036g00630.7, VIT_214s0036g00630.3, VIT_214s0036g00630.1, VIT_214s0036g00630.2	Aqcoe5G024100.1.p, Aqcoe5G024100.2.p
OG0003706	VIT_218s0001g15630.2, VIT_218s0001g15630.1, VIT_218s0001g15630.3	Aqcoe5G238200.1.p, Aqcoe5G238200.2.p, Aqcoe5G238200.3.p
OG0003707	VIT_204s0044g00860.3, VIT_204s0044g00860.1, VIT_204s0044g00860.2	Aqcoe5G243400.2.p, Aqcoe5G243400.1.p
OG0003708	VIT_213s0064g00450.6, VIT_213s0064g00450.9, VIT_213s0064g00450.7, VIT_213s0064g00450.3, VIT_213s0064g00450.4, VIT_213s0064g00450.8, VIT_213s0064g00450.1, VIT_213s0064g00450.5, VIT_213s0064g00450.2	Aqcoe5G438200.4.p, Aqcoe5G438200.3.p, Aqcoe5G438200.2.p, Aqcoe5G438200.1.p
OG0003709	VIT_216s0050g02000.4, VIT_216s0050g02000.3, VIT_216s0050g02000.2, VIT_216s0050g02000.1	Aqcoe5G440100.1.p, Aqcoe5G440100.2.p, Aqcoe5G440100.3.p
OG0003710	VIT_216s0098g00600.1	Aqcoe5G477100.1.p
OG0003711	VIT_212s0142g00170.1	Aqcoe5G220400.1.p
OG0003712	VIT_214s0068g00240.4, VIT_214s0068g00240.2, VIT_214s0068g00240.6, VIT_214s0068g00240.1, VIT_214s0068g00240.5, VIT_214s0068g00240.3	Aqcoe3G343500.2.p, Aqcoe3G343500.1.p
OG0003713	VIT_214s0128g00370.2, VIT_214s0128g00370.1	Aqcoe3G096000.1.p, Aqcoe3G086300.1.p
OG0003714	VIT_201s0026g01880.1, VIT_201s0026g01880.2	Aqcoe3G086100.1.p, Aqcoe3G332100.1.p, Aqcoe3G332100.2.p
OG0003715	VIT_214s0066g01660.1, VIT_217s0000g07900.2, VIT_217s0000g07900.1, VIT_217s0000g07900.3	Aqcoe3G110500.1.p, Aqcoe3G301300.1.p, Aqcoe3G301300.2.p
OG0003716	VIT_205s0102g00480.1, VIT_205s0102g00480.2	Aqcoe3G257300.1.p
OG0003717	VIT_217s0000g04120.4, VIT_217s0000g04120.1, VIT_217s0000g04120.2, VIT_217s0000g04120.3	Aqcoe3G049700.1.p, Aqcoe3G049700.2.p, Aqcoe3G049700.3.p, Aqcoe3G049700.4.p
OG0003718	VIT_201s0011g04550.1, VIT_214s0006g02083.1	Aqcoe3G003100.1.p
OG0003719	VIT_201s0010g01660.1	Aqcoe3G431600.1.p
OG0003720	VIT_201s0010g01120.2, VIT_201s0010g01120.1, VIT_201s0010g01120.3	Aqcoe3G384400.1.p, Aqcoe3G074300.1.p
OG0003721	VIT_203s0017g01800.1	Aqcoe3G350600.2.p, Aqcoe3G350600.1.p
OG0003722	VIT_201s0010g01740.1, VIT_200s0481g00010.1, VIT_218s0001g01330.1, VIT_218s0001g01040.1	Aqcoe3G431000.1.p
OG0003723	VIT_217s0000g02540.1	Aqcoe3G014300.1.p
OG0003724	VIT_217s0000g03670.1, VIT_217s0000g03670.4, VIT_217s0000g03670.3, VIT_217s0000g03670.2	Aqcoe3G038100.3.p, Aqcoe3G038100.1.p, Aqcoe3G038100.2.p, Aqcoe3G038100.4.p, Aqcoe3G401500.1.p
OG0003725	VIT_201s0026g02260.1, VIT_201s0026g02260.7, VIT_201s0026g02260.4, VIT_201s0026g02260.2, VIT_201s0026g02260.6, VIT_201s0026g02260.3, VIT_201s0026g02260.5	Aqcoe3G335600.1.p
OG0003726	VIT_215s0021g00270.3, VIT_215s0021g00270.2, VIT_215s0021g00270.4, VIT_215s0021g00270.1, VIT_215s0021g00310.1	Aqcoe3G237600.1.p, Aqcoe3G237400.1.p, Aqcoe3G237500.1.p, Aqcoe3G237500.2.p
OG0003727	VIT_201s0026g00350.1, VIT_201s0026g00350.3, VIT_201s0026g00350.2, VIT_217s0000g07950.1, VIT_217s0000g07950.2	Aqcoe3G300900.2.p, Aqcoe3G300900.1.p, Aqcoe3G111900.1.p, Aqcoe3G111900.2.p, Aqcoe3G001400.1.p
OG0003728	VIT_214s0108g01650.1	Aqcoe3G061000.1.p, Aqcoe3G361400.1.p
OG0003729	VIT_201s0026g01080.1, VIT_214s0066g02240.1, VIT_217s0000g05330.1, VIT_217s0000g05330.2	Aqcoe3G315200.1.p, Aqcoe3G101200.1.p
OG0003730	VIT_206s0009g01720.2, VIT_201s0026g02490.2, VIT_201s0026g02490.1, VIT_201s0026g02490.3	Aqcoe3G338900.1.p, Aqcoe3G338900.2.p
OG0003731	VIT_217s0000g06890.9, VIT_217s0000g06890.13, VIT_217s0000g06890.6, VIT_217s0000g06890.7, VIT_217s0000g06890.2, VIT_217s0000g06890.4, VIT_217s0000g06890.1, VIT_217s0000g06890.3, VIT_217s0000g06890.5, VIT_217s0000g06890.8, VIT_217s0000g06890.12, VIT_217s0000g06890.11, VIT_217s0000g06890.10	Aqcoe3G055900.2.p, Aqcoe3G055900.1.p
OG0003732	VIT_217s0053g00210.1, VIT_201s0011g02130.3, VIT_201s0011g02130.1, VIT_201s0011g02130.2	Aqcoe3G434700.1.p
OG0003733	VIT_217s0000g06880.4, VIT_217s0000g06880.3, VIT_217s0000g06880.5, VIT_217s0000g06880.6, VIT_217s0000g06880.1, VIT_217s0000g06880.2	Aqcoe3G358400.1.p
OG0003734	VIT_214s0068g00630.2, VIT_214s0068g00630.1, VIT_214s0068g00630.5, VIT_214s0068g00630.6, VIT_214s0068g00630.7, VIT_214s0068g00630.3, VIT_214s0068g00630.4	Aqcoe3G186800.1.p, Aqcoe3G186800.2.p
OG0003735	VIT_214s0006g03120.6, VIT_214s0006g03120.11, VIT_214s0006g03120.1, VIT_214s0006g03120.2, VIT_214s0006g03120.3, VIT_214s0006g03120.7, VIT_214s0006g03120.10, VIT_214s0006g03120.9, VIT_214s0006g03120.8, VIT_214s0006g03120.5, VIT_214s0006g03120.4	Aqcoe3G399800.3.p, Aqcoe3G399800.1.p, Aqcoe3G399800.2.p
OG0003736	VIT_217s0000g06920.1, VIT_217s0000g06920.2	Aqcoe3G058100.3.p, Aqcoe3G058100.2.p, Aqcoe3G058100.1.p
OG0003737	VIT_201s0010g01760.2, VIT_201s0010g01760.5, VIT_201s0010g01760.4, VIT_201s0010g01760.8, VIT_201s0010g01760.9, VIT_201s0010g01760.7, VIT_201s0010g01760.6, VIT_201s0010g01760.3, VIT_201s0010g01760.1	Aqcoe3G431100.4.p, Aqcoe3G431100.3.p, Aqcoe3G431100.2.p, Aqcoe3G431100.1.p
OG0003738	VIT_217s0000g08106.1, VIT_211s0065g01210.1, VIT_214s0066g01465.1, VIT_214s0066g01465.2	Aqcoe3G116000.1.p, Aqcoe3G295400.1.p
OG0003739	VIT_214s0068g02030.1	Aqcoe3G196600.1.p, Aqcoe3G196600.2.p
OG0003740	VIT_203s0038g04130.1, VIT_203s0038g04130.2	Aqcoe3G047700.1.p
OG0003741	VIT_214s0108g01560.4, VIT_214s0108g01560.3, VIT_214s0108g01560.1, VIT_214s0108g01560.5, VIT_214s0108g01560.2, VIT_201s0011g00730.1	Aqcoe3G360000.1.p
OG0003742	VIT_215s0021g01580.3, VIT_215s0021g01580.2, VIT_215s0021g01580.6, VIT_215s0021g01580.1, VIT_215s0021g01580.10, VIT_215s0021g01580.8, VIT_215s0021g01580.9, VIT_215s0021g01580.5, VIT_215s0021g01580.7, VIT_215s0021g01580.4	Aqcoe3G268500.3.p, Aqcoe3G268500.2.p, Aqcoe3G268500.1.p
OG0003743	VIT_201s0011g03755.1, VIT_214s0006g02766.1	Aqcoe3G032800.1.p
OG0003744	VIT_201s0011g02800.1	Aqcoe3G392900.2.p, Aqcoe3G392900.1.p
OG0003745	VIT_218s0001g01580.4, VIT_218s0001g01580.1, VIT_218s0001g01580.2, VIT_218s0001g01580.3	Aqcoe3G175700.2.p, Aqcoe3G175700.1.p
OG0003769	VIT_206s0004g08440.2, VIT_206s0004g08440.1	Aqcoe2G068900.1.p
OG0003770	VIT_205s0051g00860.3, VIT_205s0051g00860.1, VIT_205s0051g00860.2	Aqcoe2G401300.2.p, Aqcoe2G401300.1.p
OG0003771	VIT_206s0009g02040.3, VIT_206s0009g02040.4, VIT_206s0009g02040.1, VIT_206s0009g02040.2	Aqcoe2G054800.1.p
OG0003772	VIT_207s0005g03620.7, VIT_207s0005g03620.3, VIT_207s0005g03620.9, VIT_207s0005g03620.8, VIT_207s0005g03620.6, VIT_207s0005g03620.4, VIT_207s0005g03620.2, VIT_207s0005g03620.5, VIT_207s0005g03620.1	Aqcoe2G375600.4.p, Aqcoe2G375600.3.p, Aqcoe2G375600.2.p, Aqcoe2G375600.1.p
OG0003773	VIT_212s0059g00610.6, VIT_212s0059g00610.3, VIT_212s0059g00610.8, VIT_212s0059g00610.4, VIT_212s0059g00610.5, VIT_212s0059g00610.2, VIT_212s0059g00610.1	Aqcoe1G233800.1.p, Aqcoe1G233800.2.p, Aqcoe1G233800.4.p, Aqcoe1G233800.3.p, Aqcoe2G434400.4.p, Aqcoe2G434400.3.p, Aqcoe2G434400.1.p, Aqcoe2G434400.2.p
OG0003774	VIT_207s0104g00340.1, VIT_207s0104g00340.4, VIT_207s0104g00340.3, VIT_207s0104g00340.2	Aqcoe2G331000.2.p, Aqcoe2G331000.1.p
OG0003775	VIT_212s0178g00020.1	Aqcoe2G007500.1.p
OG0003775	VIT_218s0001g05270.1, VIT_218s0001g05270.4	Aqcoe6G063300.1.p
OG0003776	VIT_205s0020g04950.2, VIT_205s0020g04950.1, VIT_205s0020g04950.4, VIT_205s0020g04950.3	Aqcoe2G365500.1.p, Aqcoe2G365500.2.p
OG0003777	VIT_212s0028g03750.1	Aqcoe5G024800.1.p
OG0003777	VIT_205s0049g01160.1, VIT_205s0049g01160.4, VIT_205s0049g01160.2, VIT_205s0049g01160.3	Aqcoe2G374800.1.p
OG0003778	VIT_214s0128g00030.2, VIT_214s0128g00030.1, VIT_214s0128g00030.3, VIT_214s0128g00030.4, VIT_214s0128g00030.6, VIT_214s0128g00030.5, VIT_214s0128g00030.7	Aqcoe2G326300.1.p
OG0003779	VIT_213s0019g05100.1, VIT_213s0019g05110.1, VIT_208s0007g04890.2, VIT_208s0007g04890.1	Aqcoe1G130800.1.p, Aqcoe2G208100.2.p, Aqcoe2G208100.1.p
OG0003780	VIT_204s0023g00400.1, VIT_204s0023g00400.2, VIT_205s0062g01090.1	Aqcoe2G427100.1.p
OG0003781	VIT_208s0058g00500.2, VIT_208s0058g00500.1, VIT_208s0058g00500.3, VIT_204s0044g00755.1	Aqcoe2G082500.5.p, Aqcoe2G082500.1.p, Aqcoe2G082500.6.p, Aqcoe2G082500.4.p, Aqcoe2G082500.2.p, Aqcoe2G082500.3.p
OG0003782	VIT_208s0058g00670.1, VIT_206s0004g07490.1	Aqcoe1G147500.1.p
OG0003783	VIT_211s0118g00210.2, VIT_211s0118g00210.3, VIT_211s0118g00210.1	Aqcoe7G378400.4.p, Aqcoe7G378400.2.p, Aqcoe7G378400.3.p, Aqcoe7G378400.5.p, Aqcoe7G378400.1.p
OG0003784	VIT_208s0007g08390.2, VIT_208s0007g08390.1, VIT_213s0074g00320.1	Aqcoe2G017300.1.p, Aqcoe5G013100.1.p, Aqcoe2G084200.1.p, Aqcoe2G084200.4.p, Aqcoe2G084200.2.p, Aqcoe2G084200.3.p
OG0003785	VIT_213s0067g00060.1, VIT_213s0067g00020.1	Aqcoe2G069600.2.p, Aqcoe2G069600.1.p
OG0003786	VIT_207s0005g01390.1, VIT_214s0060g01290.1, VIT_214s0060g01290.2	Aqcoe2G430500.2.p, Aqcoe2G430500.1.p
OG0003787	VIT_201s0150g00460.2, VIT_201s0150g00460.1	Aqcoe3G270500.1.p, Aqcoe5G319300.1.p, Aqcoe5G319300.2.p, Aqcoe5G319300.3.p, Aqcoe5G319400.2.p, Aqcoe5G319400.1.p
OG0003788	VIT_210s0003g04310.1	Aqcoe2G200400.1.p
OG0003789	VIT_205s0020g02080.4, VIT_205s0020g02080.3, VIT_205s0020g02080.1, VIT_205s0020g02080.2, VIT_205s0020g02080.5	Aqcoe2G317200.1.p, Aqcoe2G317200.2.p
OG0003790	VIT_208s0056g00160.1, VIT_208s0056g00160.4, VIT_208s0056g00160.2, VIT_208s0056g00160.3	Aqcoe2G337500.1.p
OG0003791	VIT_204s0008g01740.2, VIT_204s0008g01740.1	Aqcoe7G434300.1.p
OG0003791	VIT_205s0020g03200.2, VIT_205s0020g03200.5, VIT_205s0020g03200.3, VIT_205s0020g03200.1, VIT_205s0020g03200.4	Aqcoe2G342900.1.p
OG0003792	VIT_212s0028g01120.1	Aqcoe4G005700.2.p, Aqcoe4G005700.1.p, Aqcoe5G033800.4.p, Aqcoe2G279200.1.p, Aqcoe5G033800.1.p, Aqcoe5G033800.2.p, Aqcoe5G033800.6.p, Aqcoe5G033800.5.p
OG0003793	VIT_205s0020g02890.1	Aqcoe2G336300.1.p
OG0003793	VIT_214s0128g00350.1	Aqcoe5G059800.1.p
OG0003794	VIT_205s0020g01550.5, VIT_205s0020g01550.3, VIT_205s0020g01550.4, VIT_205s0020g01550.6, VIT_205s0020g01550.7, VIT_205s0020g01550.8, VIT_205s0020g01550.9, VIT_205s0020g01550.1, VIT_205s0020g01550.2	Aqcoe2G297200.4.p, Aqcoe2G297200.3.p, Aqcoe2G297200.1.p, Aqcoe2G297200.2.p
OG0003795	VIT_206s0004g06960.4, VIT_206s0004g06960.6, VIT_206s0004g06960.3, VIT_206s0004g06960.5, VIT_206s0004g06960.1, VIT_206s0004g06960.2	Aqcoe2G087600.1.p
OG0003795	VIT_204s0044g02000.1, VIT_208s0058g00130.1	Aqcoe1G409700.1.p
OG0003796	VIT_205s0029g01300.1, VIT_205s0029g01300.3, VIT_205s0029g01300.2, VIT_205s0029g01300.8, VIT_205s0029g01300.5, VIT_205s0029g01300.7, VIT_205s0029g01300.6, VIT_205s0029g01300.4	Aqcoe2G378600.1.p, Aqcoe2G378600.2.p
OG0003797	VIT_214s0030g01600.1	Aqcoe3G043800.1.p, Aqcoe2G246300.1.p
OG0003798	VIT_215s0107g00550.2, VIT_215s0107g00550.1, VIT_207s0005g05680.1, VIT_207s0005g05680.2, VIT_207s0005g05720.1, VIT_207s0005g05770.1	Aqcoe2G387100.1.p
OG0003800	VIT_205s0020g01170.1	Aqcoe5G416700.1.p, Aqcoe2G295400.1.p
OG0003800	VIT_214s0060g02270.1, VIT_214s0060g02270.2	Aqcoe5G087700.1.p
OG0003801	VIT_215s0024g00930.3, VIT_215s0024g00930.1, VIT_215s0024g00930.2	Aqcoe2G390200.1.p, Aqcoe3G063500.2.p, Aqcoe3G063500.1.p, Aqcoe7G373900.1.p, Aqcoe7G028200.1.p, Aqcoe3G167000.1.p
OG0003802	VIT_216s0050g02540.5, VIT_216s0050g02540.7, VIT_216s0050g02540.6, VIT_216s0050g02540.2, VIT_216s0050g02540.1, VIT_216s0050g02540.3, VIT_216s0050g02540.4	Aqcoe2G301000.1.p, Aqcoe4G248000.1.p, Aqcoe7G014500.2.p, Aqcoe7G014500.1.p
OG0003803	VIT_213s0073g00630.1	Aqcoe1G074200.1.p, Aqcoe2G068600.1.p
OG0003804	VIT_206s0061g00410.2, VIT_206s0061g00410.1	Aqcoe1G134500.2.p, Aqcoe1G134500.1.p, Aqcoe2G203500.1.p, Aqcoe2G203500.2.p
OG0003805	VIT_214s0060g01470.4, VIT_214s0060g01470.5, VIT_214s0060g01470.3, VIT_214s0060g01470.6, VIT_214s0060g01470.2, VIT_214s0060g01470.1	Aqcoe2G280700.1.p, Aqcoe2G280700.2.p, Aqcoe2G280700.5.p, Aqcoe2G280700.4.p, Aqcoe2G280700.3.p
OG0003807	VIT_210s0092g00360.1, VIT_210s0092g00360.2	Aqcoe4G004200.1.p
OG0003807	VIT_207s0005g03720.1	Aqcoe2G378000.2.p, Aqcoe2G378000.1.p
OG0003808	VIT_201s0011g06020.4, VIT_201s0011g06020.5, VIT_201s0011g06020.3, VIT_201s0011g06020.1, VIT_201s0011g06020.2	Aqcoe5G089000.1.p, Aqcoe5G089000.2.p, Aqcoe2G426200.1.p
OG0003809	VIT_205s0077g00470.4, VIT_205s0077g00470.2, VIT_205s0077g00470.1, VIT_205s0077g00470.3	Aqcoe2G256700.2.p, Aqcoe2G256700.3.p, Aqcoe2G256700.1.p, Aqcoe2G256700.4.p
OG0003810	VIT_205s0077g01200.1	Aqcoe2G276400.2.p, Aqcoe2G276400.1.p
OG0003811	VIT_203s0063g01120.4, VIT_203s0063g01120.3, VIT_203s0063g01120.2, VIT_203s0063g01120.1	Aqcoe2G162700.1.p, Aqcoe5G172600.1.p
OG0003812	VIT_204s0023g01330.1	Aqcoe5G197900.1.p
OG0003813	VIT_218s0122g00410.3, VIT_218s0122g00410.2, VIT_218s0122g00410.1	Aqcoe6G326400.1.p
OG0003814	VIT_214s0006g02470.1, VIT_207s0129g00160.1, VIT_207s0129g00090.1	Aqcoe5G101600.1.p, Aqcoe6G280400.1.p
OG0003815	VIT_207s0129g00540.6, VIT_207s0129g00540.7, VIT_207s0129g00540.5, VIT_207s0129g00540.3, VIT_207s0129g00540.4, VIT_207s0129g00540.8, VIT_207s0129g00540.1, VIT_207s0129g00540.2	Aqcoe6G294100.1.p, Aqcoe6G294100.2.p
OG0003816	VIT_218s0001g04340.3, VIT_218s0001g04340.2, VIT_218s0001g04340.1, VIT_212s0034g02380.4, VIT_212s0034g02380.3, VIT_212s0034g02380.1, VIT_212s0034g02380.2	Aqcoe6G016600.1.p
OG0003817	VIT_218s0001g05220.3, VIT_218s0001g05220.4, VIT_218s0001g05220.2, VIT_218s0001g05220.1	Aqcoe6G062800.2.p, Aqcoe6G062800.1.p, Aqcoe6G062800.3.p
OG0003818	VIT_205s0020g02990.1, VIT_203s0063g00130.1	Aqcoe6G136600.1.p, Aqcoe5G146800.1.p
OG0003819	VIT_201s0011g05090.1, VIT_201s0011g05100.1, VIT_201s0011g05060.1, VIT_201s0011g05060.2, VIT_201s0026g00570.1	Aqcoe3G110300.1.p, Aqcoe3G110200.1.p, Aqcoe3G302400.1.p, Aqcoe3G302200.1.p, Aqcoe6G150000.1.p, Aqcoe3G302100.1.p
OG0003820	VIT_212s0035g00890.2, VIT_212s0035g00890.1	Aqcoe6G015400.1.p, Aqcoe6G015400.2.p
OG0003820	VIT_212s0035g00890.3, VIT_212s0035g00890.5, VIT_212s0035g00890.4, VIT_205s0094g00810.1, VIT_205s0094g00810.2, VIT_205s0094g00810.3	Aqcoe5G041700.1.p
OG0003821	VIT_218s0001g10560.1	Aqcoe5G153000.1.p
OG0003822	VIT_218s0001g09670.1	Aqcoe6G303500.1.p, Aqcoe5G132400.1.p
OG0003823	VIT_203s0063g00460.1, VIT_207s0031g00705.1, VIT_207s0031g00710.1	Aqcoe6G141700.1.p
OG0003824	VIT_203s0038g01340.1, VIT_218s0001g07770.1	Aqcoe6G089400.1.p
OG0003825	VIT_201s0011g05880.1, VIT_201s0011g05870.1	Aqcoe4G176400.1.p, Aqcoe4G176400.2.p, Aqcoe5G431200.1.p, Aqcoe3G414800.4.p, Aqcoe3G414800.3.p, Aqcoe3G414800.1.p, Aqcoe3G414800.2.p, Aqcoe6G285700.1.p
OG0003826	VIT_218s0001g12730.1	Aqcoe5G231700.1.p, Aqcoe6G123800.1.p
OG0003827	VIT_207s0191g00040.3, VIT_207s0191g00040.4, VIT_207s0191g00040.2, VIT_207s0191g00040.1	Aqcoe6G079000.1.p
OG0003828	VIT_211s0118g00260.2, VIT_211s0118g00260.3, VIT_211s0118g00260.1	Aqcoe6G257200.1.p
OG0003829	VIT_203s0091g00400.2, VIT_203s0091g00400.4, VIT_203s0091g00400.3, VIT_203s0091g00400.1, VIT_207s0129g00570.1, VIT_207s0129g00570.4, VIT_207s0129g00570.2, VIT_207s0129g00570.3	Aqcoe6G296900.2.p, Aqcoe6G296900.1.p
OG0003830	VIT_202s0012g01790.2, VIT_202s0012g01790.1, VIT_202s0012g01790.3	Aqcoe1G413300.1.p, Aqcoe1G413300.3.p, Aqcoe1G413300.2.p, Aqcoe6G027300.1.p
OG0003831	VIT_203s0038g03430.1, VIT_203s0038g03430.2	Aqcoe6G195100.1.p
OG0003832	VIT_218s0001g14740.1, VIT_203s0038g02450.1	Aqcoe6G219500.2.p, Aqcoe6G219500.1.p
OG0003833	VIT_207s0031g00660.1	Aqcoe5G292600.1.p, Aqcoe6G140500.1.p
OG0003834	VIT_204s0023g03680.2, VIT_204s0023g03680.1	Aqcoe6G223000.1.p
OG0003835	VIT_207s0031g00600.4, VIT_207s0031g00600.3, VIT_207s0031g00600.5, VIT_207s0031g00600.2, VIT_207s0031g00600.1	Aqcoe6G139800.1.p, Aqcoe6G139800.6.p, Aqcoe6G139800.3.p, Aqcoe6G139800.4.p, Aqcoe6G139800.2.p, Aqcoe6G139800.5.p, Aqcoe6G139800.7.p
OG0003836	VIT_210s0116g01650.2, VIT_210s0116g01650.1, VIT_200s1490g00010.1	Aqcoe1G230400.1.p, Aqcoe1G230400.2.p, Aqcoe1G348600.1.p, Aqcoe6G071900.2.p, Aqcoe6G071900.1.p, Aqcoe6G146200.1.p
OG0003837	VIT_204s0023g01810.1, VIT_204s0023g01810.2	Aqcoe5G191100.2.p, Aqcoe5G191100.4.p, Aqcoe5G191100.1.p, Aqcoe5G191100.3.p, Aqcoe6G120500.1.p
OG0003838	VIT_216s0013g01840.1, VIT_218s0001g02510.2, VIT_218s0001g02510.1	Aqcoe6G025100.1.p
OG0003839	VIT_200s0670g00020.1, VIT_200s0823g00020.1, VIT_200s0823g00020.2, VIT_207s0151g00510.1	Aqcoe7G172100.1.p, Aqcoe6G275600.1.p, Aqcoe6G275600.3.p, Aqcoe6G275600.2.p
OG0003840	VIT_218s0001g08770.1	Aqcoe6G268600.1.p
OG0003841	VIT_216s0098g01700.1, VIT_216s0098g01700.4	Aqcoe6G203500.2.p, Aqcoe6G203500.1.p, Aqcoe6G203500.3.p
OG0003842	VIT_219s0085g01060.1, VIT_219s0085g01080.1	Aqcoe6G003300.1.p, Aqcoe1G453500.1.p
OG0003843	VIT_200s0274g00040.1, VIT_200s0271g00080.1, VIT_200s0271g00050.1, VIT_200s0271g00070.1	Aqcoe6G250100.1.p, Aqcoe1G372500.1.p, Aqcoe1G372300.1.p, Aqcoe1G372600.1.p
OG0003843	VIT_200s0271g00040.1	Aqcoe1G372400.1.p
OG0003844	VIT_219s0014g02980.1	Aqcoe4G130800.1.p, Aqcoe1G273300.1.p
OG0003845	VIT_212s0059g01000.1, VIT_212s0059g00960.1, VIT_212s0059g00940.1, VIT_212s0059g00990.2, VIT_212s0059g00990.1, VIT_212s0059g00930.1, VIT_212s0059g00910.1, VIT_212s0059g00950.1, VIT_212s0059g01010.1, VIT_212s0059g00970.1	Aqcoe4G209800.1.p, Aqcoe4G209800.2.p, Aqcoe4G209900.1.p
OG0003846	VIT_212s0028g02220.1	Aqcoe1G228400.1.p
OG0003847	VIT_213s0067g02830.1, VIT_213s0067g02780.1, VIT_213s0067g02790.1, VIT_213s0067g02730.1, VIT_213s0067g02720.1, VIT_213s0106g00280.1, VIT_206s0009g03120.1, VIT_206s0009g03130.1, VIT_206s0009g01780.1	Aqcoe4G287400.1.p, Aqcoe4G009600.1.p, Aqcoe4G010000.1.p, Aqcoe4G241700.1.p, Aqcoe1G406700.1.p
OG0003848	VIT_210s0003g00600.1	Aqcoe4G069200.1.p, Aqcoe4G069200.3.p, Aqcoe4G069200.2.p
OG0003849	VIT_210s0003g03880.1	Aqcoe1G187800.3.p, Aqcoe1G187800.2.p, Aqcoe1G187800.4.p, Aqcoe1G187800.1.p, Aqcoe4G007500.1.p
OG0003850	VIT_200s0181g00080.1, VIT_200s0181g00080.2	Aqcoe1G306500.1.p, Aqcoe4G258300.1.p
OG0003851	VIT_211s0052g01110.2, VIT_211s0052g01110.1, VIT_211s0052g01090.2, VIT_211s0052g01090.1	Aqcoe4G203600.1.p, Aqcoe4G203600.2.p, Aqcoe7G325200.1.p
OG0003852	VIT_200s0199g00140.1	Aqcoe4G216000.1.p
OG0003853	VIT_219s0090g01460.1, VIT_200s0187g00240.2, VIT_200s0187g00240.3, VIT_200s0187g00190.3, VIT_200s0187g00190.2, VIT_200s0187g00190.1, VIT_200s0187g00240.1	Aqcoe4G281100.1.p
OG0003854	VIT_210s0003g03270.1	Aqcoe4G001400.1.p
OG0003855	VIT_214s0036g00700.1	Aqcoe4G082100.1.p, Aqcoe5G244600.1.p
OG0003856	VIT_219s0014g03400.2, VIT_219s0014g03400.3, VIT_219s0014g03400.1	Aqcoe4G164500.2.p, Aqcoe4G164500.3.p, Aqcoe4G164500.1.p
OG0003857	VIT_219s0014g01280.7, VIT_219s0014g01280.6, VIT_219s0014g01280.1, VIT_219s0014g01280.2, VIT_219s0014g01280.9, VIT_219s0014g01280.4, VIT_219s0014g01280.5, VIT_219s0014g01280.3, VIT_219s0014g01280.8	Aqcoe4G040600.1.p, Aqcoe4G040600.2.p
OG0003858	VIT_210s0003g01270.4, VIT_210s0003g01270.5, VIT_210s0003g01270.3, VIT_210s0003g01270.2, VIT_210s0003g01270.1	Aqcoe1G226200.1.p, Aqcoe1G226200.2.p, Aqcoe4G044200.1.p, Aqcoe4G044200.2.p
OG0003859	VIT_218s0075g00880.1, VIT_218s0075g00880.3, VIT_218s0075g00880.2, VIT_218s0075g01100.1	Aqcoe5G036200.1.p, Aqcoe4G012100.1.p
OG0003861	VIT_209s0002g06680.1, VIT_216s0022g02100.1, VIT_216s0022g02090.1	Aqcoe7G267200.1.p, Aqcoe7G388800.1.p
OG0003862	VIT_216s0022g00600.1, VIT_216s0022g00600.4, VIT_216s0022g00600.3, VIT_216s0022g00600.6, VIT_216s0022g00600.2, VIT_216s0022g00600.5	Aqcoe7G082100.1.p
OG0003863	VIT_200s0370g00040.2, VIT_200s0370g00040.1	Aqcoe7G152800.2.p, Aqcoe7G152800.1.p, Aqcoe1G314900.1.p, Aqcoe1G314900.2.p
OG0003864	VIT_211s0052g00830.5, VIT_211s0052g00830.3, VIT_211s0052g00830.2, VIT_211s0052g00830.1, VIT_211s0052g00830.4	Aqcoe7G319200.1.p
OG0003865	VIT_209s0002g01800.2, VIT_209s0002g01800.1, VIT_209s0002g01800.3, VIT_211s0016g01870.6, VIT_211s0016g01870.1, VIT_211s0016g01870.3, VIT_211s0016g01870.2, VIT_211s0016g01870.4, VIT_211s0016g01870.5	Aqcoe7G122600.1.p
OG0003866	VIT_202s0025g04590.1, VIT_215s0048g01150.1	Aqcoe7G051800.1.p
OG0003867	VIT_215s0046g02650.1, VIT_215s0046g02650.4, VIT_215s0046g02650.5, VIT_216s0050g00620.2, VIT_216s0050g00620.1, VIT_216s0050g00620.3	Aqcoe7G033800.1.p
OG0003868	VIT_201s0010g02670.1, VIT_217s0000g01840.2, VIT_217s0000g01840.1	Aqcoe5G372800.1.p, Aqcoe7G388600.3.p, Aqcoe7G388600.2.p, Aqcoe7G388600.1.p
OG0003869	VIT_209s0002g06100.2, VIT_209s0002g06100.3, VIT_209s0002g06100.1, VIT_209s0002g06100.5, VIT_209s0002g06100.4	Aqcoe7G280000.2.p, Aqcoe7G280000.1.p
OG0003870	VIT_215s0021g02490.1, VIT_215s0021g02620.1, VIT_205s0094g00170.1, VIT_205s0094g00210.1	Aqcoe7G416800.2.p, Aqcoe7G416800.1.p, Aqcoe7G142300.1.p
OG0003871	VIT_211s0037g00600.1, VIT_211s0037g00600.3, VIT_211s0037g00600.2	Aqcoe7G351500.1.p
OG0003871	VIT_209s0002g08100.1	Aqcoe7G376300.1.p
OG0003872	VIT_211s0016g03870.2, VIT_211s0016g03870.4, VIT_211s0016g03870.6, VIT_211s0016g03870.3, VIT_211s0016g03870.5, VIT_211s0016g03870.1, VIT_211s0016g03870.7	Aqcoe7G175800.1.p
OG0003873	VIT_200s2851g00010.1, VIT_200s1286g00010.1	Aqcoe7G077000.1.p
OG0003874	VIT_208s0007g01860.1	Aqcoe1G083800.7.p, Aqcoe1G083800.4.p, Aqcoe1G083800.6.p, Aqcoe1G083800.3.p, Aqcoe1G083800.2.p, Aqcoe1G083800.5.p, Aqcoe1G083800.1.p, Aqcoe1G084100.1.p
OG0003875	VIT_204s0008g04200.1, VIT_209s0002g04590.1	Aqcoe7G400500.1.p, Aqcoe7G181100.1.p
OG0003876	VIT_215s0046g01290.1, VIT_202s0025g01180.1	Aqcoe5G449300.1.p
OG0003877	VIT_202s0025g03530.1, VIT_202s0025g03530.3, VIT_202s0025g03530.6, VIT_202s0025g03530.5, VIT_202s0025g03530.2, VIT_202s0025g03530.4	Aqcoe7G035900.2.p, Aqcoe7G035900.4.p, Aqcoe7G035900.1.p, Aqcoe7G035900.3.p
OG0003878	VIT_202s0025g04070.1, VIT_202s0025g04070.4, VIT_202s0025g04070.2, VIT_202s0025g04070.5, VIT_202s0025g04070.7, VIT_202s0025g04070.6, VIT_202s0025g04070.3	Aqcoe7G045100.1.p
OG0003879	VIT_210s0168g00007.1, VIT_211s0016g03760.2, VIT_211s0016g03760.3, VIT_211s0016g03760.1, VIT_211s0016g03760.5, VIT_211s0016g03760.8, VIT_211s0016g03760.11, VIT_211s0016g03760.9, VIT_211s0016g03760.12, VIT_211s0016g03760.7, VIT_211s0016g03760.10, VIT_211s0016g03760.6, VIT_211s0016g03760.4	Aqcoe7G172800.2.p, Aqcoe7G172800.1.p
OG0003880	VIT_204s0008g04230.1, VIT_211s0016g04540.1	Aqcoe7G197500.2.p, Aqcoe7G197500.1.p
OG0003881	VIT_211s0016g02650.1, VIT_213s0064g01240.1, VIT_213s0064g01240.2	Aqcoe7G415800.1.p, Aqcoe7G139600.1.p
OG0003882	VIT_206s0004g02610.1, VIT_206s0004g02600.2, VIT_206s0004g02600.1, VIT_206s0004g02600.3, VIT_206s0004g02600.4, VIT_206s0004g02600.5, VIT_206s0004g02600.6, VIT_200s2221g00010.1	Aqcoe7G019100.1.p, Aqcoe7G019100.3.p, Aqcoe7G019100.2.p, Aqcoe1G140000.1.p, Aqcoe1G140000.2.p, Aqcoe1G140000.3.p
OG0003883	VIT_216s0022g00480.4, VIT_216s0022g00480.2, VIT_216s0022g00480.3, VIT_216s0022g00480.6, VIT_216s0022g00480.8, VIT_216s0022g00480.9, VIT_216s0022g00480.7, VIT_216s0022g00480.5, VIT_216s0022g00480.1	Aqcoe7G082300.1.p, Aqcoe7G082300.2.p
OG0003884	VIT_211s0037g01130.1	Aqcoe7G254400.1.p
OG0003885	VIT_216s0098g01170.1, VIT_202s0025g02590.1, VIT_215s0048g02870.1	Aqcoe7G002200.1.p
OG0003886	VIT_202s0154g00260.2, VIT_202s0154g00260.3, VIT_202s0154g00260.1	Aqcoe7G092400.1.p
OG0003887	VIT_204s0008g04690.1, VIT_209s0002g05800.1, VIT_204s0008g04690.2	Aqcoe7G210200.1.p
OG0003888	VIT_204s0008g02480.1, VIT_204s0008g02480.3, VIT_204s0008g02480.2	Aqcoe7G309600.1.p
OG0003889	VIT_211s0016g00940.1	Aqcoe7G110500.1.p
OG0003890	VIT_202s0025g00470.1, VIT_215s0046g02120.1, VIT_215s0046g02130.1	Aqcoe7G020700.1.p
OG0003891	VIT_204s0008g05490.3, VIT_204s0008g05490.1, VIT_204s0008g05490.2, VIT_204s0008g05490.7, VIT_204s0008g05490.5, VIT_204s0008g05490.6, VIT_204s0008g05490.8, VIT_204s0008g05490.4	Aqcoe7G387000.3.p, Aqcoe7G387000.4.p, Aqcoe7G387000.6.p, Aqcoe7G387000.5.p, Aqcoe7G387000.1.p, Aqcoe7G387000.2.p
OG0003892	VIT_210s0003g00790.2, VIT_210s0003g00790.4, VIT_210s0003g00790.3, VIT_210s0003g00790.1, VIT_210s0003g00760.1	Aqcoe1G242300.1.p, Aqcoe1G242200.1.p, Aqcoe1G242100.1.p, Aqcoe1G241200.1.p, Aqcoe1G241200.2.p, Aqcoe1G241400.2.p, Aqcoe1G241400.1.p, Aqcoe1G241300.1.p, Aqcoe1G242400.1.p
OG0003893	VIT_210s0092g00230.2, VIT_210s0092g00230.1	Aqcoe1G182300.1.p, Aqcoe1G182300.3.p, Aqcoe1G182300.2.p
OG0003894	VIT_212s0059g00600.1	Aqcoe1G311000.1.p
OG0003895	VIT_206s0004g06840.2, VIT_206s0004g06840.1, VIT_213s0067g01270.2, VIT_213s0067g01270.1	Aqcoe1G413900.1.p
OG0003896	VIT_206s0009g02700.4, VIT_206s0009g02700.1, VIT_206s0009g02700.2, VIT_206s0009g02700.3	Aqcoe1G041100.1.p, Aqcoe1G041100.2.p, Aqcoe1G043800.1.p
OG0003897	VIT_219s0085g01180.1, VIT_219s0085g01180.3, VIT_219s0085g01180.2	Aqcoe1G155600.1.p
OG0003898	VIT_214s0006g00420.5, VIT_214s0006g00420.2, VIT_214s0006g00420.1, VIT_214s0006g00420.3, VIT_214s0006g00420.4	Aqcoe1G044700.1.p
OG0003899	VIT_208s0007g00100.1, VIT_206s0004g04400.2, VIT_206s0004g04400.1	Aqcoe1G466300.1.p
OG0003900	VIT_212s0059g01960.1, VIT_219s0014g03390.1	Aqcoe1G331000.1.p
OG0003901	VIT_207s0031g02810.4, VIT_207s0031g02810.3, VIT_207s0031g02810.2, VIT_207s0031g02810.1	Aqcoe1G067700.8.p, Aqcoe1G067700.3.p, Aqcoe1G067700.6.p, Aqcoe1G067700.7.p, Aqcoe1G067700.4.p, Aqcoe1G067700.5.p, Aqcoe1G067700.2.p, Aqcoe1G067700.1.p
OG0003902	VIT_208s0040g01800.1, VIT_213s0019g04420.1	Aqcoe1G344000.3.p, Aqcoe1G344000.2.p, Aqcoe1G344000.1.p, Aqcoe1G141500.1.p
OG0003903	VIT_208s0040g01940.2, VIT_208s0040g01940.1, VIT_206s0004g02970.1	Aqcoe1G145500.1.p
OG0003904	VIT_218s0001g03520.1	Aqcoe1G269600.2.p, Aqcoe1G269600.4.p, Aqcoe1G269600.3.p, Aqcoe1G269600.1.p
OG0003905	VIT_210s0116g01400.1	Aqcoe1G293700.1.p
OG0003905	VIT_205s0049g01420.1	Aqcoe5G020500.1.p
OG0003906	VIT_213s0074g00300.7, VIT_213s0074g00300.8, VIT_213s0074g00300.6, VIT_213s0074g00300.4, VIT_213s0074g00300.1, VIT_213s0074g00300.5, VIT_213s0074g00300.2, VIT_213s0074g00300.3	Aqcoe1G113400.1.p, Aqcoe1G113400.2.p
OG0003907	VIT_212s0134g00060.1, VIT_219s0014g04760.1, VIT_204s0023g03210.1	Aqcoe1G371300.1.p
OG0003908	VIT_201s0011g00600.1, VIT_201s0011g00590.1	Aqcoe3G364000.1.p
OG0003908	VIT_210s0003g00300.1, VIT_210s0003g00300.2, VIT_210s0003g00300.3	Aqcoe1G252200.1.p, Aqcoe1G252200.2.p
OG0003909	VIT_213s0156g00080.1	Aqcoe1G050000.2.p, Aqcoe1G050000.4.p, Aqcoe1G050000.3.p, Aqcoe1G050000.1.p
OG0003910	VIT_200s0265g00060.1, VIT_200s1787g00005.1, VIT_219s0014g02780.1, VIT_219s0014g02765.1, VIT_219s0014g02770.1, VIT_219s0014g02790.1	Aqcoe1G265700.1.p, Aqcoe1G265800.1.p
OG0003911	VIT_206s0004g02100.3, VIT_206s0004g02100.1, VIT_206s0004g02100.2	Aqcoe1G245300.1.p, Aqcoe1G245300.2.p
OG0003912	VIT_213s0073g00310.3, VIT_213s0073g00310.1, VIT_213s0073g00310.2, VIT_206s0009g00680.1, VIT_206s0009g00680.2	Aqcoe1G080300.1.p
OG0003913	VIT_219s0015g01160.3, VIT_219s0015g01160.1, VIT_219s0015g01160.4, VIT_219s0015g01160.5, VIT_219s0015g01160.2	Aqcoe1G383600.2.p, Aqcoe1G383600.3.p, Aqcoe1G383600.1.p, Aqcoe1G383600.4.p
OG0003914	VIT_212s0028g00310.1, VIT_212s0028g00310.2	Aqcoe1G199900.2.p, Aqcoe1G199900.1.p
OG0003915	VIT_213s0084g00680.3, VIT_213s0084g00680.4, VIT_213s0084g00680.1, VIT_213s0084g00680.2, VIT_213s0084g00680.5	Aqcoe1G043600.1.p
OG0003916	VIT_213s0067g00660.1, VIT_213s0067g00660.3, VIT_213s0067g00660.4, VIT_213s0067g00660.2, VIT_213s0067g00660.5, VIT_213s0067g00660.6	Aqcoe1G424100.1.p
OG0003917	VIT_219s0093g00620.1	Aqcoe1G189800.1.p, Aqcoe1G189800.5.p, Aqcoe1G189800.4.p, Aqcoe1G189800.3.p, Aqcoe1G189800.2.p
OG0003918	VIT_218s0001g02820.4, VIT_218s0001g02820.9, VIT_218s0001g02820.10, VIT_218s0001g02820.7, VIT_218s0001g02820.8, VIT_218s0001g02820.6, VIT_218s0001g02820.3, VIT_218s0001g02820.2, VIT_218s0001g02820.1, VIT_218s0001g02820.5, VIT_213s0019g02400.1	Aqcoe1G053400.2.p, Aqcoe1G053400.1.p
OG0003919	VIT_200s0220g00110.2, VIT_200s0220g00110.1, VIT_205s0094g01110.1, VIT_205s0094g01110.2	Aqcoe1G026900.2.p, Aqcoe1G026900.1.p
OG0003920	VIT_212s0028g01110.1, VIT_212s0028g01110.4, VIT_212s0028g01110.3, VIT_212s0028g01110.8, VIT_212s0028g01110.2, VIT_212s0028g01110.6, VIT_212s0028g01110.5, VIT_212s0028g01110.10, VIT_212s0028g01110.7, VIT_212s0028g01110.9, VIT_212s0028g01110.11	Aqcoe1G176800.4.p, Aqcoe1G176800.5.p, Aqcoe1G176800.3.p, Aqcoe1G176800.1.p, Aqcoe1G176800.2.p
OG0003921	VIT_210s0003g05030.2, VIT_210s0003g05030.1	Aqcoe1G148400.1.p
OG0003922	VIT_205s0029g01070.1, VIT_205s0029g01070.2, VIT_205s0029g01070.3	Aqcoe1G218900.1.p
OG0003923	VIT_210s0003g04360.4	Aqcoe1G185100.2.p
OG0003923	VIT_210s0003g04360.2, VIT_210s0003g04360.1, VIT_210s0003g04360.3, VIT_210s0003g04360.5, VIT_210s0003g04360.6	Aqcoe1G185100.1.p
OG0003924	VIT_210s0116g01640.3, VIT_210s0116g01640.1, VIT_210s0116g01640.2	Aqcoe1G229900.1.p
OG0003925	VIT_213s0019g03390.2, VIT_213s0019g03390.3, VIT_213s0019g03390.4, VIT_213s0019g03390.1	Aqcoe1G431500.1.p
OG0003926	VIT_206s0004g02070.9, VIT_206s0004g02070.7, VIT_206s0004g02070.1, VIT_206s0004g02070.6, VIT_206s0004g02070.2, VIT_206s0004g02070.8, VIT_206s0004g02070.11, VIT_206s0004g02070.12, VIT_206s0004g02070.3, VIT_206s0004g02070.4, VIT_206s0004g02070.5, VIT_206s0004g02070.10	Aqcoe1G028700.1.p
OG0003927	VIT_207s0005g03100.1	Aqcoe1G100500.2.p, Aqcoe1G100500.4.p, Aqcoe1G100500.3.p, Aqcoe1G100500.1.p
OG0003928	VIT_212s0057g01310.1	Aqcoe1G050200.1.p, Aqcoe1G050200.2.p
OG0003929	VIT_219s0014g00340.2, VIT_219s0014g00340.1, VIT_219s0014g00340.3	Aqcoe1G210300.5.p, Aqcoe1G210300.4.p, Aqcoe1G210300.3.p, Aqcoe1G210300.1.p, Aqcoe1G210300.6.p, Aqcoe1G210300.7.p, Aqcoe1G210300.2.p
OG0003930	VIT_219s0014g03140.3, VIT_219s0014g03140.2, VIT_219s0014g03140.1, VIT_212s0059g00200.1	Aqcoe1G315400.1.p
OG0003931	VIT_206s0004g00420.4, VIT_206s0004g00420.3, VIT_206s0004g00420.1, VIT_206s0004g00420.2, VIT_206s0004g00420.5, VIT_218s0164g00060.1	Aqcoe1G057200.2.p, Aqcoe1G057200.3.p, Aqcoe1G057200.1.p
OG0003932	VIT_213s0019g05160.1	Aqcoe3G302500.6.p, Aqcoe3G302500.3.p, Aqcoe3G302500.4.p, Aqcoe3G302500.2.p, Aqcoe3G302500.1.p, Aqcoe1G127800.4.p, Aqcoe1G127800.7.p, Aqcoe1G127800.3.p, Aqcoe1G127800.6.p, Aqcoe1G127800.1.p, Aqcoe1G127800.2.p, Aqcoe1G127800.5.p, Aqcoe3G302500.5.p
OG0003933	VIT_205s0094g00850.1, VIT_205s0094g00850.4, VIT_205s0094g00850.6, VIT_205s0094g00850.3, VIT_205s0094g00850.5, VIT_205s0094g00850.2	Aqcoe1G231000.1.p, Aqcoe1G231000.2.p
OG0003934	VIT_208s0040g00610.1, VIT_213s0067g00070.1, VIT_213s0067g00500.1, VIT_213s0067g00430.1	Aqcoe1G005900.1.p
OG0003935	VIT_212s0057g00880.2, VIT_212s0057g00880.1	Aqcoe1G151700.4.p, Aqcoe1G151700.2.p, Aqcoe1G151700.3.p, Aqcoe1G151700.1.p
OG0003936	VIT_207s0095g00050.1, VIT_213s0019g01030.1	Aqcoe1G024000.1.p
OG0003937	VIT_213s0067g03620.3, VIT_213s0067g03620.5, VIT_213s0067g03620.7, VIT_213s0067g03620.6, VIT_213s0067g03620.1, VIT_213s0067g03620.4, VIT_213s0067g03620.2	Aqcoe5G229300.4.p, Aqcoe5G229300.3.p, Aqcoe5G229300.2.p, Aqcoe5G229700.1.p, Aqcoe5G229300.1.p, Aqcoe1G480300.1.p
OG0003938	VIT_214s0030g01810.1	Aqcoe5G049700.1.p
OG0003939	VIT_218s0001g01990.1	Aqcoe5G256200.2.p, Aqcoe5G256200.4.p, Aqcoe5G256200.1.p, Aqcoe5G256200.3.p, Aqcoe5G256200.6.p, Aqcoe5G256200.5.p
OG0003940	VIT_207s0031g00200.1, VIT_203s0063g00060.1	Aqcoe5G145600.1.p
OG0003941	VIT_203s0038g02240.2, VIT_203s0038g02240.1, VIT_218s0001g14550.1	Aqcoe5G212200.6.p, Aqcoe5G212200.3.p, Aqcoe5G212200.2.p, Aqcoe5G212200.4.p, Aqcoe5G212200.5.p, Aqcoe5G212200.1.p
OG0003942	VIT_217s0000g00560.1, VIT_214s0068g01400.1	Aqcoe5G342100.1.p
OG0003943	VIT_211s0052g01850.1	Aqcoe5G068300.1.p, Aqcoe3G395100.1.p, Aqcoe3G048500.1.p
OG0003944	VIT_215s0048g02590.1, VIT_215s0048g02590.2	Aqcoe5G471400.2.p, Aqcoe5G471400.1.p
OG0003945	VIT_212s0035g02030.4, VIT_212s0035g02030.3, VIT_212s0035g02030.2, VIT_212s0035g02030.1	Aqcoe5G215000.1.p
OG0003946	VIT_200s0313g00010.1	Aqcoe5G169200.1.p
OG0003947	VIT_216s0098g01000.1, VIT_202s0025g02805.1	Aqcoe5G169000.1.p, Aqcoe5G169100.1.p, Aqcoe5G168100.1.p
OG0003948	VIT_218s0001g04380.1, VIT_212s0034g02370.1	Aqcoe5G276500.1.p, Aqcoe5G276500.2.p
OG0003949	VIT_218s0122g01040.2, VIT_218s0122g01040.4, VIT_218s0122g01040.1, VIT_218s0122g01040.3	Aqcoe5G118800.1.p
OG0003950	VIT_216s0050g00110.1, VIT_216s0050g00110.2, VIT_216s0050g00110.3	Aqcoe5G434400.2.p, Aqcoe5G434400.1.p
OG0003951	VIT_214s0068g01370.4, VIT_214s0068g01370.3, VIT_214s0068g01370.2, VIT_214s0068g01370.1, VIT_209s0054g00420.1	Aqcoe3G176100.3.p, Aqcoe3G176100.2.p, Aqcoe3G176100.1.p, Aqcoe5G341900.1.p, Aqcoe5G341900.2.p
OG0003952	VIT_203s0038g02970.2, VIT_203s0038g02970.1, VIT_203s0038g02970.4, VIT_203s0038g02970.3	Aqcoe5G127800.3.p, Aqcoe5G127800.2.p, Aqcoe5G127800.1.p
OG0003953	VIT_203s0063g02060.2, VIT_203s0063g02060.4, VIT_203s0063g02060.6, VIT_203s0063g02060.5, VIT_203s0063g02060.3, VIT_203s0063g02060.1	Aqcoe5G199900.1.p, Aqcoe5G199900.2.p
OG0003954	VIT_214s0068g02160.1	Aqcoe5G377800.1.p
OG0003955	VIT_206s0004g00360.1, VIT_208s0040g03200.1	Aqcoe5G147600.1.p
OG0003956	VIT_207s0104g00460.2, VIT_214s0128g00400.3, VIT_214s0128g00400.4, VIT_214s0128g00400.2, VIT_214s0128g00400.1	Aqcoe5G059200.2.p, Aqcoe5G059200.1.p
OG0003957	VIT_205s0020g01200.1	Aqcoe5G087200.1.p
OG0003958	VIT_211s0016g01370.2, VIT_211s0016g01370.1, VIT_209s0002g01440.2, VIT_209s0002g01440.1	Aqcoe5G061300.1.p
OG0003959	VIT_207s0031g00800.3, VIT_207s0031g00800.4, VIT_207s0031g00800.5, VIT_207s0031g00800.2, VIT_207s0031g00800.1, VIT_203s0063g00670.1	Aqcoe5G155700.1.p
OG0003960	VIT_205s0094g00440.1	Aqcoe5G059900.3.p, Aqcoe5G059900.1.p, Aqcoe5G059900.2.p
OG0003961	VIT_207s0185g00030.2, VIT_207s0185g00030.3, VIT_207s0185g00030.1, VIT_205s0029g01370.1	Aqcoe5G002000.1.p
OG0003962	VIT_215s0024g01010.5, VIT_215s0024g01010.4, VIT_215s0024g01010.2, VIT_215s0024g01010.3, VIT_215s0024g01010.1, VIT_215s0024g00980.1, VIT_215s0024g00980.2	Aqcoe5G320100.2.p, Aqcoe5G320100.1.p
OG0003963	VIT_203s0063g01390.1	Aqcoe5G171600.2.p, Aqcoe5G171600.3.p, Aqcoe5G171600.1.p
OG0003964	VIT_218s0001g05780.2, VIT_218s0001g05780.1	Aqcoe5G364000.3.p, Aqcoe5G364000.2.p, Aqcoe5G364000.1.p
OG0003965	VIT_200s0226g00060.1, VIT_200s0226g00060.2	Aqcoe5G045300.2.p, Aqcoe5G045300.3.p, Aqcoe5G045300.1.p
OG0003966	VIT_214s0128g00480.2, VIT_214s0128g00480.4, VIT_214s0128g00480.3, VIT_214s0128g00480.1	Aqcoe3G280800.1.p, Aqcoe3G280800.2.p, Aqcoe5G439700.1.p
OG0003967	VIT_207s0005g03760.4, VIT_207s0005g03760.3, VIT_207s0005g03760.2, VIT_207s0005g03760.1	Aqcoe5G021800.1.p, Aqcoe5G021800.2.p
OG0003968	VIT_218s0072g00720.1, VIT_218s0072g00720.2	Aqcoe5G247600.2.p, Aqcoe5G247600.1.p
OG0003969	VIT_212s0034g01210.3, VIT_212s0034g01210.4, VIT_212s0034g01210.2, VIT_212s0034g01210.1, VIT_212s0034g01180.4, VIT_212s0034g01180.1, VIT_212s0034g01180.2, VIT_212s0034g01180.3	Aqcoe5G281900.2.p, Aqcoe5G281900.1.p
OG0003970	VIT_214s0068g02140.1, VIT_214s0068g02140.2, VIT_214s0068g02140.3, VIT_217s0000g01500.1	Aqcoe5G119600.1.p
OG0003971	VIT_214s0171g00390.1, VIT_201s0010g02680.1	Aqcoe5G373000.1.p
OG0003972	VIT_218s0122g00160.1, VIT_218s0122g00160.3, VIT_218s0122g00160.2, VIT_218s0122g00160.4, VIT_208s0032g00130.1, VIT_201s0010g01360.1	Aqcoe5G108700.2.p, Aqcoe5G108700.1.p, Aqcoe5G108700.4.p, Aqcoe5G108700.3.p
OG0003973	VIT_218s0001g05160.1, VIT_218s0001g05180.3, VIT_218s0001g05180.4, VIT_218s0001g05180.2, VIT_218s0001g05180.1	Aqcoe5G262800.1.p
OG0003974	VIT_209s0002g00680.3, VIT_209s0002g00680.2, VIT_209s0002g00680.1, VIT_209s0002g00680.4, VIT_209s0002g00680.6, VIT_209s0002g00680.7, VIT_209s0002g00680.8, VIT_209s0002g00680.5	Aqcoe3G346700.1.p
OG0003975	VIT_217s0000g06540.1, VIT_217s0000g06510.1, VIT_217s0000g06510.2, VIT_217s0000g06510.3	Aqcoe3G059600.1.p
OG0003976	VIT_217s0000g02230.3, VIT_217s0000g02230.2, VIT_217s0000g02230.1, VIT_217s0000g02230.4, VIT_201s0011g05560.2, VIT_201s0011g05560.1	Aqcoe3G006800.1.p
OG0003977	VIT_215s0107g00380.1	Aqcoe3G183200.1.p, Aqcoe3G183200.2.p
OG0003978	VIT_214s0108g01630.2, VIT_214s0108g01630.4, VIT_214s0108g01630.5, VIT_214s0108g01630.3, VIT_214s0108g01630.1	Aqcoe3G361100.1.p
OG0003979	VIT_217s0000g05790.1, VIT_217s0000g05790.2, VIT_217s0000g05790.3, VIT_217s0000g05790.4, VIT_214s0108g00090.1	Aqcoe3G328900.2.p, Aqcoe3G328900.1.p, Aqcoe3G088500.1.p, Aqcoe3G088500.2.p
OG0003980	VIT_201s0011g02890.1	Aqcoe3G394800.1.p
OG0003981	VIT_201s0026g00580.2, VIT_201s0026g00580.1	Aqcoe3G302600.5.p, Aqcoe3G302600.3.p, Aqcoe3G302600.4.p, Aqcoe3G302600.2.p, Aqcoe3G302600.1.p
OG0003982	VIT_214s0006g03050.1	Aqcoe3G042300.1.p, Aqcoe3G042400.1.p
OG0003983	VIT_201s0026g02770.1, VIT_217s0000g06410.1, VIT_214s0108g01080.1	Aqcoe3G346800.1.p
OG0003984	VIT_202s0087g00710.4, VIT_202s0087g00710.1, VIT_202s0087g00710.2, VIT_202s0087g00710.3	Aqcoe3G169200.1.p
OG0003985	VIT_200s0299g00100.1, VIT_215s0021g01880.2, VIT_215s0021g01880.1	Aqcoe3G272100.1.p
OG0003986	VIT_201s0010g01430.1, VIT_201s0010g01430.2	Aqcoe3G436900.1.p
OG0003987	VIT_214s0083g00710.1, VIT_208s0032g00820.1, VIT_217s0000g04730.1	Aqcoe3G070900.1.p
OG0003988	VIT_201s0137g00610.3, VIT_201s0137g00610.1, VIT_201s0137g00610.2, VIT_201s0137g00610.4	Aqcoe3G140000.3.p, Aqcoe3G140000.2.p, Aqcoe3G140000.1.p
OG0003989	VIT_217s0000g03260.1, VIT_217s0000g03260.3, VIT_217s0000g03260.2, VIT_217s0000g03260.5, VIT_217s0000g03260.4	Aqcoe3G025100.1.p
OG0003990	VIT_217s0000g08570.3, VIT_217s0000g08570.5, VIT_217s0000g08570.4, VIT_217s0000g08570.1, VIT_217s0000g08570.2, VIT_201s0127g00360.1, VIT_201s0127g00360.2	Aqcoe3G125600.1.p, Aqcoe3G125600.2.p
OG0003991	VIT_214s0083g00240.1	Aqcoe3G053500.1.p
OG0003992	VIT_217s0000g09230.1	Aqcoe3G144300.1.p
OG0003993	VIT_207s0005g01440.1, VIT_207s0005g01440.6, VIT_207s0005g01440.7, VIT_207s0005g01440.8, VIT_207s0005g01440.3, VIT_207s0005g01440.4, VIT_207s0005g01440.2, VIT_207s0005g01440.5	Aqcoe3G144100.3.p, Aqcoe3G144100.1.p, Aqcoe3G144100.2.p, Aqcoe3G293700.1.p
OG0003994	VIT_201s0011g04790.1	Aqcoe3G018000.1.p
OG0003995	VIT_214s0108g01000.1, VIT_201s0026g02590.1	Aqcoe3G342900.1.p
OG0003996	VIT_217s0000g04350.1	Aqcoe3G053900.1.p, Aqcoe3G391000.1.p
OG0003997	VIT_201s0011g06400.2, VIT_201s0011g06400.1, VIT_217s0000g01870.1, VIT_217s0000g01870.3, VIT_217s0000g01870.2	Aqcoe3G412500.1.p
OG0003998	VIT_208s0040g01560.4, VIT_208s0040g01560.6, VIT_208s0040g01560.2, VIT_208s0040g01560.5, VIT_208s0040g01560.1, VIT_208s0040g01560.3, VIT_208s0040g01560.8, VIT_208s0040g01560.7	Aqcoe3G248900.1.p, Aqcoe3G248900.2.p
OG0003999	VIT_217s0000g02170.1, VIT_217s0000g02170.2, VIT_217s0000g02170.5, VIT_217s0000g02170.4, VIT_217s0000g02170.3, VIT_217s0000g02170.6, VIT_217s0000g02170.7	Aqcoe3G007500.1.p
OG0004000	VIT_217s0000g06030.2, VIT_217s0000g06030.1, VIT_214s0108g00510.2, VIT_214s0108g00510.1	Aqcoe3G080300.1.p
OG0004001	VIT_201s0011g03820.1, VIT_201s0011g03820.2, VIT_201s0011g03820.3, VIT_201s0011g03820.4, VIT_201s0011g03820.5, VIT_217s0000g03440.1	Aqcoe3G030900.1.p
OG0004002	VIT_201s0011g00780.1	Aqcoe3G364300.1.p
OG0004003	VIT_201s0026g00840.5, VIT_201s0026g00840.3, VIT_201s0026g00840.2, VIT_201s0026g00840.1, VIT_201s0026g00840.4	Aqcoe3G306300.2.p, Aqcoe3G306300.1.p
OG0004004	VIT_201s0010g01480.9, VIT_201s0010g01480.3, VIT_201s0010g01480.6, VIT_201s0010g01480.4, VIT_201s0010g01480.2, VIT_201s0010g01480.1, VIT_201s0010g01480.7, VIT_201s0010g01480.5, VIT_201s0010g01480.8	Aqcoe3G432600.1.p, Aqcoe3G432600.2.p
OG0004005	VIT_213s0047g00460.1, VIT_208s0007g05320.3, VIT_208s0007g05320.6, VIT_213s0047g00460.3, VIT_213s0047g00460.4, VIT_213s0047g00460.2, VIT_208s0007g05320.8, VIT_208s0007g05320.4, VIT_208s0007g05320.7, VIT_208s0007g05320.1, VIT_208s0007g05320.2, VIT_208s0007g05320.5	Aqcoe3G390000.1.p
OG0004006	VIT_202s0033g00960.6, VIT_202s0033g00960.11, VIT_202s0033g00960.10, VIT_202s0033g00960.14, VIT_202s0033g00960.12, VIT_202s0033g00960.4, VIT_202s0033g00960.5, VIT_202s0033g00960.9, VIT_202s0033g00960.3, VIT_202s0033g00960.7, VIT_202s0033g00960.8, VIT_202s0033g00960.2, VIT_202s0033g00960.1, VIT_217s0000g04280.1	Aqcoe3G393000.1.p
OG0004026	VIT_208s0040g02830.2	Aqcoe2G171700.2.p
OG0004026	VIT_206s0004g03900.1, VIT_208s0040g02830.1	Aqcoe1G479900.1.p, Aqcoe2G171700.1.p
OG0004027	VIT_213s0139g00310.4, VIT_213s0139g00310.2, VIT_213s0139g00310.1, VIT_213s0139g00310.3, VIT_208s0007g05540.3, VIT_208s0007g05540.4, VIT_208s0007g05540.2, VIT_208s0007g05540.1	Aqcoe2G036200.1.p
OG0004028	VIT_203s0038g02540.1, VIT_201s0127g00860.1	Aqcoe2G157700.5.p, Aqcoe2G157700.2.p, Aqcoe2G157700.6.p, Aqcoe2G157700.3.p, Aqcoe2G157700.4.p, Aqcoe2G157700.1.p, Aqcoe1G436500.1.p, Aqcoe1G436500.4.p, Aqcoe1G436500.5.p, Aqcoe1G436500.2.p, Aqcoe1G436500.3.p, Aqcoe1G436300.1.p
OG0004030	VIT_218s0072g00060.1, VIT_205s0020g03450.1	Aqcoe1G308300.1.p, Aqcoe5G055000.1.p, Aqcoe2G345500.1.p
OG0004031	VIT_206s0004g04930.1, VIT_208s0007g00480.1, VIT_208s0007g00480.3, VIT_208s0007g00480.2	Aqcoe2G222200.1.p, Aqcoe1G109000.1.p
OG0004032	VIT_219s0014g03460.2, VIT_219s0014g03460.1	Aqcoe2G082400.1.p
OG0004032	VIT_200s0404g00020.1	Aqcoe4G165000.3.p, Aqcoe4G165000.2.p, Aqcoe4G165000.1.p
OG0004033	VIT_206s0004g03700.2, VIT_206s0004g03700.1	Aqcoe2G170000.1.p, Aqcoe2G170000.2.p, Aqcoe2G170000.3.p, Aqcoe2G170000.4.p
OG0004034	VIT_208s0032g00050.3, VIT_208s0032g00050.2, VIT_208s0032g00050.1, VIT_208s0032g00050.4, VIT_208s0032g00050.6	Aqcoe2G403600.1.p
OG0004035	VIT_207s0104g00910.4, VIT_207s0104g00910.1, VIT_207s0104g00910.2, VIT_207s0104g00910.3	Aqcoe2G319800.1.p
OG0004036	VIT_208s0056g01680.1	Aqcoe2G034200.1.p
OG0004036	VIT_200s0304g00070.1	Aqcoe6G063700.1.p
OG0004038	VIT_219s0027g00550.2, VIT_219s0027g00560.1, VIT_219s0027g00550.4, VIT_219s0027g00550.3, VIT_219s0027g00550.1, VIT_219s0027g00580.1, VIT_219s0027g00570.1	Aqcoe2G431900.1.p, Aqcoe2G431900.2.p
OG0004039	VIT_207s0005g02090.1, VIT_214s0060g00620.1, VIT_214s0060g00620.2	Aqcoe2G259700.1.p
OG0004040	VIT_205s0020g03580.1	Aqcoe2G346700.2.p, Aqcoe2G346700.1.p
OG0004041	VIT_205s0102g00440.1, VIT_205s0102g00440.3, VIT_205s0102g00440.2, VIT_205s0102g00400.1, VIT_205s0102g00400.3, VIT_205s0102g00400.2, VIT_200s0174g00140.2, VIT_200s0174g00140.1, VIT_205s0102g00410.3, VIT_205s0102g00410.4, VIT_205s0102g00410.7, VIT_205s0102g00410.5, VIT_205s0102g00410.2, VIT_205s0102g00410.1, VIT_205s0102g00410.6	Aqcoe2G434200.3.p, Aqcoe2G434200.6.p, Aqcoe2G434200.2.p, Aqcoe2G434200.1.p, Aqcoe2G434200.4.p, Aqcoe2G434200.7.p, Aqcoe2G434200.5.p
OG0004043	VIT_219s0177g00120.1, VIT_210s0092g00615.1, VIT_206s0061g01250.1	Aqcoe1G111500.1.p, Aqcoe2G125000.1.p
OG0004044	VIT_212s0035g00620.2, VIT_212s0035g00620.1	Aqcoe2G341300.1.p, Aqcoe2G341300.2.p
OG0004045	VIT_213s0067g01760.1, VIT_213s0067g01760.2	Aqcoe2G133800.1.p, Aqcoe2G133800.2.p, Aqcoe2G084800.1.p
OG0004046	VIT_207s0141g00770.1, VIT_205s0062g00840.1	Aqcoe2G409100.1.p
OG0004047	VIT_215s0046g02090.1, VIT_215s0046g02100.1, VIT_215s0046g02110.1	Aqcoe2G372000.1.p, Aqcoe1G015400.1.p
OG0004048	VIT_206s0009g03800.2, VIT_206s0009g03800.1, VIT_206s0009g03800.3	Aqcoe2G031200.2.p, Aqcoe2G031200.1.p
OG0004049	VIT_207s0031g01480.1	Aqcoe5G315600.1.p, Aqcoe2G329800.1.p, Aqcoe2G332100.1.p
OG0004050	VIT_208s0056g00910.2, VIT_208s0056g00910.1	Aqcoe2G006900.1.p, Aqcoe2G006900.2.p
OG0004051	VIT_208s0040g03010.7, VIT_208s0040g03010.8, VIT_208s0040g03010.6, VIT_208s0040g03010.5, VIT_208s0040g03010.3, VIT_208s0040g03010.1, VIT_208s0040g03010.2, VIT_208s0040g03010.4, VIT_208s0040g03010.9	Aqcoe2G170100.3.p, Aqcoe2G170100.2.p, Aqcoe2G170100.1.p
OG0004052	VIT_207s0005g00510.1, VIT_207s0005g00510.2	Aqcoe2G292500.1.p, Aqcoe2G292500.2.p, Aqcoe2G292500.3.p
OG0004053	VIT_214s0060g00380.1	Aqcoe2G250200.2.p, Aqcoe2G250200.1.p, Aqcoe2G250200.3.p
OG0004054	VIT_206s0004g01310.1, VIT_208s0007g06390.1, VIT_208s0007g06390.2	Aqcoe1G003800.2.p, Aqcoe1G003800.1.p, Aqcoe2G008500.1.p, Aqcoe2G008500.2.p
OG0004055	VIT_213s0084g00880.2, VIT_213s0084g00850.2, VIT_213s0084g00850.1, VIT_213s0084g00880.1	Aqcoe2G041200.1.p
OG0004056	VIT_207s0005g03670.3, VIT_207s0005g03670.2, VIT_207s0005g03670.4, VIT_207s0005g03670.1	Aqcoe2G377000.2.p, Aqcoe2G377000.1.p
OG0004058	VIT_207s0141g00110.1	Aqcoe5G044100.1.p, Aqcoe5G044100.2.p, Aqcoe2G356300.4.p, Aqcoe2G356300.5.p, Aqcoe2G356300.7.p, Aqcoe2G356300.6.p, Aqcoe2G356300.2.p, Aqcoe2G356300.3.p, Aqcoe2G356300.1.p
OG0004059	VIT_205s0020g01540.1	Aqcoe2G297300.1.p
OG0004060	VIT_202s0012g00870.1	Aqcoe2G379300.1.p, Aqcoe2G379300.6.p, Aqcoe2G379300.5.p, Aqcoe2G379300.8.p, Aqcoe3G252300.1.p, Aqcoe2G379300.3.p, Aqcoe2G379300.4.p, Aqcoe2G379300.2.p, Aqcoe2G379300.7.p
OG0004061	VIT_208s0007g07790.1, VIT_208s0007g07790.2	Aqcoe2G012100.1.p, Aqcoe2G009200.1.p, Aqcoe2G014700.1.p
OG0004062	VIT_200s0505g00030.1	Aqcoe2G198800.1.p
OG0004063	VIT_208s0007g06480.2, VIT_208s0007g06480.1	Aqcoe2G008300.1.p
OG0004064	VIT_200s0231g00020.1, VIT_200s0574g00030.1	Aqcoe2G416500.1.p
OG0004065	VIT_206s0080g00090.1, VIT_213s0074g00790.1, VIT_208s0007g03660.1	Aqcoe1G450400.1.p, Aqcoe2G134300.1.p
OG0004066	VIT_208s0007g03760.1	Aqcoe2G129900.3.p, Aqcoe2G129900.2.p, Aqcoe2G129900.1.p, Aqcoe1G454000.1.p
OG0004067	VIT_205s0029g01100.2, VIT_205s0029g01100.3, VIT_205s0029g01100.1, VIT_205s0102g00500.1	Aqcoe6G274300.5.p, Aqcoe6G274300.6.p, Aqcoe6G274300.3.p, Aqcoe6G274300.1.p, Aqcoe6G274300.2.p, Aqcoe6G274300.4.p, Aqcoe2G235200.3.p, Aqcoe2G235200.2.p, Aqcoe2G235200.4.p, Aqcoe2G235200.1.p
OG0004068	VIT_213s0074g00240.1, VIT_208s0007g04160.3, VIT_208s0007g04160.1, VIT_208s0007g04160.2	Aqcoe2G185000.2.p, Aqcoe2G185000.4.p, Aqcoe2G185000.1.p, Aqcoe2G185000.3.p, Aqcoe1G113800.1.p, Aqcoe1G113800.2.p
OG0004069	VIT_205s0102g01120.1	Aqcoe2G433200.1.p
OG0004070	VIT_207s0104g01030.1, VIT_207s0104g01030.2, VIT_207s0104g01030.3, VIT_207s0104g01030.4	Aqcoe2G319100.1.p
OG0004071	VIT_207s0104g00540.1, VIT_207s0104g00540.3, VIT_207s0104g00540.2, VIT_214s0128g00410.1	Aqcoe2G339000.1.p, Aqcoe2G338900.1.p
OG0004072	VIT_208s0007g00470.1, VIT_208s0007g00470.2, VIT_206s0004g04890.2, VIT_206s0004g04890.1	Aqcoe2G220600.1.p
OG0004073	VIT_206s0061g00020.1, VIT_206s0061g00020.2, VIT_206s0061g00020.4, VIT_206s0061g00020.3	Aqcoe2G029700.1.p, Aqcoe2G029600.1.p
OG0004074	VIT_206s0004g04560.1, VIT_208s0007g00210.1	Aqcoe2G148500.3.p, Aqcoe2G148500.4.p, Aqcoe2G148500.2.p, Aqcoe2G148500.5.p, Aqcoe2G148500.1.p, Aqcoe1G462800.1.p
OG0004075	VIT_201s0150g00310.2, VIT_201s0150g00310.3	Aqcoe6G253500.1.p, Aqcoe2G384300.1.p
OG0004076	VIT_206s0004g03970.1	Aqcoe2G173500.2.p, Aqcoe2G173500.7.p, Aqcoe2G173500.5.p, Aqcoe2G173500.3.p, Aqcoe2G173500.4.p, Aqcoe2G173500.6.p, Aqcoe2G173500.1.p
OG0004077	VIT_205s0077g00950.2, VIT_205s0077g00950.1	Aqcoe2G270700.1.p
OG0004078	VIT_205s0102g01190.3, VIT_205s0102g01190.1, VIT_205s0102g01190.2, VIT_204s0023g00830.1	Aqcoe2G433500.1.p
OG0004079	VIT_205s0020g04080.3, VIT_205s0020g04080.2, VIT_205s0020g04080.1	Aqcoe2G352900.1.p
OG0004080	VIT_206s0080g00410.1, VIT_206s0080g00410.2, VIT_213s0147g00110.1	Aqcoe2G106100.1.p, Aqcoe1G445200.1.p
OG0004081	VIT_214s0030g01610.1	Aqcoe2G245700.1.p
OG0004082	VIT_214s0036g01520.1, VIT_214s0036g01520.7, VIT_214s0036g01520.3, VIT_214s0036g01520.6, VIT_214s0036g01520.4, VIT_214s0036g01520.5, VIT_214s0036g01520.8, VIT_214s0036g01520.2, VIT_207s0031g03160.4, VIT_207s0031g03160.3, VIT_207s0031g03160.2, VIT_207s0031g03160.1	Aqcoe1G466700.2.p, Aqcoe1G466700.1.p, Aqcoe0038s0004.1.p
OG0004083	VIT_200s1395g00010.1, VIT_200s0665g00050.1	Aqcoe6G086000.1.p, Aqcoe6G086000.2.p
OG0004084	VIT_200s0499g00020.1	Aqcoe6G078000.1.p
OG0004085	VIT_203s0038g02320.1	Aqcoe6G223600.2.p, Aqcoe6G223600.1.p
OG0004086	VIT_212s0035g01740.4, VIT_212s0035g01740.3, VIT_212s0035g01740.2, VIT_212s0035g01740.1	Aqcoe6G005900.1.p
OG0004087	VIT_209s0002g04390.1, VIT_207s0130g00210.1, VIT_207s0130g00210.2, VIT_207s0130g00210.6, VIT_207s0130g00210.5, VIT_207s0130g00210.3, VIT_207s0130g00210.7, VIT_207s0130g00210.4, VIT_218s0089g01050.1	Aqcoe6G002900.1.p
OG0004088	VIT_200s0199g00300.1, VIT_218s0001g07080.1, VIT_218s0001g07080.3, VIT_218s0001g07080.2	Aqcoe1G288700.1.p, Aqcoe1G288700.2.p, Aqcoe6G072100.1.p, Aqcoe6G072100.2.p
OG0004089	VIT_202s0025g02070.4, VIT_202s0025g02070.3, VIT_202s0025g02070.2, VIT_202s0025g02070.1	Aqcoe6G066000.2.p, Aqcoe6G066000.1.p
OG0004090	VIT_207s0031g00120.1	Aqcoe6G132600.1.p
OG0004090	VIT_218s0001g10070.1	Aqcoe5G144200.1.p
OG0004091	VIT_218s0001g07090.1	Aqcoe6G071700.1.p
OG0004092	VIT_204s0023g03110.1, VIT_204s0023g03110.2	Aqcoe5G177100.1.p, Aqcoe6G244500.2.p, Aqcoe6G244500.1.p
OG0004093	VIT_203s0091g00160.1, VIT_203s0091g00130.1, VIT_203s0091g00150.1	Aqcoe6G307800.1.p, Aqcoe6G307600.1.p, Aqcoe6G308100.1.p
OG0004094	VIT_207s0205g00080.2, VIT_207s0205g00080.1	Aqcoe1G495900.2.p, Aqcoe1G495900.3.p, Aqcoe1G495900.1.p, Aqcoe6G093700.1.p
OG0004095	VIT_207s0129g00370.5, VIT_207s0129g00370.3, VIT_207s0129g00370.2, VIT_207s0129g00370.1, VIT_207s0129g00370.4	Aqcoe6G289000.2.p, Aqcoe6G289000.4.p, Aqcoe6G289000.1.p, Aqcoe6G289000.3.p, Aqcoe6G289000.5.p
OG0004096	VIT_213s0019g03540.1	Aqcoe6G163600.1.p, Aqcoe6G163600.2.p, Aqcoe6G163600.4.p, Aqcoe6G163600.3.p
OG0004097	VIT_218s0001g02700.5, VIT_218s0001g02700.3, VIT_218s0001g02700.1, VIT_218s0001g02700.2, VIT_218s0001g02700.4, VIT_218s0001g02700.6	Aqcoe6G023000.1.p
OG0004098	VIT_207s0031g01880.3, VIT_207s0031g01880.8, VIT_207s0031g01880.5, VIT_207s0031g01880.4, VIT_207s0031g01880.2, VIT_207s0031g01880.9, VIT_207s0031g01880.1, VIT_207s0031g01880.7, VIT_207s0031g01880.6, VIT_207s0031g01880.11, VIT_207s0031g01880.10	Aqcoe6G043600.1.p
OG0004099	VIT_218s0001g11175.2, VIT_218s0001g11175.1, VIT_218s0001g11180.1, VIT_203s0063g00980.1, VIT_203s0063g00970.1, VIT_203s0063g01010.1, VIT_203s0063g00990.1	Aqcoe6G152600.1.p, Aqcoe6G152500.1.p
OG0004100	VIT_216s0039g02000.4, VIT_216s0039g02000.6, VIT_216s0039g02000.7, VIT_216s0039g02000.8, VIT_216s0039g02000.3, VIT_216s0039g02000.1, VIT_216s0039g02000.2, VIT_216s0039g02000.5	Aqcoe6G328700.1.p
OG0004101	VIT_212s0035g01200.1	Aqcoe6G146300.1.p, Aqcoe5G097900.1.p
OG0004102	VIT_203s0063g00300.5, VIT_203s0063g00300.2, VIT_203s0063g00300.1, VIT_203s0063g00300.3, VIT_203s0063g00300.4	Aqcoe6G140000.1.p
OG0004103	VIT_218s0001g13360.1, VIT_218s0001g13360.2	Aqcoe6G258800.1.p, Aqcoe5G182000.1.p
OG0004104	VIT_212s0035g00970.1, VIT_218s0075g00820.1, VIT_212s0035g00970.2	Aqcoe6G010000.6.p, Aqcoe6G010000.1.p, Aqcoe6G010000.4.p, Aqcoe6G010000.3.p, Aqcoe6G010000.2.p, Aqcoe6G010000.5.p
OG0004105	VIT_209s0002g09150.3	Aqcoe5G116800.1.p
OG0004105	VIT_209s0002g09150.1, VIT_209s0002g09150.2, VIT_212s0055g00900.3, VIT_212s0055g00900.2, VIT_212s0055g00900.1, VIT_212s0055g00900.4	Aqcoe6G054500.1.p
OG0004106	VIT_204s0023g01750.1, VIT_204s0023g01750.2, VIT_204s0023g01750.4, VIT_204s0023g01750.3	Aqcoe6G119700.2.p, Aqcoe6G119700.1.p
OG0004107	VIT_207s0031g02140.1, VIT_203s0038g03900.1	Aqcoe5G118300.1.p, Aqcoe6G172000.1.p
OG0004108	VIT_203s0038g03440.3, VIT_203s0038g03440.2, VIT_203s0038g03440.1	Aqcoe6G195300.4.p, Aqcoe6G195300.6.p, Aqcoe6G195300.5.p, Aqcoe6G195300.3.p, Aqcoe6G195300.1.p, Aqcoe6G195300.2.p
OG0004109	VIT_218s0001g08410.1	Aqcoe5G096200.1.p
OG0004109	VIT_200s0732g00010.2, VIT_200s0732g00010.1, VIT_200s0732g00010.3	Aqcoe6G318600.1.p
OG0004110	VIT_219s0014g01400.1	Aqcoe1G227700.1.p, Aqcoe6G022100.1.p
OG0004111	VIT_207s0129g00260.3, VIT_207s0129g00260.1	Aqcoe6G286900.1.p, Aqcoe6G286900.2.p, Aqcoe5G104000.1.p
OG0004112	VIT_203s0017g00640.1	Aqcoe7G132700.1.p, Aqcoe7G132700.4.p, Aqcoe7G132700.3.p, Aqcoe7G132700.2.p, Aqcoe7G132700.5.p, Aqcoe7G132700.6.p, Aqcoe5G312900.1.p, Aqcoe6G076500.1.p
OG0004113	VIT_204s0044g00130.1, VIT_204s0044g00130.4, VIT_204s0044g00130.5, VIT_204s0044g00130.3, VIT_204s0044g00130.2, VIT_204s0044g00130.6	Aqcoe6G174400.1.p
OG0004114	VIT_210s0003g02910.1	Aqcoe4G128300.1.p, Aqcoe6G285600.2.p, Aqcoe6G285600.1.p, Aqcoe6G285600.3.p, Aqcoe4G135700.1.p, Aqcoe4G135700.2.p
OG0004115	VIT_210s0003g02680.3, VIT_210s0003g02680.2, VIT_210s0003g02680.1	Aqcoe4G016500.1.p
OG0004115	VIT_205s0077g00940.1	Aqcoe6G045100.1.p
OG0004116	VIT_200s0207g00140.1, VIT_203s0017g02215.1, VIT_200s0207g00180.1	Aqcoe6G104900.1.p
OG0004116	VIT_203s0063g01940.1	Aqcoe5G202900.1.p
OG0004117	VIT_203s0038g03260.3, VIT_203s0038g03260.4, VIT_203s0038g03260.2, VIT_203s0038g03260.1	Aqcoe6G191200.1.p
OG0004118	VIT_203s0063g01410.2, VIT_203s0063g01410.1, VIT_203s0063g01410.3	Aqcoe6G100000.1.p
OG0004118	VIT_208s0032g00981.1	Aqcoe1G076600.1.p
OG0004119	VIT_200s2269g00010.1	Aqcoe1G391600.2.p, Aqcoe1G391600.1.p, Aqcoe4G194400.1.p, Aqcoe7G239800.1.p
OG0004120	VIT_207s0005g01340.2, VIT_207s0005g01340.1, VIT_205s0077g01220.1	Aqcoe5G229600.1.p, Aqcoe5G229400.1.p, Aqcoe4G076200.1.p, Aqcoe4G076200.2.p, Aqcoe5G229600.2.p, Aqcoe1G480400.1.p
OG0004121	VIT_210s0003g00420.2, VIT_210s0003g00420.1, VIT_210s0003g00420.3	Aqcoe1G248400.2.p, Aqcoe1G248400.1.p, Aqcoe1G248400.3.p, Aqcoe4G073400.2.p, Aqcoe4G073400.1.p
OG0004122	VIT_219s0015g01060.1, VIT_219s0015g01050.1	Aqcoe4G302000.1.p, Aqcoe4G302000.2.p
OG0004123	VIT_200s0429g00025.1, VIT_210s0092g00670.1, VIT_200s0262g00090.1	Aqcoe7G046500.1.p, Aqcoe7G046400.1.p, Aqcoe4G108600.1.p
OG0004124	VIT_203s0038g02460.2, VIT_203s0038g02460.1	Aqcoe1G015600.1.p, Aqcoe1G015600.2.p, Aqcoe4G150400.1.p, Aqcoe4G150400.4.p, Aqcoe4G150400.3.p, Aqcoe4G150400.2.p
OG0004125	VIT_211s0052g01400.1	Aqcoe7G327100.1.p, Aqcoe4G306800.2.p, Aqcoe0009s0015.1.p
OG0004126	VIT_212s0028g03100.3, VIT_212s0028g03100.2, VIT_212s0028g03100.1	Aqcoe4G079000.1.p, Aqcoe4G079000.2.p
OG0004127	VIT_210s0003g02770.2, VIT_210s0003g02770.4, VIT_210s0003g02770.1, VIT_210s0003g02770.3, VIT_210s0003g02770.5	Aqcoe4G013200.3.p, Aqcoe4G013200.6.p, Aqcoe4G013200.4.p, Aqcoe4G013200.2.p, Aqcoe4G013200.5.p, Aqcoe4G013200.1.p, Aqcoe3G146500.1.p, Aqcoe4G208700.1.p, Aqcoe3G146400.1.p
OG0004128	VIT_210s0116g01000.1	Aqcoe1G297900.1.p
OG0004128	VIT_219s0090g00910.1	Aqcoe4G212600.1.p
OG0004129	VIT_215s0048g01000.2, VIT_215s0048g01000.3, VIT_215s0048g01000.1, VIT_215s0048g00980.1, VIT_215s0048g01010.1	Aqcoe7G070400.1.p, Aqcoe7G006600.1.p, Aqcoe4G163600.1.p
OG0004130	VIT_200s0283g00060.1, VIT_200s0283g00060.3, VIT_200s0283g00060.2, VIT_200s0283g00060.4, VIT_200s0283g00060.5	Aqcoe5G097500.1.p, Aqcoe5G097500.2.p, Aqcoe4G057900.1.p, Aqcoe4G057900.2.p
OG0004131	VIT_212s0059g02390.1, VIT_206s0004g04060.1	Aqcoe4G189400.1.p, Aqcoe4G141900.1.p, Aqcoe1G475600.1.p, Aqcoe4G012400.1.p, Aqcoe3G105800.1.p
OG0004132	VIT_202s0025g01420.1, VIT_202s0025g01420.2, VIT_202s0025g01420.4, VIT_202s0025g01420.3	Aqcoe5G458600.1.p, Aqcoe7G012000.2.p, Aqcoe7G012000.1.p, Aqcoe7G012000.4.p, Aqcoe7G012000.3.p
OG0004133	VIT_215s0046g00845.1, VIT_219s0027g00016.1, VIT_216s0013g01196.1, VIT_216s0022g01860.1	Aqcoe7G064800.2.p, Aqcoe7G064800.1.p
OG0004134	VIT_216s0050g01510.1, VIT_216s0050g01510.2, VIT_216s0050g01510.3	Aqcoe7G020600.1.p
OG0004135	VIT_209s0002g02210.1, VIT_209s0002g02210.2	Aqcoe7G427000.1.p
OG0004136	VIT_209s0002g04300.1, VIT_209s0002g04290.1	Aqcoe7G403900.1.p, Aqcoe7G403500.1.p, Aqcoe7G403800.1.p
OG0004137	VIT_203s0038g02820.5, VIT_203s0038g02820.4, VIT_203s0038g02820.1, VIT_203s0038g02820.3, VIT_203s0038g02820.2	Aqcoe7G186300.1.p, Aqcoe7G186300.3.p, Aqcoe7G186300.2.p, Aqcoe7G186300.4.p
OG0004138	VIT_211s0118g00230.1, VIT_211s0118g00230.2, VIT_211s0118g00230.3, VIT_211s0118g00230.5	Aqcoe7G378200.1.p
OG0004139	VIT_202s0025g03930.1, VIT_214s0006g01200.1, VIT_204s0023g01190.1	Aqcoe7G040200.1.p, Aqcoe7G040200.3.p, Aqcoe7G040200.2.p, Aqcoe7G040200.4.p, Aqcoe7G040200.5.p, Aqcoe7G040200.6.p
OG0004140	VIT_216s0022g01630.1	Aqcoe7G071100.1.p
OG0004141	VIT_211s0016g02130.1, VIT_211s0016g02130.3, VIT_211s0016g02130.2	Aqcoe7G427200.1.p
OG0004142	VIT_209s0002g02530.1, VIT_209s0002g02530.2, VIT_209s0002g02530.3	Aqcoe7G137500.1.p, Aqcoe7G137500.2.p
OG0004143	VIT_209s0002g04880.3, VIT_209s0002g04880.1, VIT_209s0002g04880.2	Aqcoe7G191700.1.p, Aqcoe7G191700.2.p
OG0004144	VIT_214s0066g02250.1	Aqcoe7G331400.1.p
OG0004144	VIT_201s0026g01060.1	Aqcoe3G101800.1.p
OG0004145	VIT_202s0025g04710.5, VIT_202s0025g04710.7, VIT_202s0025g04710.2, VIT_202s0025g04710.4, VIT_202s0025g04710.6, VIT_202s0025g04710.3, VIT_202s0025g04710.1	Aqcoe7G054200.1.p
OG0004146	VIT_215s0021g02140.1, VIT_215s0021g02140.3, VIT_215s0021g02140.2, VIT_215s0021g02140.4, VIT_204s0043g01035.1	Aqcoe7G089800.2.p, Aqcoe7G089800.1.p
OG0004147	VIT_211s0118g00310.1, VIT_211s0118g00310.5, VIT_211s0118g00310.3, VIT_211s0118g00310.6, VIT_211s0118g00310.4, VIT_211s0118g00310.2	Aqcoe7G216900.1.p
OG0004148	VIT_206s0004g07350.1	Aqcoe1G150900.1.p
OG0004148	VIT_208s0058g00450.4, VIT_208s0058g00450.2, VIT_208s0058g00450.1, VIT_208s0058g00450.3	Aqcoe7G018100.2.p, Aqcoe7G018100.1.p
OG0004149	VIT_207s0130g00120.1, VIT_207s0130g00120.4, VIT_207s0130g00120.3, VIT_207s0130g00120.2	Aqcoe7G009700.1.p, Aqcoe7G009700.2.p, Aqcoe7G009700.3.p
OG0004150	VIT_204s0008g01400.1, VIT_204s0008g01400.2, VIT_204s0008g01400.3, VIT_211s0016g01800.1	Aqcoe7G122200.1.p
OG0004151	VIT_202s0025g04350.2, VIT_202s0025g04350.3, VIT_202s0025g04350.1	Aqcoe7G040300.1.p, Aqcoe5G423700.1.p
OG0004152	VIT_211s0016g01130.1, VIT_204s0008g02000.1	Aqcoe7G111700.1.p
OG0004153	VIT_209s0002g06290.1	Aqcoe7G391700.2.p, Aqcoe7G391700.1.p
OG0004153	VIT_204s0008g05180.1	Aqcoe7G216600.1.p
OG0004154	VIT_204s0008g06890.3, VIT_204s0008g06890.4, VIT_204s0008g06890.1, VIT_204s0008g06890.2	Aqcoe7G346700.1.p, Aqcoe7G346700.2.p
OG0004154	VIT_204s0008g06500.1	Aqcoe7G377100.1.p
OG0004155	VIT_211s0016g05910.2, VIT_211s0016g05910.3, VIT_211s0016g05910.1	Aqcoe7G217800.7.p, Aqcoe7G217800.9.p, Aqcoe7G217800.8.p, Aqcoe7G217800.5.p, Aqcoe7G217800.4.p, Aqcoe7G217800.6.p, Aqcoe7G217800.3.p, Aqcoe7G217800.2.p, Aqcoe7G217800.1.p
OG0004156	VIT_215s0048g02900.1, VIT_202s0025g02570.1	Aqcoe7G368000.1.p
OG0004157	VIT_219s0176g00040.1, VIT_200s0229g00120.1	Aqcoe7G086200.1.p
OG0004158	VIT_202s0025g00240.1, VIT_202s0025g00240.2, VIT_216s0050g01090.2, VIT_216s0050g01090.1, VIT_216s0050g01090.3, VIT_216s0050g01090.4	Aqcoe7G024700.1.p
OG0004159	VIT_208s0007g04400.2, VIT_208s0007g04400.1, VIT_208s0007g04430.1, VIT_200s2262g00010.2, VIT_200s2262g00010.1, VIT_208s0007g04430.2, VIT_208s0007g04430.3	Aqcoe7G170100.1.p, Aqcoe5G463000.1.p
OG0004160	VIT_209s0002g00340.1	Aqcoe7G101400.2.p, Aqcoe7G101400.1.p
OG0004161	VIT_202s0025g02620.1	Aqcoe5G470400.1.p
OG0004162	VIT_209s0002g02630.1, VIT_211s0016g02700.1, VIT_211s0016g02700.3, VIT_211s0016g02700.2	Aqcoe7G416200.1.p
OG0004163	VIT_216s0098g01900.1	Aqcoe5G459800.1.p, Aqcoe5G021600.1.p, Aqcoe7G009800.1.p
OG0004164	VIT_214s0036g00940.1, VIT_214s0036g00980.3, VIT_214s0036g00980.2, VIT_214s0036g00980.4, VIT_214s0036g00980.5	Aqcoe7G007500.2.p, Aqcoe7G007500.1.p, Aqcoe7G007500.3.p, Aqcoe7G091400.1.p
OG0004165	VIT_204s0069g00750.1, VIT_204s0069g00750.4, VIT_204s0069g00750.2, VIT_204s0069g00750.3	Aqcoe7G333400.1.p
OG0004166	VIT_212s0035g02200.1, VIT_212s0035g02270.3, VIT_212s0035g02270.2, VIT_212s0035g02210.2, VIT_212s0035g02210.1, VIT_212s0035g02270.4, VIT_212s0035g02270.1	Aqcoe7G109800.1.p, Aqcoe7G109800.2.p
OG0004167	VIT_200s0229g00050.1, VIT_215s0021g02720.1, VIT_216s0013g01976.1	Aqcoe7G083300.1.p
OG0004168	VIT_216s0098g01130.1	Aqcoe7G001500.1.p
OG0004169	VIT_216s0022g01840.2, VIT_216s0022g01840.1	Aqcoe7G065000.1.p
OG0004170	VIT_208s0058g01350.1	Aqcoe1G147200.9.p, Aqcoe1G147200.4.p, Aqcoe1G147200.5.p, Aqcoe1G147200.7.p, Aqcoe1G147200.10.p, Aqcoe1G147200.1.p, Aqcoe1G147200.6.p, Aqcoe1G147200.3.p, Aqcoe1G147200.8.p, Aqcoe1G147200.2.p
OG0004171	VIT_213s0019g00010.3, VIT_213s0019g00010.6, VIT_213s0019g00010.1, VIT_213s0019g00010.7, VIT_213s0019g00010.2	Aqcoe1G475700.1.p
OG0004172	VIT_213s0019g05290.3, VIT_213s0019g05290.4, VIT_213s0019g05290.1, VIT_213s0019g05290.2	Aqcoe1G125500.2.p, Aqcoe1G125500.1.p
OG0004173	VIT_212s0057g01390.1	Aqcoe1G377500.1.p
OG0004174	VIT_219s0015g00840.1, VIT_219s0015g00830.1	Aqcoe1G206800.1.p
OG0004175	VIT_202s0025g01730.2, VIT_202s0025g01730.1	Aqcoe5G460100.1.p
OG0004175	VIT_210s0003g03070.1	Aqcoe1G195100.1.p
OG0004176	VIT_205s0094g00430.3, VIT_205s0094g00430.2, VIT_205s0094g00430.1	Aqcoe1G251300.2.p, Aqcoe1G251300.1.p, Aqcoe3G153400.2.p, Aqcoe3G153400.1.p
OG0004177	VIT_208s0007g04650.1	Aqcoe1G125400.1.p, Aqcoe5G259000.1.p, Aqcoe1G133900.1.p, Aqcoe1G134200.1.p, Aqcoe1G133800.1.p, Aqcoe1G125100.1.p
OG0004178	VIT_213s0019g03250.1, VIT_208s0007g01650.1	Aqcoe1G089300.1.p
OG0004179	VIT_213s0067g03050.1, VIT_208s0058g01340.1	Aqcoe1G407600.1.p, Aqcoe1G407600.2.p
OG0004180	VIT_214s0030g00980.1, VIT_207s0141g00480.1, VIT_214s0030g00930.1, VIT_207s0141g00510.1, VIT_207s0104g00580.3, VIT_207s0104g00580.2, VIT_207s0104g00580.4, VIT_207s0104g00580.6, VIT_207s0104g00580.1, VIT_207s0104g00580.5	Aqcoe1G186600.1.p, Aqcoe1G486200.1.p
OG0004181	VIT_219s0085g00390.3, VIT_219s0085g00390.2, VIT_219s0085g00390.1, VIT_219s0085g00390.4	Aqcoe1G164500.1.p
OG0004182	VIT_219s0090g00670.2, VIT_219s0090g00670.3, VIT_219s0090g00670.4, VIT_219s0090g00670.1	Aqcoe1G291200.3.p, Aqcoe1G291200.2.p, Aqcoe1G291200.1.p, Aqcoe1G291200.4.p
OG0004183	VIT_213s0019g02070.1, VIT_213s0019g02070.3, VIT_213s0019g02070.7, VIT_213s0019g02070.6, VIT_213s0019g02070.9, VIT_213s0019g02070.2, VIT_213s0019g02070.10, VIT_213s0019g02070.5, VIT_213s0019g02070.4, VIT_213s0019g02070.8	Aqcoe1G068300.1.p, Aqcoe5G318300.1.p
OG0004184	VIT_206s0004g02500.1, VIT_213s0019g04590.2, VIT_213s0019g04590.3, VIT_213s0019g04590.1	Aqcoe1G137700.3.p, Aqcoe1G137700.1.p, Aqcoe1G137700.2.p
OG0004185	VIT_207s0031g01900.1	Aqcoe1G416300.1.p, Aqcoe1G416300.3.p, Aqcoe1G416300.4.p, Aqcoe1G416300.2.p, Aqcoe5G254400.2.p, Aqcoe5G254400.1.p, Aqcoe5G254400.3.p
OG0004186	VIT_219s0014g04960.1, VIT_219s0014g04960.2	Aqcoe1G369800.1.p
OG0004187	VIT_213s0064g00660.1	Aqcoe1G031000.1.p
OG0004188	VIT_213s0084g00050.2, VIT_213s0084g00050.1, VIT_208s0040g00770.1	Aqcoe1G006500.1.p
OG0004189	VIT_215s0021g01053.1, VIT_212s0059g02740.1	Aqcoe1G370400.1.p
OG0004190	VIT_208s0040g03290.1	Aqcoe1G489300.1.p
OG0004191	VIT_207s0005g03640.2, VIT_207s0005g03640.1, VIT_207s0005g03640.3	Aqcoe1G204300.1.p
OG0004192	VIT_205s0051g00090.2, VIT_205s0051g00090.1	Aqcoe1G013000.3.p, Aqcoe1G013000.2.p, Aqcoe1G013000.1.p
OG0004193	VIT_200s0125g00170.2, VIT_200s0125g00170.1, VIT_200s0125g00170.7, VIT_200s0125g00170.6, VIT_200s0125g00170.5, VIT_200s0125g00170.3, VIT_200s0125g00170.4	Aqcoe1G175200.1.p, Aqcoe1G175200.2.p
OG0004194	VIT_208s0007g02180.2, VIT_208s0007g02180.6, VIT_208s0007g02180.8, VIT_208s0007g02180.5, VIT_208s0007g02180.7, VIT_208s0007g02180.1, VIT_208s0007g02180.4, VIT_208s0007g02180.3	Aqcoe1G424400.1.p
OG0004195	VIT_212s0028g02670.5, VIT_212s0028g02670.3, VIT_212s0028g02670.2, VIT_212s0028g02670.1, VIT_212s0028g02670.4, VIT_210s0003g00500.4, VIT_210s0003g00500.3, VIT_210s0003g00500.2, VIT_210s0003g00500.1	Aqcoe1G249600.1.p
OG0004196	VIT_210s0116g00450.1, VIT_210s0116g00450.2	Aqcoe1G355600.5.p, Aqcoe1G355600.6.p, Aqcoe1G355600.7.p, Aqcoe1G355600.8.p, Aqcoe1G355600.1.p, Aqcoe1G355600.2.p, Aqcoe1G355600.3.p, Aqcoe1G355600.4.p
OG0004197	VIT_219s0014g03290.1	Aqcoe1G321200.1.p
OG0004198	VIT_210s0116g01540.3, VIT_210s0116g01540.1, VIT_210s0116g01540.2	Aqcoe1G292600.1.p
OG0004199	VIT_215s0021g01350.4, VIT_215s0021g01350.2, VIT_215s0021g01350.1, VIT_215s0021g01350.3, VIT_214s0006g00050.1	Aqcoe1G070300.1.p
OG0004200	VIT_213s0019g04130.6, VIT_213s0019g04130.2, VIT_213s0019g04130.1, VIT_213s0019g04130.4, VIT_213s0019g04130.3, VIT_213s0019g04130.5	Aqcoe1G145800.1.p
OG0004201	VIT_208s0040g01440.4, VIT_208s0040g01440.3, VIT_208s0040g01440.5, VIT_208s0040g01440.1, VIT_208s0040g01440.2	Aqcoe1G134900.1.p
OG0004202	VIT_213s0019g04240.2, VIT_213s0019g04240.3, VIT_213s0019g04240.1, VIT_206s0004g02890.2, VIT_206s0004g02890.1	Aqcoe1G144600.1.p
OG0004203	VIT_214s0068g00940.3, VIT_214s0068g00940.1, VIT_214s0068g00940.5, VIT_214s0068g00940.2, VIT_214s0068g00940.4	Aqcoe1G441700.2.p, Aqcoe1G441700.1.p
OG0004204	VIT_212s0028g03940.1, VIT_212s0028g03940.7, VIT_212s0028g03940.6, VIT_212s0028g03940.5, VIT_212s0028g03940.4, VIT_212s0028g03940.3, VIT_212s0028g03940.2	Aqcoe1G405400.1.p, Aqcoe1G405400.2.p, Aqcoe3G180700.2.p, Aqcoe3G180700.1.p, Aqcoe3G191600.1.p
OG0004205	VIT_219s0014g01010.6, VIT_219s0014g01010.7, VIT_219s0014g01010.5, VIT_219s0014g01010.4, VIT_219s0014g01010.2, VIT_219s0014g01010.3, VIT_219s0014g01010.1	Aqcoe1G218500.3.p, Aqcoe1G218500.1.p, Aqcoe1G218500.5.p, Aqcoe1G218500.2.p, Aqcoe1G218500.4.p
OG0004206	VIT_208s0007g08590.4, VIT_208s0007g08590.3, VIT_208s0007g08590.2, VIT_208s0007g08590.1	Aqcoe1G025700.3.p, Aqcoe1G025700.2.p, Aqcoe1G025700.1.p, Aqcoe1G025700.4.p, Aqcoe1G025700.5.p
OG0004207	VIT_206s0004g06910.2, VIT_206s0004g06910.5, VIT_206s0004g06910.3, VIT_206s0004g06910.4, VIT_206s0004g06910.1	Aqcoe1G410600.1.p
OG0004208	VIT_201s0182g00070.2, VIT_201s0182g00070.3, VIT_201s0182g00070.1, VIT_214s0030g01670.1	Aqcoe5G214500.2.p, Aqcoe5G214500.1.p, Aqcoe1G371500.1.p
OG0004209	VIT_206s0004g02730.4, VIT_206s0004g02730.3, VIT_206s0004g02730.2, VIT_206s0004g02730.1, VIT_206s0004g02730.5	Aqcoe1G142200.3.p, Aqcoe1G142200.1.p, Aqcoe1G142200.2.p
OG0004210	VIT_208s0007g08840.5, VIT_208s0007g08840.4, VIT_208s0007g08840.1, VIT_208s0007g08840.2, VIT_208s0007g08840.3	Aqcoe1G036700.1.p
OG0004211	VIT_214s0083g00120.1, VIT_208s0007g00410.1	Aqcoe1G459000.3.p, Aqcoe1G459000.2.p, Aqcoe1G459000.1.p
OG0004212	VIT_207s0104g00790.2, VIT_207s0104g00790.1, VIT_205s0020g02290.2, VIT_205s0020g02290.1	Aqcoe5G066600.1.p
OG0004213	VIT_202s0025g03560.1, VIT_202s0025g03560.4, VIT_202s0025g03560.3, VIT_202s0025g03560.6, VIT_202s0025g03560.2, VIT_202s0025g03560.9, VIT_202s0025g03560.8, VIT_202s0025g03560.7, VIT_202s0025g03560.5	Aqcoe5G428700.3.p, Aqcoe5G428700.1.p, Aqcoe5G428700.4.p, Aqcoe5G428700.2.p
OG0004214	VIT_214s0068g01720.1, VIT_201s0010g03960.1, VIT_201s0010g03960.2	Aqcoe5G350200.1.p
OG0004215	VIT_200s0769g00010.3, VIT_200s0769g00010.1, VIT_200s0769g00010.2	Aqcoe5G004300.1.p, Aqcoe5G004300.2.p
OG0004216	VIT_218s0001g10700.2, VIT_218s0001g10700.3, VIT_218s0001g10700.4, VIT_218s0001g10700.1, VIT_218s0001g10700.5	Aqcoe5G154500.1.p
OG0004217	VIT_218s0001g12510.1, VIT_218s0001g12510.3, VIT_218s0001g12510.2, VIT_218s0001g12510.4, VIT_218s0001g12510.6, VIT_218s0001g12510.5	Aqcoe5G192400.1.p
OG0004218	VIT_216s0013g00495.1, VIT_216s0013g02050.1, VIT_216s0013g02080.1, VIT_216s0013g02040.1, VIT_216s0013g00490.1, VIT_216s0013g00490.2	Aqcoe5G413700.1.p
OG0004219	VIT_215s0048g02380.3, VIT_215s0048g02380.2, VIT_215s0048g02380.1	Aqcoe5G472300.4.p, Aqcoe5G472300.3.p, Aqcoe5G472300.1.p, Aqcoe5G472300.5.p, Aqcoe5G472300.2.p
OG0004220	VIT_216s0022g00450.2, VIT_216s0022g00450.1, VIT_216s0022g00450.3, VIT_215s0021g02460.1	Aqcoe5G410600.1.p
OG0004221	VIT_202s0025g00100.1, VIT_202s0025g00100.2	Aqcoe5G131100.1.p
OG0004222	VIT_216s0013g00200.1	Aqcoe5G464200.3.p, Aqcoe5G464200.1.p, Aqcoe5G464200.4.p, Aqcoe5G464200.2.p, Aqcoe5G464200.5.p
OG0004223	VIT_202s0025g02790.2, VIT_202s0025g02790.1, VIT_215s0048g02600.1, VIT_215s0048g02600.3, VIT_215s0048g02600.4, VIT_215s0048g02600.2	Aqcoe5G447600.1.p, Aqcoe5G447600.2.p, Aqcoe5G447600.3.p
OG0004224	VIT_218s0001g15550.1, VIT_218s0001g15550.2, VIT_212s0055g00820.1	Aqcoe5G240100.1.p, Aqcoe3G098400.1.p
OG0004225	VIT_205s0094g00130.1, VIT_205s0094g00130.2, VIT_205s0094g00120.2, VIT_205s0094g00120.1, VIT_205s0094g00120.3	Aqcoe5G064400.1.p
OG0004226	VIT_205s0020g02910.2, VIT_205s0020g02910.1, VIT_214s0128g00430.1, VIT_214s0128g00430.2	Aqcoe5G059100.1.p, Aqcoe5G059100.2.p
OG0004227	VIT_218s0076g00310.2, VIT_218s0076g00310.1	Aqcoe5G161000.1.p, Aqcoe5G097700.1.p
OG0004228	VIT_213s0156g00340.1	Aqcoe5G432100.1.p
OG0004229	VIT_216s0022g01830.2, VIT_216s0022g01830.1	Aqcoe5G274400.1.p, Aqcoe5G274400.2.p
OG0004230	VIT_215s0021g02155.5, VIT_215s0021g02155.7, VIT_215s0021g02155.6, VIT_215s0021g02155.4, VIT_215s0021g02155.3, VIT_215s0021g02155.1, VIT_215s0021g02155.2	Aqcoe5G406500.1.p, Aqcoe5G406500.2.p
OG0004231	VIT_204s0008g03080.1	Aqcoe5G259800.1.p
OG0004232	VIT_214s0066g00140.1, VIT_217s0000g09680.2, VIT_217s0000g09680.1	Aqcoe5G389400.1.p, Aqcoe5G389400.2.p, Aqcoe3G137600.1.p
OG0004233	VIT_207s0151g00650.1	Aqcoe5G050300.1.p
OG0004234	VIT_214s0081g00050.1	Aqcoe0056s0002.1.p, Aqcoe5G040300.1.p, Aqcoe5G040200.1.p
OG0004234	VIT_214s0081g00030.1	Aqcoe0056s0001.1.p, Aqcoe5G040400.1.p
OG0004235	VIT_201s0010g02180.2, VIT_201s0010g02180.3, VIT_201s0010g02180.1, VIT_206s0009g00190.1	Aqcoe5G381200.1.p
OG0004236	VIT_205s0049g00950.1, VIT_214s0036g00420.1	Aqcoe5G026900.1.p, Aqcoe5G026800.1.p
OG0004237	VIT_203s0038g00960.1, VIT_204s0023g03240.1, VIT_204s0023g03240.2, VIT_204s0023g03240.3, VIT_204s0023g03240.4, VIT_204s0023g03240.5, VIT_204s0023g03240.6	Aqcoe5G227900.1.p
OG0004238	VIT_218s0001g01180.2, VIT_218s0001g01180.1	Aqcoe5G263900.3.p, Aqcoe5G263900.1.p, Aqcoe5G263900.4.p, Aqcoe5G263900.5.p, Aqcoe5G263900.2.p
OG0004239	VIT_203s0088g01212.1, VIT_203s0063g00600.1	Aqcoe5G154400.3.p, Aqcoe5G154400.1.p, Aqcoe5G154400.2.p
OG0004240	VIT_201s0010g03730.1, VIT_201s0010g03730.2	Aqcoe5G355400.1.p
OG0004241	VIT_217s0000g02240.5, VIT_217s0000g02240.1, VIT_217s0000g02240.7, VIT_217s0000g02240.8, VIT_217s0000g02240.6, VIT_217s0000g02240.9, VIT_217s0000g02240.11, VIT_217s0000g02240.2, VIT_217s0000g02240.3, VIT_217s0000g02240.4, VIT_217s0000g02240.10	Aqcoe5G242900.2.p, Aqcoe5G242900.1.p
OG0004242	VIT_207s0130g00310.1, VIT_207s0130g00310.2	Aqcoe5G217700.1.p
OG0004243	VIT_203s0038g00380.2, VIT_203s0038g00380.5, VIT_203s0038g00380.4, VIT_203s0038g00380.1, VIT_203s0038g00380.6	Aqcoe5G180700.1.p
OG0004244	VIT_203s0063g02280.2, VIT_203s0063g02280.1	Aqcoe5G196200.1.p, Aqcoe5G196200.2.p
OG0004245	VIT_207s0031g02420.3, VIT_207s0031g02420.1, VIT_207s0031g02420.2, VIT_207s0031g02420.5, VIT_207s0031g02420.6, VIT_207s0031g02420.4	Aqcoe5G281100.1.p
OG0004246	VIT_207s0005g00280.1	Aqcoe5G087400.4.p, Aqcoe5G087400.3.p, Aqcoe5G087400.2.p, Aqcoe5G087400.1.p
OG0004247	VIT_202s0025g01650.1	Aqcoe5G464500.1.p, Aqcoe5G464500.2.p, Aqcoe5G464500.3.p
OG0004248	VIT_217s0000g04310.1, VIT_217s0000g04310.2	Aqcoe5G266000.2.p, Aqcoe5G266000.1.p, Aqcoe5G266000.3.p
OG0004249	VIT_205s0020g00830.1	Aqcoe5G291900.1.p, Aqcoe5G291900.3.p, Aqcoe5G291900.2.p
OG0004250	VIT_214s0068g00640.1, VIT_214s0068g00640.2	Aqcoe5G310900.1.p
OG0004251	VIT_218s0076g00210.5, VIT_218s0076g00210.2, VIT_218s0076g00210.4, VIT_218s0076g00210.3, VIT_218s0076g00210.1, VIT_212s0035g00850.2, VIT_212s0035g00850.1	Aqcoe5G271600.1.p, Aqcoe5G271600.3.p, Aqcoe5G271600.2.p
OG0004252	VIT_218s0001g15510.1, VIT_218s0001g15470.1	Aqcoe5G240300.1.p, Aqcoe3G098300.1.p
OG0004253	VIT_218s0001g12680.3, VIT_218s0001g12680.2, VIT_218s0001g12680.1	Aqcoe3G126000.1.p, Aqcoe3G126100.1.p, Aqcoe5G231600.1.p
OG0004254	VIT_200s0207g00200.1, VIT_203s0063g01910.1	Aqcoe5G203100.1.p
OG0004255	VIT_202s0033g00080.2, VIT_202s0033g00080.1, VIT_202s0033g00120.1	Aqcoe3G143000.2.p, Aqcoe3G143000.3.p, Aqcoe3G143000.1.p
OG0004256	VIT_201s0011g05610.1	Aqcoe3G006000.1.p
OG0004257	VIT_217s0000g08850.1, VIT_217s0000g08850.3, VIT_217s0000g08850.7, VIT_217s0000g08850.10, VIT_217s0000g08850.9, VIT_217s0000g08850.8, VIT_217s0000g08850.2, VIT_217s0000g08850.6, VIT_217s0000g08850.4, VIT_217s0000g08850.5, VIT_217s0000g08850.11	Aqcoe3G277500.2.p, Aqcoe3G277500.1.p
OG0004258	VIT_201s0010g01800.1, VIT_201s0010g01800.2, VIT_201s0010g01800.6, VIT_201s0010g01800.4, VIT_201s0010g01800.3, VIT_201s0010g01800.5	Aqcoe3G014000.2.p, Aqcoe3G014000.1.p, Aqcoe3G008300.2.p, Aqcoe3G008300.3.p, Aqcoe3G008300.1.p
OG0004259	VIT_214s0006g02950.1, VIT_201s0011g03540.1	Aqcoe3G039200.1.p
OG0004260	VIT_201s0011g03520.2, VIT_201s0011g03520.1	Aqcoe3G039600.1.p
OG0004261	VIT_204s0023g02990.4, VIT_204s0023g02990.1, VIT_204s0023g02990.3, VIT_204s0023g02990.2, VIT_200s0199g00120.3, VIT_200s0199g00120.1, VIT_200s0199g00160.1, VIT_200s0199g00120.2	Aqcoe3G068400.1.p, Aqcoe3G068400.2.p
OG0004262	VIT_217s0000g08610.8, VIT_217s0000g08610.7, VIT_217s0000g08610.3, VIT_217s0000g08610.2, VIT_217s0000g08610.6, VIT_217s0000g08610.4, VIT_217s0000g08610.1, VIT_217s0000g08610.5	Aqcoe3G282600.1.p
OG0004263	VIT_214s0108g01520.7, VIT_214s0108g01520.6, VIT_214s0108g01520.3, VIT_214s0108g01520.1, VIT_214s0108g01520.2, VIT_214s0108g01520.5, VIT_214s0108g01520.4	Aqcoe3G358800.1.p
OG0004264	VIT_214s0006g01440.1, VIT_214s0006g01440.2, VIT_214s0006g01440.3	Aqcoe3G014800.1.p, Aqcoe3G014800.2.p
OG0004265	VIT_204s0008g02950.1, VIT_204s0008g02950.2, VIT_204s0008g02950.3	Aqcoe3G381300.1.p
OG0004266	VIT_201s0026g00150.1	Aqcoe3G115800.1.p
OG0004266	VIT_214s0066g01450.1, VIT_214s0066g01450.3, VIT_214s0066g01450.2	Aqcoe3G295100.3.p, Aqcoe3G295100.2.p, Aqcoe3G295100.1.p
OG0004267	VIT_217s0000g08030.1	Aqcoe3G114600.1.p
OG0004267	VIT_201s0026g00240.1	Aqcoe3G298500.2.p, Aqcoe3G298500.1.p
OG0004268	VIT_216s0039g01700.1, VIT_202s0012g01640.1	Aqcoe3G219500.2.p, Aqcoe3G219500.4.p, Aqcoe3G219500.3.p, Aqcoe3G219500.1.p, Aqcoe3G219500.5.p
OG0004269	VIT_217s0000g06970.1, VIT_217s0000g06970.2, VIT_217s0000g06970.4, VIT_217s0000g06970.3	Aqcoe3G361000.1.p
OG0004270	VIT_217s0000g07640.1	Aqcoe3G310000.1.p, Aqcoe3G310000.2.p
OG0004270	VIT_214s0066g02400.2, VIT_214s0066g02400.1	Aqcoe3G106600.1.p, Aqcoe3G106600.2.p
OG0004271	VIT_202s0087g00340.2, VIT_202s0087g00340.1, VIT_215s0024g00910.1, VIT_215s0024g00910.2	Aqcoe3G187000.1.p
OG0004272	VIT_201s0127g00230.2, VIT_201s0127g00230.4, VIT_201s0127g00230.1, VIT_201s0127g00230.3	Aqcoe3G148300.1.p, Aqcoe3G148300.2.p, Aqcoe3G280700.1.p
OG0004273	VIT_217s0000g08940.2, VIT_217s0000g08940.1	Aqcoe3G276000.2.p, Aqcoe3G276000.3.p, Aqcoe3G276000.1.p, Aqcoe3G127500.2.p, Aqcoe3G127500.1.p
OG0004274	VIT_216s0039g01810.7, VIT_216s0039g01810.5, VIT_216s0039g01810.6, VIT_216s0039g01810.2, VIT_216s0039g01810.3, VIT_216s0039g01810.1, VIT_216s0039g01810.4	Aqcoe3G165100.4.p, Aqcoe3G165100.1.p, Aqcoe3G165100.3.p, Aqcoe3G165100.2.p
OG0004275	VIT_201s0010g03540.3, VIT_201s0010g03540.11, VIT_201s0010g03540.1, VIT_201s0010g03540.8, VIT_201s0010g03540.5, VIT_201s0010g03540.10, VIT_201s0010g03540.2, VIT_201s0010g03540.4, VIT_201s0010g03540.9, VIT_201s0010g03540.7, VIT_201s0010g03540.6	Aqcoe3G096400.1.p
OG0004276	VIT_210s0116g00430.1, VIT_217s0000g09150.1, VIT_217s0000g09150.4, VIT_217s0000g09150.3, VIT_217s0000g09150.2	Aqcoe3G144900.1.p
OG0004294	VIT_211s0016g03530.1, VIT_211s0016g03530.2	Aqcoe2G108700.1.p, Aqcoe2G108700.2.p, Aqcoe7G260800.1.p, Aqcoe7G260800.2.p
OG0004295	VIT_213s0067g02900.3, VIT_213s0067g02900.1	Aqcoe1G404800.1.p, Aqcoe1G404800.2.p
OG0004295	VIT_213s0067g02900.2, VIT_206s0004g08070.1	Aqcoe2G074800.1.p
OG0004296	VIT_207s0104g01290.1, VIT_205s0020g01930.2, VIT_205s0020g01930.3, VIT_205s0020g01930.1	Aqcoe5G072900.1.p, Aqcoe2G309900.1.p, Aqcoe2G309900.3.p, Aqcoe2G309900.2.p
OG0004297	VIT_205s0020g03090.3, VIT_205s0020g03090.4, VIT_205s0020g03090.1, VIT_205s0020g03090.2	Aqcoe2G340700.1.p, Aqcoe2G340700.2.p
OG0004298	VIT_216s0050g01570.5, VIT_216s0050g01570.1, VIT_216s0050g01570.3, VIT_216s0050g01570.2, VIT_216s0050g01570.6, VIT_216s0050g01570.4, VIT_216s0098g01620.2, VIT_216s0098g01620.1	Aqcoe7G337600.2.p, Aqcoe7G337600.3.p, Aqcoe2G025400.2.p, Aqcoe2G025400.1.p, Aqcoe2G025400.3.p, Aqcoe7G337600.1.p
OG0004299	VIT_204s0008g01480.3, VIT_204s0008g01480.4, VIT_204s0008g01480.1, VIT_204s0008g01480.2	Aqcoe2G414500.1.p
OG0004300	VIT_208s0007g08375.1	Aqcoe2G020300.1.p
OG0004301	VIT_205s0051g00460.2, VIT_205s0051g00460.1	Aqcoe2G393800.1.p
OG0004302	VIT_205s0020g02420.1, VIT_207s0104g00670.1	Aqcoe5G064600.1.p, Aqcoe2G325000.1.p
OG0004303	VIT_217s0000g10050.6, VIT_217s0000g10050.7, VIT_217s0000g10050.2, VIT_217s0000g10050.1, VIT_217s0000g10050.4, VIT_217s0000g10050.3, VIT_217s0000g10050.5	Aqcoe3G345200.1.p, Aqcoe2G245500.1.p
OG0004304	VIT_204s0008g03110.3, VIT_204s0008g03110.1, VIT_204s0008g03110.2, VIT_204s0008g03110.4	Aqcoe7G017900.1.p, Aqcoe1G222300.1.p, Aqcoe2G204400.1.p
OG0004304	VIT_218s0001g15186.1	Aqcoe3G323400.2.p
OG0004305	VIT_214s0060g02250.1	Aqcoe2G296100.1.p
OG0004305	VIT_208s0007g04880.1	Aqcoe2G208400.1.p
OG0004306	VIT_200s0220g00120.2, VIT_200s0220g00120.1, VIT_200s2085g00010.1	Aqcoe2G437900.1.p
OG0004307	VIT_205s0049g01940.2, VIT_205s0049g01940.1, VIT_205s0049g01940.6, VIT_205s0049g01940.3, VIT_205s0049g01940.5, VIT_205s0049g01940.4, VIT_205s0049g01940.7	Aqcoe2G384900.1.p
OG0004308	VIT_205s0020g01790.1	Aqcoe2G309400.2.p, Aqcoe2G309400.1.p
OG0004309	VIT_205s0077g01510.1, VIT_205s0077g01510.2	Aqcoe2G283200.1.p, Aqcoe2G283200.2.p
OG0004310	VIT_208s0007g03580.1, VIT_208s0007g03580.4, VIT_208s0007g03580.5, VIT_208s0007g03580.7, VIT_208s0007g03580.2, VIT_208s0007g03580.3, VIT_208s0007g03580.6	Aqcoe2G130300.1.p
OG0004311	VIT_214s0066g02230.1, VIT_214s0066g02210.1, VIT_214s0108g00475.1, VIT_214s0108g00470.1	Aqcoe2G293600.3.p, Aqcoe2G293600.2.p, Aqcoe2G293600.1.p, Aqcoe3G084000.2.p, Aqcoe3G084000.1.p, Aqcoe3G084000.3.p
OG0004312	VIT_207s0005g04700.3, VIT_207s0005g04700.1, VIT_207s0005g04700.2	Aqcoe1G073900.3.p, Aqcoe1G073900.1.p, Aqcoe2G240200.1.p, Aqcoe1G073900.4.p, Aqcoe1G073900.5.p, Aqcoe1G073900.2.p
OG0004313	VIT_202s0087g00630.2, VIT_202s0087g00630.1	Aqcoe2G354200.1.p, Aqcoe6G205400.1.p
OG0004314	VIT_203s0038g01440.1	Aqcoe2G062700.1.p, Aqcoe5G175600.1.p
OG0004315	VIT_214s0060g02110.3, VIT_214s0060g02110.2, VIT_214s0060g02110.4, VIT_214s0060g02110.1, VIT_214s0060g02110.5, VIT_205s0020g01480.1, VIT_205s0020g01480.2	Aqcoe5G084400.1.p, Aqcoe2G297900.1.p
OG0004316	VIT_208s0007g05970.1, VIT_205s0029g00940.1, VIT_208s0007g05950.1	Aqcoe4G144700.2.p, Aqcoe7G147200.1.p, Aqcoe4G144700.1.p, Aqcoe1G296200.1.p, Aqcoe2G028100.3.p, Aqcoe2G028100.1.p, Aqcoe2G028100.2.p
OG0004317	VIT_207s0005g00580.6, VIT_207s0005g00580.4, VIT_207s0005g00580.10, VIT_207s0005g00580.7, VIT_207s0005g00580.8, VIT_207s0005g00580.9, VIT_207s0005g00580.11, VIT_207s0005g00580.3, VIT_207s0005g00580.5, VIT_207s0005g00580.2, VIT_207s0005g00580.1	Aqcoe2G292300.1.p, Aqcoe2G292300.2.p
OG0004318	VIT_208s0007g08370.1	Aqcoe7G384100.1.p, Aqcoe2G018500.1.p
OG0004319	VIT_208s0007g06870.1	Aqcoe2G008000.1.p
OG0004320	VIT_214s0128g00710.2, VIT_214s0128g00710.3, VIT_214s0128g00710.1	Aqcoe2G340500.1.p, Aqcoe5G058300.2.p, Aqcoe5G058300.1.p
OG0004321	VIT_200s0231g00040.1, VIT_200s0231g00040.2, VIT_205s0029g00690.1, VIT_205s0029g00690.2, VIT_205s0029g00690.3, VIT_205s0029g00690.4	Aqcoe2G401900.1.p, Aqcoe2G401900.2.p
OG0004322	VIT_206s0004g04590.1, VIT_206s0004g04590.3, VIT_206s0004g04590.4, VIT_206s0004g04590.2	Aqcoe2G149500.1.p
OG0004323	VIT_215s0021g02410.3	Aqcoe2G373500.2.p
OG0004323	VIT_215s0021g02410.1	Aqcoe5G412200.1.p
OG0004323	VIT_207s0005g03350.2, VIT_207s0005g03350.1	Aqcoe2G373500.1.p
OG0004324	VIT_205s0020g03320.1, VIT_205s0020g03310.1, VIT_205s0020g03260.1, VIT_205s0020g03280.1	Aqcoe2G343300.1.p, Aqcoe2G343400.1.p
OG0004325	VIT_214s0030g01270.3, VIT_214s0030g01270.1, VIT_214s0030g01270.2	Aqcoe2G313500.1.p, Aqcoe5G076000.1.p
OG0004326	VIT_207s0104g00040.2, VIT_207s0104g00040.9, VIT_207s0104g00040.8, VIT_207s0104g00040.4, VIT_207s0104g00040.7, VIT_207s0104g00040.6, VIT_207s0104g00040.5, VIT_207s0104g00040.3, VIT_207s0104g00040.1	Aqcoe2G336800.4.p, Aqcoe2G336800.6.p, Aqcoe2G336800.3.p, Aqcoe2G336800.2.p, Aqcoe2G336800.1.p, Aqcoe2G336800.5.p
OG0004327	VIT_207s0104g00050.2, VIT_207s0104g00050.1	Aqcoe2G336500.6.p, Aqcoe2G336500.5.p, Aqcoe2G336500.2.p, Aqcoe2G336500.4.p, Aqcoe2G336500.3.p, Aqcoe2G336500.1.p
OG0004328	VIT_212s0055g01090.1, VIT_212s0034g02510.1	Aqcoe2G328000.2.p, Aqcoe2G328000.1.p
OG0004329	VIT_208s0007g05090.1	Aqcoe2G045700.1.p
OG0004330	VIT_212s0142g00460.1	Aqcoe2G125100.1.p
OG0004330	VIT_215s0046g00320.1	Aqcoe7G007900.1.p
OG0004331	VIT_205s0077g02050.1	Aqcoe2G290100.1.p, Aqcoe2G290100.2.p, Aqcoe2G290100.3.p
OG0004332	VIT_205s0020g04010.2, VIT_205s0020g04010.1	Aqcoe5G048900.1.p
OG0004332	VIT_214s0030g01890.1, VIT_214s0030g01890.4, VIT_214s0030g01890.2, VIT_214s0030g01890.3	Aqcoe2G352000.1.p
OG0004334	VIT_210s0042g00070.2, VIT_210s0042g00070.1	Aqcoe3G381500.1.p, Aqcoe2G025300.2.p, Aqcoe2G025300.1.p
OG0004335	VIT_213s0158g00180.3, VIT_213s0158g00180.6, VIT_213s0158g00180.8, VIT_213s0158g00180.4, VIT_213s0158g00180.7, VIT_213s0158g00180.5, VIT_213s0158g00180.2, VIT_213s0158g00180.1	Aqcoe2G023200.1.p
OG0004336	VIT_208s0007g01250.1, VIT_208s0007g01250.2	Aqcoe1G096300.1.p
OG0004336	VIT_206s0061g01160.1	Aqcoe2G232900.1.p
OG0004338	VIT_201s0011g01820.2, VIT_219s0027g00710.1	Aqcoe1G169000.1.p, Aqcoe2G307000.1.p
OG0004339	VIT_205s0049g01330.1, VIT_205s0049g01330.2	Aqcoe2G378400.2.p, Aqcoe2G378400.1.p
OG0004340	VIT_208s0040g02670.1, VIT_208s0040g02670.2, VIT_208s0040g02670.3	Aqcoe2G176500.1.p, Aqcoe2G176500.3.p, Aqcoe7G212800.1.p, Aqcoe2G176500.5.p, Aqcoe2G176500.4.p, Aqcoe2G176500.2.p, Aqcoe1G476100.1.p
OG0004341	VIT_208s0007g01140.2, VIT_208s0007g01140.1, VIT_208s0007g01140.3, VIT_208s0007g01140.4	Aqcoe2G232600.1.p, Aqcoe2G232600.4.p, Aqcoe2G232600.2.p, Aqcoe2G232600.3.p, Aqcoe1G098200.1.p
OG0004342	VIT_208s0056g01060.1	Aqcoe7G227200.1.p
OG0004342	VIT_208s0056g01050.1	Aqcoe2G191900.1.p, Aqcoe3G193600.1.p
OG0004343	VIT_213s0139g00170.1	Aqcoe2G036700.1.p
OG0004344	VIT_208s0040g00430.2, VIT_208s0040g00430.1, VIT_208s0040g00430.4, VIT_208s0040g00430.3, VIT_208s0040g00430.5	Aqcoe2G004100.2.p, Aqcoe2G004100.1.p
OG0004345	VIT_205s0062g01180.2, VIT_205s0062g01180.1	Aqcoe2G407200.1.p
OG0004346	VIT_218s0001g10380.1	Aqcoe6G139700.1.p
OG0004346	VIT_206s0009g02730.1	Aqcoe2G045800.1.p
OG0004347	VIT_208s0007g00700.1	Aqcoe2G225300.1.p
OG0004348	VIT_204s0023g00600.5, VIT_204s0023g00600.6, VIT_204s0023g00600.3, VIT_204s0023g00600.1, VIT_204s0023g00600.4, VIT_204s0023g00600.2, VIT_204s0023g00600.7	Aqcoe2G421100.1.p
OG0004349	VIT_214s0060g02240.1, VIT_207s0005g00230.3, VIT_207s0005g00230.4, VIT_207s0005g00230.1, VIT_207s0005g00230.2	Aqcoe2G296500.1.p, Aqcoe5G086700.1.p
OG0004351	VIT_205s0077g02260.1	Aqcoe5G090600.1.p
OG0004351	VIT_214s0060g01910.2, VIT_214s0060g01910.3, VIT_214s0060g01910.5, VIT_214s0060g01910.4, VIT_214s0060g01910.1	Aqcoe2G290800.1.p
OG0004352	VIT_208s0007g02960.2	Aqcoe2G118900.3.p
OG0004352	VIT_208s0007g02960.1, VIT_208s0007g02960.3, VIT_208s0007g02960.4	Aqcoe2G118900.1.p, Aqcoe2G118900.2.p
OG0004353	VIT_207s0005g02180.1	Aqcoe4G162900.1.p, Aqcoe2G261500.1.p, Aqcoe2G261400.1.p
OG0004354	VIT_205s0062g00110.1, VIT_205s0062g00110.2, VIT_205s0062g00110.3	Aqcoe2G236200.2.p, Aqcoe2G236200.1.p, Aqcoe2G236200.3.p, Aqcoe2G236200.5.p, Aqcoe7G303000.1.p, Aqcoe2G236200.4.p
OG0004355	VIT_200s0215g00010.1, VIT_200s0340g00090.1	Aqcoe2G438700.3.p, Aqcoe2G438700.1.p, Aqcoe2G438700.2.p
OG0004356	VIT_214s0060g02350.1, VIT_214s0060g02350.7, VIT_214s0060g02350.6, VIT_214s0060g02350.8	Aqcoe2G301300.2.p, Aqcoe2G301300.1.p
OG0004357	VIT_207s0005g00490.1	Aqcoe5G088900.1.p, Aqcoe2G292600.1.p
OG0004358	VIT_205s0051g00380.2, VIT_205s0051g00380.1	Aqcoe2G392600.3.p, Aqcoe2G392600.2.p, Aqcoe2G392600.4.p, Aqcoe2G392600.1.p
OG0004359	VIT_213s0047g01210.2, VIT_213s0047g01210.1, VIT_213s0047g01210.3	Aqcoe2G000700.1.p, Aqcoe2G000700.2.p
OG0004360	VIT_208s0007g05180.1	Aqcoe2G043100.1.p
OG0004360	VIT_214s0081g00190.1	Aqcoe5G033900.1.p
OG0004361	VIT_207s0095g00740.1, VIT_207s0095g00740.3, VIT_207s0095g00740.2	Aqcoe2G328100.2.p, Aqcoe2G328100.4.p, Aqcoe2G328100.6.p, Aqcoe2G328100.5.p, Aqcoe2G328100.1.p, Aqcoe2G328100.3.p
OG0004363	VIT_204s0008g04520.1, VIT_204s0008g04520.3, VIT_204s0008g04520.2, VIT_204s0008g04520.4, VIT_204s0008g04520.7, VIT_204s0008g04520.6, VIT_204s0008g04520.5	Aqcoe2G111800.2.p, Aqcoe2G111800.1.p
OG0004364	VIT_213s0019g01660.1, VIT_208s0007g05880.2, VIT_208s0007g05880.1	Aqcoe2G029800.2.p, Aqcoe2G029800.1.p
OG0004365	VIT_211s0037g00070.2, VIT_211s0037g00070.1	Aqcoe7G314700.1.p, Aqcoe7G314700.2.p, Aqcoe7G314400.1.p
OG0004365	VIT_204s0008g05810.2, VIT_204s0008g05810.1	Aqcoe2G175900.1.p, Aqcoe7G143000.1.p
OG0004366	VIT_213s0019g03950.3, VIT_213s0019g03950.4, VIT_213s0019g03950.2, VIT_213s0019g03950.1	Aqcoe1G492900.1.p, Aqcoe1G492900.2.p, Aqcoe1G492900.3.p, Aqcoe2G138400.1.p, Aqcoe2G138400.2.p
OG0004367	VIT_208s0007g02890.2, VIT_208s0007g02890.1, VIT_206s0080g00830.1, VIT_206s0080g00830.4, VIT_206s0080g00830.3, VIT_206s0080g00830.5, VIT_206s0080g00830.2	Aqcoe2G115400.1.p
OG0004368	VIT_208s0007g06770.4, VIT_208s0007g06770.5, VIT_208s0007g06770.3, VIT_208s0007g06770.1, VIT_208s0007g06770.2	Aqcoe2G009800.1.p
OG0004369	VIT_214s0060g01980.15, VIT_214s0060g01980.14, VIT_214s0060g01980.11, VIT_214s0060g01980.8, VIT_214s0060g01980.7, VIT_214s0060g01980.6, VIT_214s0060g01980.10, VIT_214s0060g01980.9, VIT_214s0060g01980.5, VIT_214s0060g01980.12, VIT_214s0060g01980.13, VIT_214s0060g01980.1, VIT_214s0060g01980.3, VIT_214s0060g01980.4, VIT_214s0060g01980.2	Aqcoe2G287300.1.p
OG0004370	VIT_213s0084g00690.1, VIT_208s0007g05200.2, VIT_208s0007g05200.1	Aqcoe2G042900.2.p, Aqcoe2G042900.1.p
OG0004371	VIT_207s0031g00180.5, VIT_207s0031g00180.4, VIT_207s0031g00180.3, VIT_207s0031g00180.2, VIT_207s0031g00180.1	Aqcoe6G133700.1.p
OG0004372	VIT_218s0001g07960.2, VIT_218s0001g07960.1, VIT_218s0001g07960.3, VIT_200s0211g00070.1, VIT_200s0211g00120.1	Aqcoe6G069100.1.p, Aqcoe6G069100.2.p
OG0004373	VIT_203s0063g00480.1	Aqcoe6G141800.1.p
OG0004373	VIT_218s0001g10540.1	Aqcoe5G152600.1.p
OG0004374	VIT_218s0001g09970.1, VIT_203s0180g00030.1, VIT_203s0180g00030.2	Aqcoe6G311300.1.p
OG0004375	VIT_200s0349g00050.1, VIT_218s0001g14890.3, VIT_218s0001g14890.2, VIT_218s0001g14890.1, VIT_200s0144g00240.1, VIT_204s0069g01150.1	Aqcoe6G217300.1.p
OG0004376	VIT_212s0035g00760.2, VIT_212s0035g00760.3, VIT_212s0035g00760.1	Aqcoe7G245000.1.p, Aqcoe6G234500.1.p, Aqcoe6G234500.2.p, Aqcoe7G250500.1.p, Aqcoe7G250500.2.p
OG0004377	VIT_200s0783g00010.1, VIT_200s0961g00020.1, VIT_200s0379g00020.1	Aqcoe6G150400.1.p
OG0004378	VIT_203s0091g00200.1, VIT_203s0091g00200.2	Aqcoe6G303700.1.p
OG0004379	VIT_218s0001g08140.1	Aqcoe6G065500.1.p
OG0004380	VIT_218s0001g08720.3, VIT_218s0001g08720.4, VIT_218s0001g08720.2, VIT_218s0001g08720.1	Aqcoe6G267500.3.p, Aqcoe6G267500.1.p, Aqcoe6G267500.2.p
OG0004381	VIT_203s0063g02590.2, VIT_203s0063g02590.6, VIT_203s0063g02590.7, VIT_203s0063g02590.5, VIT_203s0063g02590.3, VIT_203s0063g02590.8, VIT_203s0063g02590.1, VIT_203s0063g02590.4	Aqcoe6G119900.1.p
OG0004382	VIT_207s0130g00370.5, VIT_207s0130g00370.1, VIT_207s0130g00370.4, VIT_207s0130g00370.6, VIT_207s0130g00370.3, VIT_207s0130g00370.7, VIT_207s0130g00370.2	Aqcoe6G005600.1.p
OG0004383	VIT_204s0023g02830.5, VIT_204s0023g02830.4, VIT_204s0023g02830.2, VIT_204s0023g02830.1, VIT_204s0023g02830.3, VIT_218s0001g13500.1	Aqcoe6G298600.1.p, Aqcoe6G256900.1.p
OG0004384	VIT_201s0010g03510.1, VIT_201s0010g03490.1, VIT_201s0010g03470.1, VIT_201s0010g03460.1	Aqcoe6G136800.3.p
OG0004385	VIT_218s0001g15090.1, VIT_218s0001g15090.2, VIT_218s0001g15090.3	Aqcoe6G039400.1.p
OG0004386	VIT_208s0056g00120.2, VIT_208s0056g00120.4, VIT_208s0056g00120.3, VIT_208s0056g00120.1, VIT_208s0056g00120.6, VIT_208s0056g00120.5	Aqcoe7G154300.1.p, Aqcoe6G329200.1.p
OG0004387	VIT_203s0097g00490.1, VIT_203s0097g00490.2	Aqcoe6G069600.8.p, Aqcoe6G069600.6.p, Aqcoe6G069600.2.p, Aqcoe6G069600.9.p, Aqcoe6G069600.3.p, Aqcoe6G069600.1.p, Aqcoe6G069600.7.p, Aqcoe6G069600.5.p, Aqcoe6G069600.4.p, Aqcoe6G069600.10.p
OG0004388	VIT_218s0001g09340.4, VIT_218s0001g09340.3, VIT_218s0001g09340.1, VIT_218s0001g09340.2, VIT_214s0006g03110.1	Aqcoe6G290400.2.p, Aqcoe6G290400.3.p, Aqcoe6G290400.1.p, Aqcoe6G290400.4.p
OG0004389	VIT_207s0031g02120.1, VIT_207s0031g02120.2	Aqcoe6G172500.2.p, Aqcoe6G172500.1.p
OG0004390	VIT_207s0031g01970.1	Aqcoe6G043500.2.p, Aqcoe6G043500.1.p
OG0004391	VIT_213s0019g01690.1	Aqcoe6G144800.2.p, Aqcoe6G144800.3.p, Aqcoe6G144800.1.p
OG0004392	VIT_204s0023g03430.1, VIT_203s0038g01790.1	Aqcoe6G245400.1.p
OG0004393	VIT_208s0007g08520.1	Aqcoe7G086900.1.p, Aqcoe7G086400.1.p, Aqcoe7G086300.1.p
OG0004394	VIT_200s0313g00030.1, VIT_218s0001g07490.1	Aqcoe6G094200.1.p
OG0004395	VIT_218s0001g05020.1, VIT_200s0357g00010.1, VIT_200s1003g00010.1	Aqcoe6G061300.1.p
OG0004396	VIT_207s0031g02700.1	Aqcoe6G023500.2.p, Aqcoe6G023500.1.p
OG0004397	VIT_207s0031g01190.2, VIT_207s0031g01190.1, VIT_207s0031g01190.3	Aqcoe6G057700.1.p
OG0004398	VIT_200s0851g00020.1, VIT_200s2681g00005.1	Aqcoe6G098700.1.p
OG0004399	VIT_201s0026g00380.1, VIT_207s0031g02750.1, VIT_207s0031g02750.2, VIT_207s0031g02750.3, VIT_207s0031g02750.4	Aqcoe6G022800.1.p
OG0004400	VIT_207s0255g00020.1, VIT_218s0001g11310.1	Aqcoe5G171900.1.p
OG0004400	VIT_203s0063g01350.1	Aqcoe6G099100.1.p
OG0004401	VIT_207s0130g00080.2, VIT_207s0130g00080.1, VIT_207s0130g00080.3	Aqcoe6G324300.1.p
OG0004402	VIT_200s1679g00010.1, VIT_218s0001g06400.1	Aqcoe6G077000.1.p
OG0004403	VIT_200s2044g00010.2, VIT_200s2201g00010.1, VIT_200s2044g00010.1, VIT_200s2201g00010.2, VIT_207s0205g00060.1, VIT_207s0205g00050.1	Aqcoe6G066300.1.p
OG0004404	VIT_212s0035g00660.2, VIT_212s0035g00660.1	Aqcoe6G015700.1.p
OG0004405	VIT_218s0089g01340.6, VIT_218s0089g01340.1, VIT_218s0089g01340.2, VIT_218s0089g01340.4, VIT_218s0089g01340.7, VIT_218s0089g01340.5, VIT_218s0089g01340.3	Aqcoe6G001900.1.p
OG0004406	VIT_212s0035g00270.1	Aqcoe6G006800.1.p
OG0004407	VIT_201s0010g03950.1	Aqcoe3G241600.1.p, Aqcoe5G324200.2.p, Aqcoe5G324200.4.p, Aqcoe5G324200.5.p, Aqcoe5G324200.8.p, Aqcoe5G324200.6.p, Aqcoe5G324200.7.p, Aqcoe5G324200.3.p, Aqcoe5G338500.1.p, Aqcoe5G324200.1.p, Aqcoe6G312900.1.p
OG0004407	VIT_210s0003g04280.1	Aqcoe1G185200.1.p
OG0004408	VIT_218s0001g01810.1	Aqcoe6G032100.3.p, Aqcoe6G032100.5.p, Aqcoe6G032100.4.p, Aqcoe6G032100.2.p, Aqcoe6G032100.1.p
OG0004409	VIT_203s0063g00610.1, VIT_203s0063g00610.2, VIT_203s0063g00610.3	Aqcoe6G144600.1.p
OG0004410	VIT_218s0001g10430.4, VIT_218s0001g10430.8, VIT_218s0001g10430.7, VIT_218s0001g10430.6, VIT_218s0001g10430.3, VIT_218s0001g10430.1, VIT_218s0001g10430.5, VIT_218s0001g10430.2	Aqcoe6G140200.1.p
OG0004410	VIT_209s0018g01550.1	Aqcoe7G344500.1.p
OG0004411	VIT_205s0020g04140.1, VIT_204s0008g00750.3, VIT_204s0008g00750.5, VIT_204s0008g00750.1, VIT_204s0008g00750.2, VIT_204s0008g00750.4, VIT_204s0008g00750.6	Aqcoe7G415200.1.p, Aqcoe6G297600.2.p, Aqcoe6G297600.5.p, Aqcoe6G297600.3.p, Aqcoe6G297600.4.p, Aqcoe6G297600.1.p, Aqcoe1G227200.1.p
OG0004412	VIT_200s2393g00010.1	Aqcoe5G282100.1.p
OG0004412	VIT_200s0287g00040.1	Aqcoe3G261200.1.p, Aqcoe3G261200.2.p, Aqcoe0609s0001.1.p
OG0004413	VIT_219s0014g00180.2, VIT_219s0014g00180.3, VIT_219s0014g00180.1	Aqcoe4G016400.3.p, Aqcoe4G016400.6.p, Aqcoe4G016400.2.p, Aqcoe4G016400.4.p, Aqcoe4G016400.8.p, Aqcoe4G016400.9.p, Aqcoe4G016400.7.p, Aqcoe4G016400.1.p, Aqcoe4G016400.5.p, Aqcoe1G205200.1.p
OG0004414	VIT_204s0008g02180.1, VIT_204s0008g02180.3, VIT_204s0008g02180.4, VIT_204s0008g02180.2	Aqcoe4G003700.1.p, Aqcoe4G003700.2.p
OG0004415	VIT_201s0011g03090.1, VIT_214s0083g00110.1	Aqcoe3G046800.1.p, Aqcoe4G035900.1.p
OG0004416	VIT_210s0003g04030.1	Aqcoe4G008800.1.p
OG0004417	VIT_219s0014g03170.2, VIT_219s0014g03170.1	Aqcoe4G145800.1.p, Aqcoe1G317300.1.p, Aqcoe1G317300.2.p
OG0004418	VIT_219s0027g01640.1, VIT_219s0027g01640.2	Aqcoe4G003400.2.p, Aqcoe4G003400.1.p
OG0004419	VIT_212s0035g00830.1	Aqcoe4G215600.1.p, Aqcoe5G270600.2.p, Aqcoe5G270600.1.p, Aqcoe5G001600.1.p
OG0004420	VIT_219s0090g01580.1, VIT_219s0090g01580.4, VIT_219s0090g01580.3, VIT_219s0090g01580.2	Aqcoe4G275800.6.p, Aqcoe4G275800.5.p, Aqcoe4G275800.1.p, Aqcoe4G275800.2.p, Aqcoe4G275800.3.p, Aqcoe4G275800.4.p, Aqcoe4G275400.1.p
OG0004421	VIT_214s0219g00020.1, VIT_208s0032g00040.1, VIT_204s0008g04590.1, VIT_201s0010g02260.1	Aqcoe5G376200.1.p, Aqcoe4G207200.1.p
OG0004422	VIT_219s0090g00350.5, VIT_219s0090g00350.8, VIT_219s0090g00350.7, VIT_219s0090g00350.9, VIT_219s0090g00350.10, VIT_219s0090g00350.4, VIT_219s0090g00350.3, VIT_219s0090g00350.1, VIT_219s0090g00350.2, VIT_219s0090g00350.6	Aqcoe4G235200.1.p
OG0004423	VIT_212s0028g03650.1, VIT_212s0028g03650.2, VIT_212s0028g03650.4, VIT_212s0028g03650.3, VIT_212s0028g03700.3, VIT_212s0028g03700.5, VIT_212s0028g03700.2, VIT_212s0028g03700.4, VIT_212s0028g03700.1	Aqcoe4G103300.1.p, Aqcoe4G103300.2.p
OG0004424	VIT_210s0003g03750.1, VIT_219s0093g00550.1	Aqcoe4G000100.1.p
OG0004425	VIT_212s0059g02050.1, VIT_219s0014g03480.1	Aqcoe1G300900.1.p, Aqcoe4G165900.1.p
OG0004426	VIT_216s0050g00700.3, VIT_216s0050g00700.5, VIT_216s0050g00700.4, VIT_216s0050g00700.2, VIT_216s0050g00700.1	Aqcoe7G031000.1.p
OG0004427	VIT_216s0100g01280.1	Aqcoe7G039800.1.p
OG0004428	VIT_202s0025g01380.1	Aqcoe5G457100.1.p, Aqcoe5G457100.2.p, Aqcoe5G457100.3.p, Aqcoe7G012700.2.p, Aqcoe7G012700.3.p, Aqcoe7G012700.1.p, Aqcoe7G012700.4.p
OG0004429	VIT_204s0008g02440.1	Aqcoe7G315200.4.p, Aqcoe7G315200.8.p, Aqcoe7G315200.7.p, Aqcoe7G315200.3.p, Aqcoe7G315200.6.p, Aqcoe7G315200.5.p, Aqcoe7G315200.1.p, Aqcoe7G315200.2.p, Aqcoe1G272200.1.p
OG0004430	VIT_209s0002g05250.3, VIT_209s0002g05250.2, VIT_209s0002g05250.1, VIT_204s0008g04250.1, VIT_204s0008g04250.2, VIT_204s0008g04250.3, VIT_204s0008g04250.4	Aqcoe7G196600.5.p, Aqcoe7G196600.4.p, Aqcoe7G196600.1.p, Aqcoe7G196600.2.p, Aqcoe7G196600.3.p
OG0004431	VIT_216s0050g01140.1	Aqcoe7G024300.1.p
OG0004432	VIT_211s0016g00600.1, VIT_209s0002g00790.1	Aqcoe7G431900.3.p, Aqcoe7G431900.2.p, Aqcoe7G431900.1.p
OG0004433	VIT_209s0002g04260.2, VIT_209s0002g04260.1, VIT_211s0016g03810.1	Aqcoe7G174900.1.p, Aqcoe7G174900.2.p
OG0004434	VIT_209s0002g00390.1	Aqcoe7G441000.1.p
OG0004435	VIT_211s0016g02070.4, VIT_211s0016g02070.5, VIT_211s0016g02070.3, VIT_211s0016g02070.2, VIT_211s0016g02070.1	Aqcoe7G424700.1.p, Aqcoe7G424700.2.p
OG0004436	VIT_204s0008g01410.1, VIT_206s0004g06880.1, VIT_208s0217g00030.1	Aqcoe7G424400.1.p, Aqcoe7G424400.2.p
OG0004437	VIT_209s0002g06770.1, VIT_211s0016g05380.1	Aqcoe7G388000.1.p, Aqcoe7G265800.1.p
OG0004438	VIT_204s0008g03770.2, VIT_204s0008g03770.1, VIT_211s0016g03720.1	Aqcoe7G171500.1.p
OG0004439	VIT_217s0000g01690.1	Aqcoe1G226600.1.p, Aqcoe7G415300.1.p, Aqcoe7G415300.2.p, Aqcoe7G415300.3.p, Aqcoe7G415300.4.p, Aqcoe7G415300.5.p
OG0004440	VIT_204s0008g00640.1, VIT_204s0008g00640.2	Aqcoe7G142800.3.p, Aqcoe7G142800.2.p, Aqcoe7G142800.4.p, Aqcoe7G142800.1.p
OG0004441	VIT_202s0025g03410.1, VIT_202s0025g03410.2, VIT_202s0025g03410.3	Aqcoe7G031200.6.p, Aqcoe7G031200.1.p, Aqcoe7G031200.2.p, Aqcoe7G031200.4.p, Aqcoe7G031200.3.p, Aqcoe7G031200.5.p
OG0004442	VIT_216s0050g01060.2, VIT_216s0050g01060.1	Aqcoe7G025200.2.p, Aqcoe7G025200.1.p, Aqcoe7G025200.3.p
OG0004443	VIT_215s0046g02490.1	Aqcoe7G031700.1.p, Aqcoe7G031700.2.p
OG0004444	VIT_204s0008g05820.1, VIT_204s0008g05820.2, VIT_209s0070g00030.1, VIT_209s0070g00030.3, VIT_209s0070g00030.2	Aqcoe7G170700.1.p
OG0004445	VIT_202s0012g02420.1, VIT_202s0012g02420.5, VIT_202s0012g02420.6, VIT_202s0012g02420.2, VIT_202s0012g02420.7, VIT_202s0012g02420.4, VIT_202s0012g02420.3	Aqcoe7G239900.1.p
OG0004446	VIT_201s0026g02110.1, VIT_217s0000g05970.1, VIT_214s0108g00460.1	Aqcoe3G429700.1.p, Aqcoe7G232300.1.p, Aqcoe3G333800.1.p
OG0004447	VIT_211s0052g00930.1, VIT_211s0052g00930.5, VIT_211s0052g00930.7, VIT_211s0052g00930.6, VIT_211s0052g00930.2, VIT_211s0052g00930.4, VIT_211s0052g00930.3, VIT_211s0052g00930.8, VIT_211s0052g00930.9	Aqcoe7G258300.1.p, Aqcoe7G258300.2.p
OG0004448	VIT_216s0013g02090.1, VIT_215s0021g02660.1, VIT_215s0021g02660.2	Aqcoe1G117300.1.p, Aqcoe7G294800.1.p, Aqcoe5G413400.4.p, Aqcoe5G413400.2.p, Aqcoe5G413400.1.p, Aqcoe5G413400.3.p
OG0004449	VIT_209s0002g08460.3, VIT_209s0002g08460.2, VIT_209s0002g08460.1	Aqcoe7G088300.4.p, Aqcoe7G088300.6.p, Aqcoe7G088300.1.p, Aqcoe7G088300.5.p, Aqcoe7G088300.3.p, Aqcoe7G088300.7.p, Aqcoe7G088300.2.p
OG0004450	VIT_211s0103g00660.5, VIT_211s0103g00660.7, VIT_211s0103g00660.6, VIT_211s0103g00660.3, VIT_211s0103g00660.4, VIT_211s0103g00660.1, VIT_211s0103g00660.2	Aqcoe7G297200.1.p
OG0004451	VIT_209s0002g01530.4, VIT_209s0002g01530.1, VIT_209s0002g01530.2, VIT_209s0002g01530.3	Aqcoe7G433300.3.p, Aqcoe7G433300.1.p, Aqcoe7G433300.2.p
OG0004452	VIT_211s0052g00170.3, VIT_211s0052g00170.1, VIT_211s0052g00170.2	Aqcoe7G262700.1.p
OG0004453	VIT_207s0005g04550.1, VIT_207s0005g04550.2, VIT_207s0005g04550.3, VIT_207s0005g04550.6, VIT_207s0005g04550.4, VIT_207s0005g04550.5	Aqcoe7G153200.2.p, Aqcoe7G153200.1.p
OG0004454	VIT_216s0022g00750.1	Aqcoe3G005500.2.p, Aqcoe3G005500.1.p, Aqcoe7G076900.1.p, Aqcoe7G076800.1.p
OG0004455	VIT_202s0025g02690.1, VIT_215s0048g02680.4, VIT_215s0048g02680.3, VIT_215s0048g02680.1, VIT_215s0048g02680.5, VIT_215s0048g02680.2	Aqcoe7G000900.1.p
OG0004456	VIT_215s0021g02780.5, VIT_215s0021g02780.6, VIT_215s0021g02780.7, VIT_215s0021g02780.4, VIT_215s0021g02780.3, VIT_215s0021g02780.2, VIT_215s0021g02780.1, VIT_215s0021g02780.9, VIT_215s0021g02780.8	Aqcoe7G082200.1.p
OG0004457	VIT_201s0011g01150.3, VIT_201s0011g01150.5, VIT_201s0011g01150.4, VIT_201s0011g01150.6, VIT_201s0011g01150.7, VIT_201s0011g01150.2, VIT_201s0011g01150.1	Aqcoe7G094000.2.p, Aqcoe7G094000.3.p, Aqcoe7G094000.1.p, Aqcoe7G094000.4.p
OG0004458	VIT_209s0002g06430.1, VIT_209s0002g06420.2, VIT_209s0002g06420.1, VIT_211s0016g05010.1	Aqcoe7G391000.1.p
OG0004459	VIT_216s0098g01260.1	Aqcoe7G003300.3.p, Aqcoe7G003300.1.p, Aqcoe7G003300.2.p
OG0004460	VIT_204s0008g04320.1, VIT_204s0008g04330.1	Aqcoe7G193000.1.p
OG0004461	VIT_209s0002g05790.1, VIT_209s0002g05790.2, VIT_211s0016g04710.1	Aqcoe7G209400.1.p
OG0004462	VIT_215s0021g01530.7, VIT_215s0021g01530.6, VIT_215s0021g01530.5, VIT_215s0021g01530.4, VIT_215s0021g01530.3, VIT_215s0021g01530.2, VIT_215s0021g01530.1	Aqcoe7G083200.1.p
OG0004463	VIT_215s0048g00890.1, VIT_215s0048g00890.2, VIT_215s0048g00890.3, VIT_215s0048g00890.4, VIT_202s0025g05160.1	Aqcoe7G068100.1.p
OG0004464	VIT_219s0085g00720.2, VIT_219s0085g00720.1, VIT_219s0085g00720.3	Aqcoe7G371300.1.p
OG0004465	VIT_204s0008g00740.3, VIT_204s0008g00740.4, VIT_204s0008g00740.1, VIT_204s0008g00740.2	Aqcoe7G139300.2.p, Aqcoe7G139300.1.p
OG0004467	VIT_211s0016g01890.1, VIT_211s0016g01890.2, VIT_212s0035g02160.1	Aqcoe7G122900.1.p
OG0004468	VIT_216s0022g00540.2, VIT_216s0022g00540.3, VIT_216s0022g00540.1	Aqcoe7G081800.1.p
OG0004469	VIT_209s0002g00150.1, VIT_209s0002g00150.2, VIT_209s0002g00150.7, VIT_209s0002g00150.4, VIT_209s0002g00150.3	Aqcoe7G442800.1.p
OG0004470	VIT_209s0002g02070.4, VIT_209s0002g02070.3, VIT_209s0002g02070.1, VIT_209s0002g02070.2	Aqcoe7G429700.2.p, Aqcoe7G429700.1.p
OG0004471	VIT_211s0037g00130.1	Aqcoe7G361700.1.p
OG0004472	VIT_204s0008g05780.1, VIT_204s0008g05780.2	Aqcoe7G400900.2.p, Aqcoe7G400900.1.p, Aqcoe7G400900.3.p
OG0004473	VIT_208s0007g04270.1, VIT_211s0016g00680.1	Aqcoe7G108300.1.p
OG0004474	VIT_203s0063g02630.1	Aqcoe5G191200.2.p, Aqcoe5G191200.3.p, Aqcoe5G191200.1.p, Aqcoe1G173700.1.p, Aqcoe1G173700.2.p, Aqcoe1G495400.1.p
OG0004475	VIT_216s0050g01460.1, VIT_216s0050g01460.3, VIT_216s0050g01460.2	Aqcoe3G061100.2.p, Aqcoe3G061100.1.p, Aqcoe1G068400.1.p
OG0004476	VIT_200s0250g00030.1, VIT_200s0250g00030.3, VIT_200s0250g00030.6, VIT_200s0250g00030.5, VIT_200s0250g00030.7, VIT_200s0250g00030.2, VIT_200s0250g00030.4	Aqcoe1G248000.1.p, Aqcoe1G121100.1.p
OG0004477	VIT_212s0028g00630.5, VIT_212s0028g00630.8, VIT_212s0028g00630.6, VIT_212s0028g00630.3, VIT_212s0028g00630.2, VIT_212s0028g00630.4, VIT_212s0028g00630.1, VIT_212s0028g00630.7, VIT_219s0135g00060.2, VIT_219s0135g00060.1, VIT_219s0135g00060.3	Aqcoe1G192400.1.p
OG0004478	VIT_210s0003g00120.2, VIT_210s0003g00120.3, VIT_210s0003g00120.4, VIT_210s0003g00120.1	Aqcoe1G254600.1.p
OG0004479	VIT_218s0122g00260.1, VIT_218s0122g00260.2, VIT_218s0122g00260.3, VIT_218s0122g00260.4	Aqcoe1G278900.1.p
OG0004480	VIT_206s0004g03630.2, VIT_206s0004g03630.3, VIT_206s0004g03630.1, VIT_213s0019g03480.2, VIT_213s0019g03480.3, VIT_213s0019g03480.1	Aqcoe1G485700.2.p, Aqcoe1G485700.1.p
OG0004481	VIT_212s0059g01900.1, VIT_210s0116g00630.1, VIT_200s0445g00040.1	Aqcoe1G323300.1.p
OG0004482	VIT_213s0067g01210.1	Aqcoe1G414500.1.p, Aqcoe1G414500.2.p
OG0004483	VIT_206s0004g05470.1, VIT_206s0004g05470.2, VIT_213s0019g02210.1, VIT_206s0004g05470.3	Aqcoe1G100600.1.p
OG0004484	VIT_219s0015g01200.4, VIT_219s0015g01200.1, VIT_219s0015g01200.3, VIT_219s0015g01200.5, VIT_219s0015g01200.6, VIT_219s0015g01200.2	Aqcoe1G383900.1.p, Aqcoe1G383900.3.p, Aqcoe1G383900.2.p
OG0004485	VIT_206s0061g01060.8, VIT_206s0061g01060.7, VIT_206s0061g01060.6, VIT_206s0061g01060.4, VIT_206s0061g01060.2, VIT_206s0061g01060.1, VIT_206s0061g01060.3, VIT_206s0061g01060.5	Aqcoe1G118300.1.p, Aqcoe1G118300.2.p
OG0004486	VIT_208s0040g01460.1	Aqcoe1G014000.2.p, Aqcoe1G014000.1.p
OG0004487	VIT_217s0000g01780.1, VIT_217s0000g01780.2	Aqcoe1G445900.1.p, Aqcoe1G050600.1.p
OG0004488	VIT_206s0004g02580.3, VIT_206s0004g02580.1, VIT_206s0004g02580.2, VIT_206s0004g02580.4	Aqcoe1G138800.1.p
OG0004489	VIT_218s0001g08180.1, VIT_218s0001g08180.7, VIT_218s0001g08180.5, VIT_218s0001g08180.4, VIT_218s0001g08180.2, VIT_218s0001g08180.3, VIT_218s0001g08180.6	Aqcoe5G315400.2.p, Aqcoe5G315400.4.p, Aqcoe5G315400.3.p, Aqcoe5G315400.1.p, Aqcoe1G422600.2.p, Aqcoe1G422600.1.p, Aqcoe1G102800.1.p
OG0004491	VIT_218s0001g15730.1, VIT_208s0105g00170.1	Aqcoe1G078200.1.p, Aqcoe5G237500.1.p
OG0004492	VIT_201s0010g03750.1	Aqcoe5G354100.1.p
OG0004492	VIT_200s0508g00030.2, VIT_200s0508g00030.1	Aqcoe1G386900.1.p
OG0004493	VIT_213s0064g01190.2, VIT_213s0064g01190.3, VIT_213s0064g01190.4, VIT_202s0012g02590.1, VIT_213s0064g01190.1	Aqcoe1G023000.1.p
OG0004494	VIT_219s0090g00340.1	Aqcoe1G239000.2.p, Aqcoe1G239000.3.p, Aqcoe1G239000.1.p
OG0004495	VIT_208s0007g07160.1	Aqcoe1G052400.5.p, Aqcoe1G052400.4.p, Aqcoe1G052400.1.p, Aqcoe1G052400.7.p, Aqcoe1G052400.2.p, Aqcoe1G052400.3.p, Aqcoe1G052400.9.p, Aqcoe1G052400.8.p
OG0004496	VIT_212s0028g03740.1, VIT_212s0028g03730.1	Aqcoe1G266900.2.p, Aqcoe1G266900.1.p
OG0004497	VIT_206s0004g02030.2, VIT_206s0004g02030.1, VIT_206s0004g02030.4, VIT_206s0004g02030.3	Aqcoe1G030500.1.p, Aqcoe1G030500.2.p
OG0004498	VIT_213s0064g01350.2, VIT_213s0064g01350.3, VIT_213s0064g01350.1, VIT_213s0064g01350.4	Aqcoe1G022800.1.p
OG0004499	VIT_210s0003g03950.4, VIT_210s0003g03950.3, VIT_210s0003g03950.2, VIT_210s0003g03950.1, VIT_219s0027g00090.1	Aqcoe1G187600.1.p
OG0004500	VIT_206s0004g04070.1, VIT_206s0004g04070.4, VIT_206s0004g04070.2, VIT_206s0004g04070.5, VIT_206s0004g04070.3, VIT_206s0004g04070.6	Aqcoe1G474600.1.p
OG0004501	VIT_206s0061g01080.1	Aqcoe1G118800.4.p, Aqcoe1G118800.2.p, Aqcoe1G118800.5.p, Aqcoe1G118800.1.p, Aqcoe1G118800.6.p, Aqcoe1G118800.3.p, Aqcoe1G118800.7.p
OG0004502	VIT_208s0032g00590.1	Aqcoe1G070400.1.p, Aqcoe1G070400.2.p
OG0004503	VIT_213s0074g00535.1, VIT_213s0074g00520.1, VIT_213s0074g00510.3, VIT_213s0074g00510.7, VIT_213s0074g00510.6, VIT_213s0074g00510.4, VIT_213s0074g00510.2, VIT_213s0074g00510.1, VIT_213s0074g00510.5	Aqcoe1G112300.1.p, Aqcoe1G112300.4.p, Aqcoe1G112300.2.p, Aqcoe1G112300.3.p, Aqcoe1G112300.5.p
OG0004504	VIT_202s0025g04530.1	Aqcoe1G100000.1.p, Aqcoe1G100000.2.p, Aqcoe1G100000.3.p, Aqcoe1G100000.4.p
OG0004505	VIT_210s0116g01730.1, VIT_210s0116g01730.2	Aqcoe1G378300.1.p, Aqcoe1G233600.1.p
OG0004506	VIT_213s0019g03290.3, VIT_213s0019g03290.1, VIT_213s0019g03290.2	Aqcoe3G037100.8.p, Aqcoe3G037100.1.p, Aqcoe3G037100.6.p, Aqcoe3G037100.5.p, Aqcoe3G037100.4.p, Aqcoe3G037100.7.p, Aqcoe3G037100.2.p, Aqcoe1G087400.1.p, Aqcoe1G087400.2.p, Aqcoe1G087400.3.p, Aqcoe3G037100.3.p
OG0004507	VIT_204s0044g01940.5, VIT_204s0044g01940.3, VIT_204s0044g01940.2, VIT_204s0044g01940.4, VIT_204s0044g01940.1, VIT_204s0044g01950.1	Aqcoe5G112800.1.p
OG0004508	VIT_214s0066g00640.3, VIT_214s0066g00640.4, VIT_214s0066g00640.1, VIT_214s0066g00640.2	Aqcoe5G404800.1.p
OG0004509	VIT_208s0040g00910.8, VIT_208s0040g00910.2, VIT_208s0040g00910.5, VIT_208s0040g00910.3, VIT_208s0040g00910.4, VIT_208s0040g00910.1, VIT_208s0040g00910.6, VIT_208s0040g00910.11, VIT_208s0040g00910.10, VIT_208s0040g00910.7, VIT_208s0040g00910.9	Aqcoe5G052600.1.p
OG0004510	VIT_200s0184g00010.1	Aqcoe5G002400.2.p, Aqcoe5G002400.1.p
OG0004511	VIT_200s1291g00030.1, VIT_200s0929g00020.1	Aqcoe5G166300.1.p, Aqcoe5G166300.2.p
OG0004512	VIT_218s0001g14020.1	Aqcoe5G207000.4.p, Aqcoe5G207000.1.p, Aqcoe5G207000.3.p, Aqcoe5G207000.2.p
OG0004513	VIT_205s0020g01460.1	Aqcoe5G084100.1.p, Aqcoe5G084100.2.p, Aqcoe5G084100.3.p
OG0004514	VIT_200s0207g00230.4, VIT_200s0207g00230.1, VIT_200s0207g00230.3, VIT_200s0207g00230.2	Aqcoe5G204200.1.p
OG0004515	VIT_204s0023g00160.1	Aqcoe5G017800.3.p, Aqcoe5G017800.1.p, Aqcoe5G017800.5.p, Aqcoe5G017800.2.p, Aqcoe5G017800.4.p
OG0004516	VIT_204s0044g01180.3, VIT_204s0044g01180.4, VIT_204s0044g01180.5, VIT_204s0044g01180.1, VIT_204s0044g01180.2	Aqcoe5G234200.1.p
OG0004517	VIT_216s0098g01030.1, VIT_217s0000g06699.1	Aqcoe5G106100.4.p, Aqcoe5G106100.5.p, Aqcoe5G106100.1.p, Aqcoe5G106100.7.p, Aqcoe5G106100.6.p, Aqcoe5G106100.2.p, Aqcoe5G106100.3.p, Aqcoe5G106100.8.p
OG0004518	VIT_209s0002g01450.3, VIT_209s0002g01450.1, VIT_209s0002g01450.2, VIT_209s0002g01450.5, VIT_209s0002g01450.4	Aqcoe5G263100.2.p, Aqcoe5G263100.4.p, Aqcoe5G263100.1.p, Aqcoe5G263100.3.p
OG0004519	VIT_201s0150g00340.1	Aqcoe5G336600.1.p
OG0004519	VIT_217s0000g00070.1	Aqcoe5G336700.1.p, Aqcoe5G164300.1.p
OG0004520	VIT_204s0008g02200.3, VIT_204s0008g02200.1, VIT_204s0008g02200.2	Aqcoe5G082000.2.p, Aqcoe5G082000.1.p
OG0004521	VIT_218s0001g09060.1	Aqcoe5G103100.1.p, Aqcoe5G103000.1.p
OG0004522	VIT_215s0046g03380.1	Aqcoe5G433700.1.p, Aqcoe5G433700.2.p
OG0004523	VIT_215s0046g01940.2, VIT_215s0046g01940.4, VIT_215s0046g01940.7, VIT_215s0046g01940.9, VIT_215s0046g01940.8, VIT_215s0046g01940.5, VIT_215s0046g01940.6, VIT_215s0046g01940.1, VIT_215s0046g01940.3	Aqcoe5G069800.1.p
OG0004524	VIT_215s0048g02180.1, VIT_215s0048g02180.6, VIT_215s0048g02180.7, VIT_215s0048g02180.5, VIT_215s0048g02180.4, VIT_215s0048g02180.3, VIT_215s0048g02180.2	Aqcoe5G478000.1.p, Aqcoe5G478000.6.p, Aqcoe5G478000.3.p, Aqcoe5G478000.5.p, Aqcoe5G478000.7.p, Aqcoe5G478000.2.p, Aqcoe5G478000.4.p
OG0004525	VIT_207s0031g00330.3, VIT_207s0031g00330.5, VIT_207s0031g00330.2, VIT_207s0031g00330.1, VIT_207s0031g00330.4	Aqcoe5G146600.1.p
OG0004526	VIT_205s0077g00480.1	Aqcoe5G009400.1.p, Aqcoe5G009400.2.p, Aqcoe5G009400.7.p, Aqcoe5G009400.6.p, Aqcoe5G009400.3.p, Aqcoe5G009400.4.p, Aqcoe5G009400.5.p
OG0004527	VIT_201s0150g00320.1, VIT_201s0150g00320.3, VIT_201s0150g00320.2, VIT_201s0150g00320.4, VIT_214s0068g00870.1, VIT_214s0068g00870.3, VIT_214s0068g00870.4, VIT_214s0068g00870.2, VIT_214s0068g00870.5	Aqcoe5G335800.1.p, Aqcoe5G335800.2.p
OG0004528	VIT_205s0049g00850.1, VIT_205s0049g00830.1, VIT_214s0081g00760.1	Aqcoe5G026200.2.p, Aqcoe5G026200.1.p, Aqcoe5G026200.3.p
OG0004529	VIT_207s0005g04510.1	Aqcoe5G011500.3.p, Aqcoe5G011500.2.p, Aqcoe5G011500.1.p
OG0004530	VIT_218s0001g07070.1	Aqcoe5G218900.1.p
OG0004531	VIT_201s0146g00215.1	Aqcoe5G346000.1.p
OG0004531	VIT_214s0068g01620.1	Aqcoe3G160500.1.p
OG0004532	VIT_207s0005g02630.1, VIT_207s0005g02630.2	Aqcoe5G290600.2.p, Aqcoe5G290600.1.p
OG0004533	VIT_203s0063g00790.1, VIT_203s0063g00770.2, VIT_203s0063g00770.1, VIT_203s0063g00800.1, VIT_203s0063g00810.1, VIT_203s0063g00780.1	Aqcoe5G156500.1.p
OG0004534	VIT_212s0034g01220.1	Aqcoe5G279100.1.p, Aqcoe5G279100.2.p
OG0004535	VIT_207s0141g00580.1	Aqcoe5G039700.1.p
OG0004536	VIT_212s0034g01400.1, VIT_212s0034g01390.1, VIT_218s0001g03270.2, VIT_218s0001g03270.1	Aqcoe5G264800.1.p
OG0004537	VIT_217s0000g07870.3, VIT_217s0000g07870.4, VIT_217s0000g07870.1, VIT_217s0000g07870.2	Aqcoe3G241700.4.p, Aqcoe3G241700.1.p, Aqcoe3G241700.3.p, Aqcoe3G241700.2.p, Aqcoe5G046200.1.p, Aqcoe3G178200.1.p, Aqcoe3G178200.2.p
OG0004538	VIT_207s0005g00210.1, VIT_207s0005g00210.4, VIT_207s0005g00210.2, VIT_207s0005g00210.3	Aqcoe5G085600.1.p
OG0004539	VIT_203s0038g01380.1, VIT_203s0038g01380.3, VIT_203s0038g01380.2	Aqcoe5G208200.2.p, Aqcoe5G208200.1.p
OG0004540	VIT_206s0004g01900.1, VIT_207s0031g02800.1, VIT_218s0072g00690.1	Aqcoe5G247900.1.p
OG0004541	VIT_217s0000g07610.3	Aqcoe3G311100.1.p
OG0004541	VIT_201s0010g02450.1	Aqcoe5G373700.1.p
OG0004542	VIT_206s0009g02100.2, VIT_206s0009g02100.1, VIT_206s0009g02100.7, VIT_206s0009g02100.8, VIT_206s0009g02100.6, VIT_206s0009g02100.5, VIT_206s0009g02100.3, VIT_206s0009g02100.4, VIT_206s0009g02100.10, VIT_206s0009g02100.9	Aqcoe5G450800.1.p, Aqcoe5G450800.2.p
OG0004543	VIT_204s0008g00550.2, VIT_204s0008g00550.6, VIT_204s0008g00550.5, VIT_204s0008g00550.4, VIT_204s0008g00550.7, VIT_204s0008g00550.3, VIT_204s0008g00550.1, VIT_204s0008g00550.8	Aqcoe5G424400.2.p, Aqcoe5G424400.6.p, Aqcoe5G424400.3.p, Aqcoe5G424400.4.p, Aqcoe5G424400.1.p, Aqcoe5G424400.5.p
OG0004544	VIT_204s0044g01000.1, VIT_204s0044g01010.1, VIT_204s0044g01030.1	Aqcoe5G238900.1.p
OG0004545	VIT_200s0238g00020.1, VIT_200s0238g00030.1, VIT_212s0035g01170.1, VIT_212s0035g01340.1	Aqcoe5G302600.1.p
OG0004546	VIT_203s0038g02470.1, VIT_218s0001g14840.1	Aqcoe5G335700.1.p
OG0004547	VIT_204s0023g01990.1, VIT_204s0023g01990.9, VIT_204s0023g01990.2, VIT_204s0023g01990.8, VIT_204s0023g01990.4, VIT_204s0023g01990.10, VIT_204s0023g01990.14, VIT_204s0023g01990.11, VIT_204s0023g01990.7, VIT_204s0023g01990.5, VIT_204s0023g01990.6, VIT_204s0023g01990.13, VIT_204s0023g01990.12, VIT_204s0023g01990.3	Aqcoe3G155800.1.p, Aqcoe3G155800.2.p, Aqcoe3G155800.3.p, Aqcoe5G231500.1.p
OG0004548	VIT_215s0021g00650.1	Aqcoe3G254400.2.p, Aqcoe3G254400.1.p
OG0004549	VIT_201s0011g00350.1, VIT_217s0000g05110.1	Aqcoe3G367800.1.p
OG0004550	VIT_217s0000g04790.1	Aqcoe3G378400.1.p
OG0004551	VIT_204s0079g00630.1, VIT_204s0079g00630.2	Aqcoe3G411200.1.p
OG0004551	VIT_201s0011g06580.1, VIT_201s0011g06580.2, VIT_201s0011g06580.3	Aqcoe3G412200.1.p, Aqcoe3G412200.2.p
OG0004552	VIT_209s0018g01620.2, VIT_209s0018g01620.1	Aqcoe3G032400.4.p, Aqcoe3G032400.1.p, Aqcoe3G032400.2.p, Aqcoe3G032400.3.p, Aqcoe3G032400.6.p, Aqcoe3G032400.5.p
OG0004553	VIT_217s0000g08920.1	Aqcoe3G127700.1.p, Aqcoe3G127600.1.p
OG0004554	VIT_214s0083g00960.1, VIT_214s0083g00960.3, VIT_214s0083g00960.2, VIT_214s0083g00960.4	Aqcoe3G377900.1.p
OG0004555	VIT_201s0026g02200.1, VIT_217s0000g06020.1	Aqcoe3G335300.1.p, Aqcoe3G081500.1.p
OG0004556	VIT_217s0119g00350.1	Aqcoe3G010500.6.p, Aqcoe3G010500.7.p, Aqcoe3G010500.1.p, Aqcoe3G010500.3.p, Aqcoe3G010500.10.p, Aqcoe3G010500.8.p, Aqcoe3G010500.2.p, Aqcoe3G010500.9.p, Aqcoe3G010500.5.p, Aqcoe3G010500.4.p
OG0004557	VIT_216s0039g01220.1, VIT_214s0006g02890.5, VIT_214s0006g02890.1, VIT_214s0006g02890.2, VIT_214s0006g02890.3, VIT_214s0006g02890.4, VIT_217s0000g03600.3, VIT_217s0000g03600.2, VIT_217s0000g03600.1, VIT_217s0000g03600.4	Aqcoe3G036300.1.p
OG0004558	VIT_216s0013g00740.1, VIT_216s0013g00730.1	Aqcoe3G264900.1.p
OG0004559	VIT_202s0012g00990.1, VIT_202s0012g00990.2	Aqcoe3G228400.3.p, Aqcoe3G228400.2.p, Aqcoe3G228400.1.p
OG0004560	VIT_201s0010g01200.1, VIT_201s0010g01200.2	Aqcoe3G436800.2.p, Aqcoe3G436800.3.p, Aqcoe3G436800.1.p
OG0004561	VIT_214s0066g00970.1, VIT_217s0000g08660.3, VIT_217s0000g08660.6, VIT_217s0000g08660.5, VIT_217s0000g08660.1, VIT_217s0000g08660.2, VIT_217s0000g08660.4	Aqcoe3G126700.1.p
OG0004562	VIT_201s0011g03110.1	Aqcoe3G398400.1.p, Aqcoe3G045700.1.p
OG0004563	VIT_217s0053g00590.1	Aqcoe3G433200.2.p, Aqcoe3G433200.3.p, Aqcoe3G433200.1.p
OG0004564	VIT_201s0026g02720.2, VIT_201s0026g02720.4, VIT_210s0116g00070.1, VIT_201s0026g02720.3, VIT_201s0026g02720.1, VIT_201s0026g02720.6, VIT_201s0026g02720.5	Aqcoe3G346000.1.p
OG0004565	VIT_201s0011g00080.2, VIT_201s0011g00080.1, VIT_201s0011g00080.3	Aqcoe3G066200.1.p
OG0004565	VIT_217s0000g04980.1	Aqcoe3G374700.1.p
OG0004566	VIT_201s0011g03210.1, VIT_217s0000g03990.1	Aqcoe3G044500.1.p
OG0004567	VIT_211s0065g01090.2, VIT_211s0065g01090.1, VIT_201s0010g01890.1	Aqcoe3G364400.2.p, Aqcoe3G364400.1.p
OG0004568	VIT_214s0068g02070.7, VIT_214s0068g02070.4, VIT_214s0068g02070.2, VIT_214s0068g02070.6, VIT_214s0068g02070.1, VIT_214s0068g02070.3, VIT_214s0068g02070.5	Aqcoe3G196900.1.p, Aqcoe3G196900.2.p
OG0004569	VIT_202s0087g00910.1, VIT_202s0087g00930.1, VIT_216s0039g01370.1	Aqcoe3G268000.1.p, Aqcoe3G268100.1.p
OG0004570	VIT_209s0002g00350.3, VIT_209s0002g00350.2, VIT_209s0002g00350.1	Aqcoe3G016700.1.p, Aqcoe3G016700.2.p
OG0004571	VIT_217s0000g08750.1	Aqcoe3G279200.1.p, Aqcoe3G279200.2.p
OG0004572	VIT_217s0000g07440.4, VIT_217s0000g07440.5, VIT_217s0000g07440.2, VIT_217s0000g07440.1	Aqcoe3G370900.1.p
OG0004573	VIT_215s0021g01220.1, VIT_200s0204g00020.1	Aqcoe3G243500.1.p
OG0004574	VIT_202s0033g01110.1	Aqcoe3G184900.1.p
OG0004575	VIT_216s0039g02520.1	Aqcoe3G154000.1.p
OG0004576	VIT_217s0000g07780.1, VIT_217s0000g07780.3, VIT_217s0000g07780.2, VIT_217s0000g07780.4	Aqcoe3G305400.2.p, Aqcoe3G305400.1.p
OG0004577	VIT_216s0039g01900.3, VIT_216s0039g01900.2, VIT_216s0039g01900.1, VIT_202s0012g01940.1, VIT_202s0012g01940.2	Aqcoe3G169700.1.p, Aqcoe3G169700.2.p
OG0004578	VIT_209s0002g02600.1	Aqcoe3G396100.1.p
OG0004579	VIT_201s0182g00040.4, VIT_201s0182g00040.1, VIT_201s0182g00040.2, VIT_201s0182g00040.3	Aqcoe3G349000.1.p
OG0004580	VIT_207s0130g00410.2, VIT_207s0130g00410.1, VIT_217s0000g08170.3, VIT_217s0000g08170.1, VIT_217s0000g08170.2	Aqcoe3G119300.1.p, Aqcoe3G119300.2.p
OG0004581	VIT_217s0000g06330.3, VIT_217s0000g06330.9, VIT_217s0000g06330.6, VIT_217s0000g06330.7, VIT_217s0000g06330.8, VIT_217s0000g06330.4, VIT_217s0000g06330.2, VIT_217s0000g06330.1, VIT_217s0000g06330.5	Aqcoe3G343100.3.p, Aqcoe3G343100.2.p, Aqcoe3G343100.1.p
OG0004582	VIT_214s0006g01660.3, VIT_214s0006g01660.2, VIT_214s0006g01660.1, VIT_214s0006g01660.4	Aqcoe3G017700.1.p
OG0004583	VIT_217s0000g04140.1, VIT_217s0000g04140.2	Aqcoe3G395900.1.p
OG0004584	VIT_200s1455g00010.2, VIT_200s0309g00050.2, VIT_200s1455g00010.1, VIT_200s0309g00050.1, VIT_200s0309g00090.1	Aqcoe3G260400.1.p
OG0004585	VIT_214s0066g02170.1	Aqcoe3G316900.1.p
OG0004586	VIT_202s0087g00460.1	Aqcoe3G216300.1.p
OG0004587	VIT_218s0001g08020.2, VIT_218s0001g08020.1, VIT_218s0001g08020.8, VIT_218s0001g08020.5, VIT_218s0001g08020.3, VIT_218s0001g08020.6, VIT_218s0001g08020.7, VIT_218s0001g08020.4	Aqcoe3G327900.1.p
OG0004588	VIT_214s0006g00910.3, VIT_214s0006g00910.4, VIT_214s0006g00910.1, VIT_214s0006g00910.7, VIT_214s0006g00910.6, VIT_214s0006g00910.2, VIT_214s0006g00910.5	Aqcoe3G005100.1.p
OG0004590	VIT_214s0083g00740.2, VIT_214s0083g00740.1	Aqcoe3G070100.2.p, Aqcoe3G070100.1.p, Aqcoe3G380600.1.p
OG0004591	VIT_201s0011g05030.1, VIT_201s0011g05030.2	Aqcoe3G000800.1.p, Aqcoe3G000800.2.p, Aqcoe3G000800.3.p, Aqcoe3G000800.4.p
OG0004592	VIT_216s0039g00080.3, VIT_216s0039g00080.2, VIT_216s0039g00080.1	Aqcoe3G444400.2.p, Aqcoe3G444400.1.p, Aqcoe3G444400.3.p
OG0004593	VIT_201s0010g03880.3, VIT_201s0010g03880.1, VIT_201s0010g03880.2	Aqcoe3G197500.1.p
OG0004595	VIT_202s0012g02030.2, VIT_202s0012g02030.1	Aqcoe3G168400.1.p
OG0004596	VIT_217s0000g03950.1	Aqcoe3G043300.1.p, Aqcoe3G043300.2.p
OG0004597	VIT_201s0026g01170.1	Aqcoe3G100400.5.p, Aqcoe3G100400.2.p, Aqcoe3G100400.3.p, Aqcoe3G100400.1.p, Aqcoe3G100400.4.p
OG0004620	VIT_201s0150g00220.5, VIT_201s0150g00220.4, VIT_201s0150g00220.7, VIT_201s0150g00220.8, VIT_201s0150g00220.3, VIT_201s0150g00220.1, VIT_201s0150g00220.6, VIT_201s0150g00220.9, VIT_201s0150g00220.2	Aqcoe1G466600.1.p, Aqcoe1G466600.2.p, Aqcoe1G466600.3.p, Aqcoe0033s0004.1.p
OG0004621	VIT_212s0134g00490.1	Aqcoe1G154100.2.p, Aqcoe1G154100.1.p, Aqcoe1953s0001.1.p, Aqcoe1G154000.1.p
OG0004622	VIT_208s0007g06230.4, VIT_208s0007g06230.3, VIT_208s0007g06230.2, VIT_208s0007g06230.1	Aqcoe2G006500.1.p, Aqcoe2G006500.2.p
OG0004623	VIT_204s0023g02460.2, VIT_204s0023g02460.1, VIT_204s0023g02460.4, VIT_204s0023g02460.3	Aqcoe2G360700.1.p
OG0004624	VIT_207s0031g01650.3, VIT_207s0031g01650.1, VIT_207s0031g01650.2, VIT_207s0031g01610.1	Aqcoe7G426900.1.p, Aqcoe7G426900.2.p, Aqcoe2G100400.1.p
OG0004626	VIT_204s0023g00130.3, VIT_204s0023g00130.2, VIT_204s0023g00130.8, VIT_204s0023g00130.9, VIT_204s0023g00130.4, VIT_204s0023g00130.6, VIT_204s0023g00130.7, VIT_204s0023g00130.5, VIT_204s0023g00130.1	Aqcoe2G407400.1.p
OG0004628	VIT_202s0012g02530.2, VIT_202s0012g02530.1	Aqcoe2G114000.1.p
OG0004629	VIT_213s0084g00600.4, VIT_213s0084g00600.6, VIT_213s0084g00600.7, VIT_213s0084g00600.5, VIT_213s0084g00600.3, VIT_213s0084g00600.1, VIT_213s0084g00600.2	Aqcoe2G044900.1.p
OG0004630	VIT_208s0007g03360.1	Aqcoe3G271100.1.p, Aqcoe2G142100.1.p, Aqcoe2G142100.2.p
OG0004631	VIT_201s0011g05035.1	Aqcoe3G001000.1.p
OG0004633	VIT_201s0011g06030.4, VIT_201s0011g06030.2, VIT_201s0011g06030.3, VIT_201s0011g06030.5, VIT_201s0011g06030.1	Aqcoe2G028800.1.p
OG0004634	VIT_218s0001g12630.2, VIT_218s0001g12630.1	Aqcoe2G374200.1.p, Aqcoe2G374200.3.p, Aqcoe2G374200.2.p
OG0004635	VIT_214s0030g02300.1, VIT_214s0030g02300.2, VIT_214s0030g02300.3, VIT_214s0030g02300.4	Aqcoe2G268600.1.p, Aqcoe6G137300.1.p, Aqcoe6G137300.2.p, Aqcoe6G137300.3.p
OG0004636	VIT_204s0008g02790.5, VIT_204s0008g02790.7, VIT_204s0008g02790.4, VIT_204s0008g02790.2, VIT_204s0008g02790.1, VIT_204s0008g02790.6, VIT_204s0008g02790.3	Aqcoe2G265500.1.p, Aqcoe2G265500.2.p
OG0004637	VIT_208s0058g00140.1	Aqcoe2G087500.1.p
OG0004637	VIT_207s0031g02990.1, VIT_207s0031g02950.1, VIT_207s0031g02930.1	Aqcoe5G277600.1.p
OG0004638	VIT_207s0005g01380.1	Aqcoe2G160000.1.p, Aqcoe2G276500.1.p
OG0004639	VIT_211s0016g01440.1, VIT_211s0016g01440.2	Aqcoe2G424000.2.p, Aqcoe2G180400.2.p, Aqcoe2G180400.1.p, Aqcoe2G424000.1.p, Aqcoe7G280200.1.p, Aqcoe7G280200.2.p
OG0004640	VIT_219s0090g01030.3, VIT_219s0090g01030.2, VIT_219s0090g01030.1	Aqcoe2G106500.1.p, Aqcoe2G106400.1.p, Aqcoe1G342400.1.p
OG0004641	VIT_201s0137g00250.1, VIT_212s0028g00350.2, VIT_212s0028g00350.1	Aqcoe3G135200.1.p, Aqcoe2G176300.4.p, Aqcoe2G176300.1.p, Aqcoe2G176300.2.p
OG0004642	VIT_211s0037g01420.1, VIT_200s0273g00020.1, VIT_200s0273g00020.2, VIT_207s0005g05320.1, VIT_211s0037g01430.1, VIT_208s0105g00390.3, VIT_208s0105g00390.2, VIT_208s0105g00390.1	Aqcoe2G092000.1.p
OG0004643	VIT_205s0020g03870.1, VIT_207s0151g00500.1, VIT_207s0151g00500.2	Aqcoe2G350500.1.p
OG0004644	VIT_207s0141g00300.1, VIT_207s0289g00040.1	Aqcoe2G429500.1.p
OG0004645	VIT_217s0000g00480.4, VIT_217s0000g00480.6, VIT_217s0000g00480.5, VIT_217s0000g00480.1, VIT_217s0000g00480.2, VIT_217s0000g00480.3	Aqcoe2G140000.7.p, Aqcoe2G140000.2.p, Aqcoe2G140000.8.p, Aqcoe2G140000.5.p, Aqcoe2G140000.3.p, Aqcoe2G140000.1.p, Aqcoe2G140000.6.p, Aqcoe2G140000.4.p
OG0004646	VIT_214s0060g01580.4, VIT_214s0060g01580.3, VIT_214s0060g01580.2, VIT_214s0060g01580.1	Aqcoe2G283600.2.p, Aqcoe2G283600.1.p
OG0004647	VIT_208s0007g05940.2, VIT_208s0007g05940.1	Aqcoe2G028200.1.p
OG0004648	VIT_205s0029g00640.1, VIT_205s0029g00640.2	Aqcoe2G419000.3.p, Aqcoe2G419000.1.p, Aqcoe2G419000.2.p
OG0004649	VIT_206s0004g07080.2, VIT_206s0004g07080.3, VIT_206s0004g07080.4, VIT_206s0004g07080.1	Aqcoe2G086900.1.p, Aqcoe2G086900.2.p
OG0004650	VIT_204s0023g00800.12, VIT_204s0023g00800.6, VIT_204s0023g00800.1, VIT_204s0023g00800.7, VIT_204s0023g00800.11, VIT_204s0023g00800.5, VIT_204s0023g00800.4, VIT_204s0023g00800.8	Aqcoe2G434700.1.p
OG0004651	VIT_218s0082g00108.1	Aqcoe2G154600.6.p, Aqcoe6G011200.3.p, Aqcoe6G011200.2.p, Aqcoe2G154600.4.p, Aqcoe6G011200.1.p, Aqcoe2G154600.1.p, Aqcoe2G154600.3.p, Aqcoe2G154600.2.p, Aqcoe5G222100.1.p, Aqcoe2G154600.5.p
OG0004652	VIT_205s0029g00330.1, VIT_217s0000g09840.1	Aqcoe3G134800.1.p
OG0004653	VIT_206s0009g03450.1, VIT_206s0009g03450.2	Aqcoe2G040300.3.p, Aqcoe2G040300.2.p, Aqcoe2G040300.1.p
OG0004654	VIT_204s0023g00690.1	Aqcoe2G421700.1.p
OG0004655	VIT_214s0060g00110.1, VIT_214s0060g00110.2, VIT_200s0233g00070.1	Aqcoe1G105000.1.p, Aqcoe1G105000.2.p, Aqcoe1G105000.3.p, Aqcoe2G115100.4.p, Aqcoe2G115100.2.p, Aqcoe2G115100.3.p, Aqcoe2G115100.1.p, Aqcoe2G114900.1.p
OG0004656	VIT_214s0036g00500.1	Aqcoe2G375000.1.p
OG0004657	VIT_218s0072g00360.1	Aqcoe2G432600.2.p, Aqcoe2G432600.1.p, Aqcoe2G432600.3.p
OG0004658	VIT_214s0006g00850.1, VIT_213s0101g00360.1, VIT_213s0047g01050.1, VIT_213s0047g01050.2, VIT_213s0047g01050.5, VIT_213s0047g01050.3, VIT_213s0047g01050.4, VIT_214s0006g00860.1	Aqcoe2G066900.1.p, Aqcoe2G066900.2.p
OG0004659	VIT_214s0060g01460.2, VIT_214s0060g01460.4, VIT_214s0060g01460.3, VIT_214s0060g01460.1	Aqcoe2G280600.2.p, Aqcoe2G280600.1.p
OG0004660	VIT_213s0019g01220.1, VIT_206s0009g02390.1	Aqcoe2G031700.1.p
OG0004661	VIT_207s0005g03520.1, VIT_207s0005g03520.2	Aqcoe2G374900.1.p, Aqcoe2G374900.3.p, Aqcoe2G374900.2.p
OG0004662	VIT_211s0037g00190.3, VIT_211s0037g00190.1, VIT_211s0037g00190.2	Aqcoe2G174000.1.p
OG0004663	VIT_208s0007g02840.1	Aqcoe2G116600.1.p
OG0004664	VIT_219s0015g01390.4, VIT_219s0015g01390.1, VIT_219s0015g01390.2, VIT_219s0015g01390.3	Aqcoe2G094200.1.p, Aqcoe3G112000.1.p, Aqcoe3G001500.1.p, Aqcoe3G112000.2.p, Aqcoe7G348600.1.p
OG0004665	VIT_208s0007g06190.2, VIT_208s0007g06190.1	Aqcoe1G019400.1.p, Aqcoe2G011300.1.p, Aqcoe2G011300.2.p
OG0004666	VIT_206s0004g03450.1	Aqcoe2G166700.1.p, Aqcoe2G166700.2.p
OG0004667	VIT_207s0005g06420.2, VIT_207s0005g06420.4, VIT_207s0005g06420.5, VIT_207s0005g06420.1, VIT_207s0005g06420.3	Aqcoe2G400600.1.p
OG0004668	VIT_213s0064g00360.1, VIT_213s0064g00360.2, VIT_213s0064g00360.4, VIT_213s0064g00360.6, VIT_213s0064g00360.3, VIT_213s0064g00360.5	Aqcoe2G017100.1.p
OG0004669	VIT_208s0007g05750.1, VIT_208s0007g05750.2	Aqcoe2G033200.1.p
OG0004670	VIT_205s0029g00210.1	Aqcoe2G396000.1.p
OG0004671	VIT_205s0020g00380.1	Aqcoe2G261200.2.p, Aqcoe2G261200.1.p
OG0004672	VIT_206s0061g00900.4, VIT_206s0061g00900.2, VIT_206s0061g00900.3, VIT_206s0061g00900.5, VIT_206s0061g00900.1	Aqcoe2G159200.1.p, Aqcoe2G159200.2.p
OG0004673	VIT_209s0070g00240.1	Aqcoe2G018600.1.p
OG0004674	VIT_206s0004g03380.1	Aqcoe6G292300.1.p, Aqcoe2G349200.1.p
OG0004675	VIT_204s0159g00020.2, VIT_204s0159g00020.3, VIT_204s0159g00020.6, VIT_204s0159g00020.5, VIT_204s0159g00020.10, VIT_204s0159g00020.8, VIT_204s0159g00020.4, VIT_204s0159g00020.7, VIT_204s0159g00020.1, VIT_204s0159g00020.9	Aqcoe2G407100.2.p, Aqcoe2G407100.1.p
OG0004676	VIT_207s0104g01270.2, VIT_207s0104g01270.1	Aqcoe2G315200.2.p, Aqcoe2G315200.1.p
OG0004677	VIT_214s0036g01060.1, VIT_214s0036g01060.4, VIT_214s0036g01060.5, VIT_214s0036g01090.1, VIT_214s0036g01060.2, VIT_214s0036g01060.3	Aqcoe2G380000.1.p, Aqcoe2G380000.2.p
OG0004678	VIT_200s2313g00010.1, VIT_200s1623g00010.1	Aqcoe2G403700.1.p
OG0004679	VIT_214s0060g02400.3, VIT_214s0060g02400.1, VIT_214s0060g02400.2	Aqcoe2G304100.1.p, Aqcoe2G304100.2.p
OG0004680	VIT_214s0060g02420.3, VIT_214s0060g02420.4, VIT_214s0060g02420.1, VIT_214s0060g02420.2	Aqcoe7G351900.1.p, Aqcoe0014s0003.1.p
OG0004681	VIT_203s0038g02180.1	Aqcoe6G212800.1.p
OG0004682	VIT_212s0028g03490.4, VIT_212s0028g03490.6, VIT_212s0028g03490.5, VIT_212s0028g03490.7, VIT_212s0028g03490.1, VIT_212s0028g03490.3, VIT_212s0028g03490.2	Aqcoe6G005500.4.p, Aqcoe6G005500.3.p, Aqcoe6G005500.1.p, Aqcoe1G376500.1.p, Aqcoe6G005500.2.p
OG0004683	VIT_203s0038g02370.4, VIT_203s0038g02370.9, VIT_203s0038g02370.6, VIT_203s0038g02370.7, VIT_203s0038g02370.8, VIT_203s0038g02370.5, VIT_203s0038g02370.3, VIT_203s0038g02370.2, VIT_203s0038g02370.1	Aqcoe6G221800.2.p, Aqcoe6G221800.1.p
OG0004684	VIT_200s0324g00040.1	Aqcoe6G070600.1.p, Aqcoe6G082200.1.p
OG0004685	VIT_203s0063g02480.2, VIT_203s0063g02480.1	Aqcoe5G194300.1.p, Aqcoe6G117200.2.p, Aqcoe6G117200.1.p
OG0004686	VIT_203s0038g04260.2, VIT_203s0038g04260.1	Aqcoe6G284900.1.p, Aqcoe6G284900.2.p, Aqcoe6G284900.3.p
OG0004687	VIT_204s0023g02820.1, VIT_218s0001g13460.1	Aqcoe6G257300.1.p, Aqcoe4G258900.1.p, Aqcoe5G180800.1.p, Aqcoe6G257100.1.p
OG0004688	VIT_208s0032g00890.4, VIT_212s0121g00380.1, VIT_208s0032g00890.1, VIT_208s0032g00890.2, VIT_212s0121g00230.1	Aqcoe6G050400.1.p
OG0004689	VIT_206s0009g01800.4, VIT_206s0009g01800.3, VIT_206s0009g01800.2, VIT_206s0009g01800.1	Aqcoe6G084900.2.p, Aqcoe6G084900.1.p, Aqcoe6G296000.1.p
OG0004690	VIT_218s0001g07120.1	Aqcoe5G163900.1.p, Aqcoe5G163900.2.p, Aqcoe6G157200.1.p
OG0004691	VIT_203s0063g02320.1, VIT_203s0063g02340.2, VIT_203s0063g02340.1	Aqcoe6G116000.1.p
OG0004692	VIT_209s0002g05230.1	Aqcoe6G310800.1.p, Aqcoe6G236600.1.p, Aqcoe6G236900.1.p, Aqcoe6G310800.2.p, Aqcoe3G195100.1.p, Aqcoe6G237500.1.p, Aqcoe6G237500.4.p
OG0004693	VIT_203s0097g00550.1	Aqcoe6G068100.1.p
OG0004694	VIT_200s0391g00050.2, VIT_200s0391g00050.1	Aqcoe6G080200.1.p, Aqcoe6G080200.2.p
OG0004695	VIT_218s0001g06610.3, VIT_218s0001g06610.4, VIT_218s0001g06610.5, VIT_218s0001g06610.2, VIT_218s0001g06610.1	Aqcoe6G075800.1.p
OG0004696	VIT_216s0100g00350.4, VIT_216s0100g00350.1, VIT_216s0100g00350.2, VIT_216s0100g00350.5, VIT_216s0100g00350.3	Aqcoe3G172900.1.p, Aqcoe7G050100.2.p, Aqcoe7G050100.1.p
OG0004697	VIT_218s0001g01760.1	Aqcoe6G031900.1.p, Aqcoe6G031900.2.p, Aqcoe6G031900.3.p
OG0004698	VIT_207s0129g00020.2, VIT_207s0129g00020.3, VIT_207s0129g00020.1	Aqcoe6G278500.1.p, Aqcoe6G278500.2.p, Aqcoe6G278500.3.p
OG0004699	VIT_203s0180g00270.1	Aqcoe6G305300.6.p, Aqcoe6G305300.1.p, Aqcoe6G305300.3.p, Aqcoe6G305300.2.p, Aqcoe6G305300.5.p, Aqcoe6G305300.4.p
OG0004700	VIT_213s0019g03330.2, VIT_213s0019g03330.1, VIT_213s0019g03330.3, VIT_213s0019g03330.4	Aqcoe6G149800.1.p
OG0004701	VIT_210s0003g00620.1	Aqcoe4G069100.1.p, Aqcoe6G187400.1.p, Aqcoe1G243600.1.p
OG0004702	VIT_203s0038g03990.4, VIT_203s0038g03990.3, VIT_203s0038g03990.2, VIT_203s0038g03990.1	Aqcoe3G424800.1.p, Aqcoe3G424800.3.p, Aqcoe3G424800.2.p, Aqcoe3G424800.4.p, Aqcoe6G164100.2.p, Aqcoe6G164100.1.p
OG0004703	VIT_203s0097g00620.4, VIT_203s0097g00620.1, VIT_203s0097g00620.3, VIT_203s0097g00620.2	Aqcoe6G067400.1.p
OG0004704	VIT_204s0023g03440.1, VIT_204s0023g03440.2, VIT_204s0023g03440.3	Aqcoe6G209400.3.p, Aqcoe6G209400.5.p, Aqcoe6G209400.6.p, Aqcoe6G209400.1.p, Aqcoe6G209400.2.p, Aqcoe6G209400.4.p, Aqcoe6G209400.7.p
OG0004705	VIT_218s0001g05530.1	Aqcoe6G087500.1.p
OG0004706	VIT_204s0044g01920.1, VIT_204s0044g01920.2	Aqcoe1G330100.1.p, Aqcoe5G112900.1.p
OG0004706	VIT_218s0122g00530.1, VIT_203s0038g04140.5, VIT_203s0038g04140.1, VIT_203s0038g04140.4, VIT_203s0038g04140.3, VIT_203s0038g04140.2	Aqcoe5G112700.1.p, Aqcoe6G325100.2.p, Aqcoe6G325100.3.p, Aqcoe6G325100.4.p, Aqcoe6G325100.1.p
OG0004707	VIT_218s0001g06390.1	Aqcoe6G077400.1.p
OG0004708	VIT_201s0137g00640.4, VIT_201s0137g00640.3, VIT_201s0137g00640.2, VIT_201s0137g00640.1	Aqcoe6G167000.2.p, Aqcoe6G167000.1.p, Aqcoe3G369700.1.p, Aqcoe3G369700.2.p, Aqcoe3G369700.3.p, Aqcoe3G369700.4.p
OG0004709	VIT_200s0304g00050.1	Aqcoe6G064000.7.p, Aqcoe6G064000.9.p, Aqcoe6G064000.11.p, Aqcoe6G064000.10.p, Aqcoe6G064000.6.p, Aqcoe6G064000.1.p, Aqcoe6G064000.3.p, Aqcoe6G064000.8.p, Aqcoe6G064000.2.p, Aqcoe6G064000.5.p, Aqcoe6G064000.4.p
OG0004710	VIT_203s0088g00270.1	Aqcoe6G269300.1.p, Aqcoe1G029400.1.p
OG0004711	VIT_204s0023g03020.1	Aqcoe6G252800.1.p
OG0004712	VIT_212s0034g01080.2, VIT_212s0034g01080.3, VIT_212s0034g01080.1	Aqcoe6G292200.2.p, Aqcoe6G292200.1.p, Aqcoe6G292200.3.p, Aqcoe1G175700.1.p
OG0004713	VIT_203s0038g02190.1	Aqcoe6G212900.1.p
OG0004714	VIT_212s0059g02030.1	Aqcoe6G283300.3.p, Aqcoe6G283300.7.p, Aqcoe6G283300.5.p, Aqcoe6G283300.4.p, Aqcoe6G283300.6.p, Aqcoe6G283300.1.p, Aqcoe6G283300.2.p, Aqcoe1G333700.1.p
OG0004715	VIT_218s0001g06760.1, VIT_200s0477g00040.1	Aqcoe6G073900.1.p
OG0004716	VIT_207s0129g00350.1, VIT_203s0091g00590.1	Aqcoe5G104700.1.p, Aqcoe5G104700.3.p, Aqcoe5G104700.2.p, Aqcoe6G288700.1.p
OG0004717	VIT_207s0129g00220.3, VIT_207s0129g00220.2, VIT_207s0129g00220.4, VIT_207s0129g00220.1	Aqcoe6G283700.2.p, Aqcoe6G283700.1.p
OG0004718	VIT_218s0001g00480.1	Aqcoe7G087800.1.p, Aqcoe6G198400.1.p, Aqcoe6G198400.2.p
OG0004719	VIT_208s0056g00500.1	Aqcoe0017s0012.1.p
OG0004721	VIT_212s0059g01905.1, VIT_200s0445g00030.1	Aqcoe4G156200.1.p, Aqcoe1G323600.1.p
OG0004722	VIT_219s0090g00990.1, VIT_219s0090g00990.2, VIT_219s0090g00990.4, VIT_219s0090g00990.3, VIT_212s0059g01080.1, VIT_212s0059g01080.2	Aqcoe4G222000.1.p, Aqcoe4G222000.2.p
OG0004723	VIT_217s0000g03940.1	Aqcoe7G313800.1.p, Aqcoe3G040000.1.p, Aqcoe3G042200.1.p, Aqcoe4G289000.1.p, Aqcoe3G042000.1.p, Aqcoe3G399900.1.p
OG0004724	VIT_204s0008g00800.3, VIT_204s0008g00800.2, VIT_204s0008g00800.1	Aqcoe4G063500.1.p, Aqcoe4G065000.1.p, Aqcoe7G134100.2.p, Aqcoe7G134100.1.p
OG0004725	VIT_219s0093g00560.2, VIT_219s0093g00560.5, VIT_219s0093g00560.3, VIT_219s0093g00560.4, VIT_219s0093g00560.1, VIT_219s0093g00560.6	Aqcoe4G002200.1.p
OG0004726	VIT_219s0014g01920.1	Aqcoe4G073000.1.p
OG0004727	VIT_212s0059g00520.2, VIT_212s0059g00520.1	Aqcoe4G281500.1.p
OG0004728	VIT_213s0019g00510.2, VIT_213s0019g00510.1, VIT_213s0019g00510.4	Aqcoe1G471400.1.p, Aqcoe4G024800.1.p
OG0004729	VIT_207s0255g00040.1, VIT_203s0063g01400.1	Aqcoe5G171500.1.p, Aqcoe4G183700.1.p
OG0004730	VIT_211s0016g03926.1	Aqcoe7G178600.1.p, Aqcoe4G129000.1.p
OG0004731	VIT_211s0016g01990.6, VIT_211s0016g01990.4, VIT_211s0016g01990.2, VIT_211s0016g01990.1, VIT_211s0016g01990.3, VIT_211s0016g01990.5	Aqcoe4G262500.1.p, Aqcoe4G262500.5.p, Aqcoe4G262500.4.p, Aqcoe4G262500.3.p, Aqcoe4G262500.2.p, Aqcoe7G425300.2.p, Aqcoe7G425300.1.p
OG0004732	VIT_205s0049g02190.1, VIT_219s0014g04680.2, VIT_219s0014g04680.1, VIT_219s0014g04680.3, VIT_219s0014g04680.4	Aqcoe4G269700.1.p, Aqcoe4G269700.2.p
OG0004733	VIT_210s0003g01420.1	Aqcoe1G222400.1.p, Aqcoe1G222400.3.p, Aqcoe1G222400.2.p
OG0004734	VIT_218s0117g00220.1, VIT_218s0117g00220.2	Aqcoe4G145100.1.p, Aqcoe4G145100.2.p, Aqcoe7G358900.2.p, Aqcoe7G358900.1.p, Aqcoe4G144500.1.p
OG0004735	VIT_212s0057g01240.1	Aqcoe4G305300.1.p, Aqcoe0009s0023.1.p, Aqcoe4G305300.2.p, Aqcoe0009s0011.1.p, Aqcoe0016s0010.1.p
OG0004736	VIT_201s0011g06550.3, VIT_201s0011g06550.2, VIT_201s0011g06550.1	Aqcoe3G411500.1.p, Aqcoe4G011600.4.p, Aqcoe4G011600.5.p, Aqcoe4G011600.2.p, Aqcoe4G011600.3.p, Aqcoe4G011600.6.p, Aqcoe4G011600.1.p
OG0004737	VIT_210s0003g02220.2, VIT_210s0003g02220.3, VIT_210s0003g02220.1, VIT_210s0003g02220.4, VIT_210s0003g02170.1	Aqcoe4G023300.1.p
OG0004738	VIT_210s0116g00780.1	Aqcoe4G237600.1.p
OG0004739	VIT_219s0014g02320.1, VIT_219s0014g02320.4, VIT_219s0014g02320.2, VIT_219s0014g02320.3	Aqcoe1G256700.1.p, Aqcoe4G091300.1.p
OG0004740	VIT_215s0045g00310.4, VIT_215s0045g00310.6, VIT_215s0045g00310.5, VIT_215s0045g00310.2, VIT_215s0045g00310.3, VIT_215s0045g00310.1	Aqcoe7G241000.5.p, Aqcoe7G241000.3.p, Aqcoe4G120900.2.p, Aqcoe4G120900.3.p
OG0004741	VIT_208s0032g00320.5, VIT_208s0032g00320.2, VIT_208s0032g00320.1, VIT_208s0032g00320.4, VIT_208s0032g00320.3	Aqcoe3G252900.4.p, Aqcoe3G252900.3.p, Aqcoe3G252900.5.p, Aqcoe3G252900.2.p, Aqcoe3G252900.1.p, Aqcoe7G197000.1.p
OG0004742	VIT_216s0050g00880.2, VIT_216s0050g00880.1	Aqcoe5G432700.2.p, Aqcoe5G432700.1.p, Aqcoe7G028500.1.p
OG0004743	VIT_202s0025g02260.1, VIT_215s0046g00140.2	Aqcoe7G005000.1.p
OG0004744	VIT_216s0050g01000.2, VIT_216s0050g01000.1	Aqcoe5G436300.3.p, Aqcoe5G436300.1.p, Aqcoe5G436300.2.p, Aqcoe7G025900.1.p
OG0004745	VIT_216s0100g00470.1	Aqcoe7G047000.1.p
OG0004746	VIT_204s0008g05150.3, VIT_204s0008g05150.1, VIT_204s0008g05150.2, VIT_209s0002g06110.1	Aqcoe7G279800.2.p, Aqcoe7G279800.1.p
OG0004747	VIT_204s0008g00730.3, VIT_204s0008g00730.6, VIT_204s0008g00730.5, VIT_204s0008g00730.2, VIT_204s0008g00730.1, VIT_204s0008g00730.4	Aqcoe7G101100.1.p
OG0004748	VIT_215s0048g00800.1	Aqcoe7G064600.1.p
OG0004749	VIT_200s0591g00010.1, VIT_200s0591g00010.4, VIT_200s0591g00010.3, VIT_200s0591g00010.5, VIT_200s0591g00010.7, VIT_200s0591g00010.6, VIT_200s0591g00010.2	Aqcoe7G093600.1.p, Aqcoe7G093600.2.p
OG0004750	VIT_202s0025g04990.3, VIT_202s0025g04990.4, VIT_202s0025g04990.2, VIT_202s0025g04990.1	Aqcoe7G062900.2.p, Aqcoe7G062900.1.p
OG0004751	VIT_211s0016g05710.4, VIT_211s0016g05710.1, VIT_211s0016g05710.3, VIT_211s0016g05710.2, VIT_204s0008g05570.1, VIT_204s0008g05570.2	Aqcoe7G383700.1.p
OG0004752	VIT_209s0054g00820.1	Aqcoe7G290800.3.p, Aqcoe7G290800.4.p, Aqcoe7G290800.2.p, Aqcoe7G290800.1.p
OG0004753	VIT_211s0149g00030.1	Aqcoe7G367800.1.p, Aqcoe7G367700.1.p
OG0004754	VIT_204s0008g03370.6, VIT_204s0008g03370.4, VIT_204s0008g03370.5, VIT_204s0008g03370.1, VIT_204s0008g03370.2, VIT_204s0008g03370.3	Aqcoe7G412300.2.p, Aqcoe7G412300.1.p
OG0004755	VIT_204s0008g02720.1, VIT_204s0008g02720.2	Aqcoe7G292200.1.p
OG0004756	VIT_214s0128g00170.1, VIT_214s0128g00170.2, VIT_200s0340g00070.2, VIT_200s0340g00070.1	Aqcoe7G201200.2.p, Aqcoe7G201200.1.p, Aqcoe7G201200.4.p, Aqcoe7G201200.5.p, Aqcoe7G201200.3.p, Aqcoe1G395800.1.p
OG0004757	VIT_206s0004g00700.1, VIT_206s0004g00700.2, VIT_206s0004g00700.3	Aqcoe7G377800.1.p
OG0004758	VIT_204s0008g06930.1, VIT_209s0002g07540.1	Aqcoe7G346400.1.p
OG0004758	VIT_207s0130g00165.1	Aqcoe5G217300.1.p
OG0004759	VIT_215s0048g02090.2, VIT_215s0048g02090.1, VIT_215s0048g02100.1, VIT_215s0048g02110.1, VIT_215s0048g02110.3, VIT_215s0048g02110.2, VIT_215s0048g02110.4	Aqcoe7G041100.1.p, Aqcoe7G041100.2.p
OG0004760	VIT_204s0008g02230.1, VIT_211s0016g00660.1	Aqcoe7G108000.1.p
OG0004761	VIT_211s0016g03410.4, VIT_211s0016g03410.1, VIT_211s0016g03410.5, VIT_211s0016g03410.3, VIT_211s0016g03410.2	Aqcoe7G161400.1.p, Aqcoe7G161400.3.p, Aqcoe7G161400.2.p, Aqcoe7G161400.4.p
OG0004762	VIT_211s0016g05820.1, VIT_211s0016g05820.4, VIT_211s0016g05820.3, VIT_211s0016g05820.2	Aqcoe7G382200.1.p
OG0004763	VIT_209s0002g03710.1, VIT_204s0008g03230.1	Aqcoe7G410200.1.p
OG0004764	VIT_209s0002g00690.5, VIT_209s0002g00690.2, VIT_209s0002g00690.1, VIT_209s0002g00690.4, VIT_209s0002g00690.3	Aqcoe7G437900.1.p
OG0004765	VIT_202s0025g04660.1, VIT_202s0025g04660.2, VIT_202s0025g04660.3	Aqcoe7G053200.1.p
OG0004766	VIT_211s0037g00610.2, VIT_211s0037g00610.4, VIT_211s0037g00610.3, VIT_211s0037g00610.1	Aqcoe7G219500.1.p
OG0004767	VIT_204s0008g02600.1, VIT_209s0018g01330.1	Aqcoe7G320200.1.p
OG0004768	VIT_216s0050g02240.1, VIT_215s0046g01470.2, VIT_215s0046g01470.1	Aqcoe7G021800.1.p
OG0004769	VIT_216s0098g01570.1	Aqcoe5G258200.1.p, Aqcoe5G258200.2.p, Aqcoe7G005800.2.p, Aqcoe7G005800.1.p, Aqcoe7G005800.3.p, Aqcoe7G005800.4.p
OG0004770	VIT_209s0002g04430.1	Aqcoe7G187900.1.p, Aqcoe7G177400.2.p, Aqcoe7G177400.1.p
OG0004771	VIT_209s0002g01650.2, VIT_209s0002g01650.4, VIT_209s0002g01650.3, VIT_209s0002g01650.1	Aqcoe7G125500.2.p, Aqcoe7G125500.1.p
OG0004772	VIT_209s0002g01020.1	Aqcoe7G110300.1.p
OG0004773	VIT_202s0025g01390.1	Aqcoe7G012500.1.p, Aqcoe7G012500.2.p
OG0004774	VIT_215s0046g03770.1	Aqcoe5G349900.1.p, Aqcoe7G334000.2.p, Aqcoe7G334000.1.p
OG0004775	VIT_207s0130g00470.2, VIT_207s0130g00470.4, VIT_207s0130g00470.5, VIT_207s0130g00470.3, VIT_207s0130g00470.1	Aqcoe7G100100.3.p, Aqcoe7G100100.2.p, Aqcoe7G100100.1.p
OG0004776	VIT_206s0004g03020.1, VIT_206s0004g03020.2	Aqcoe7G215100.1.p, Aqcoe7G215100.2.p
OG0004777	VIT_211s0016g04480.2, VIT_211s0016g04480.1	Aqcoe7G195000.1.p
OG0004778	VIT_209s0054g00890.1, VIT_209s0054g00890.3, VIT_204s0008g02580.1	Aqcoe1G399400.1.p, Aqcoe7G293100.1.p
OG0004778	VIT_204s0008g02580.2	Aqcoe7G293100.2.p
OG0004779	VIT_216s0100g01230.1	Aqcoe7G041400.2.p, Aqcoe7G041400.1.p
OG0004780	VIT_211s0149g00120.5, VIT_211s0149g00120.3, VIT_211s0149g00120.4, VIT_211s0149g00120.2, VIT_211s0149g00120.1	Aqcoe7G366900.1.p
OG0004781	VIT_209s0002g04830.1	Aqcoe7G189600.1.p, Aqcoe7G189600.2.p
OG0004782	VIT_216s0022g02010.1	Aqcoe7G062600.1.p
OG0004783	VIT_213s0019g04120.2, VIT_213s0019g04120.1, VIT_213s0019g04120.3	Aqcoe7G304300.3.p, Aqcoe7G304300.1.p, Aqcoe7G304300.2.p
OG0004784	VIT_216s0098g00540.1, VIT_204s0023g00650.1	Aqcoe7G169000.2.p, Aqcoe7G169000.1.p
OG0004785	VIT_211s0037g01150.1	Aqcoe7G254500.1.p
OG0004786	VIT_209s0002g06000.1	Aqcoe7G281200.1.p, Aqcoe7G394000.1.p
OG0004787	VIT_211s0118g00180.1	Aqcoe7G223400.1.p
OG0004788	VIT_201s0137g00440.1	Aqcoe5G391700.5.p, Aqcoe7G140200.2.p, Aqcoe7G140200.1.p, Aqcoe7G140200.3.p, Aqcoe5G391700.2.p, Aqcoe5G391700.3.p, Aqcoe5G391700.1.p, Aqcoe5G391700.4.p
OG0004789	VIT_209s0018g00310.1	Aqcoe7G270200.1.p
OG0004790	VIT_204s0008g02490.2, VIT_211s0052g00730.1	Aqcoe7G309400.1.p, Aqcoe7G309400.2.p
OG0004791	VIT_211s0016g02170.2, VIT_211s0016g02170.1, VIT_209s0002g02150.2, VIT_209s0002g02150.1	Aqcoe7G127800.1.p
OG0004792	VIT_216s0098g00310.2, VIT_216s0098g00310.1	Aqcoe7G011000.1.p
OG0004792	VIT_207s0130g00230.1, VIT_207s0130g00230.2	Aqcoe5G216200.1.p
OG0004793	VIT_211s0016g04370.1, VIT_204s0008g04350.2, VIT_204s0008g04350.3, VIT_204s0008g04350.1	Aqcoe7G192400.1.p
OG0004794	VIT_213s0106g00770.1, VIT_219s0015g00810.1, VIT_214s0066g02380.2, VIT_214s0066g02380.1	Aqcoe7G157700.1.p
OG0004795	VIT_213s0019g04000.5, VIT_213s0019g04000.4, VIT_213s0019g04000.3, VIT_213s0019g04000.2, VIT_213s0019g04000.1	Aqcoe7G269300.2.p, Aqcoe7G269300.1.p, Aqcoe7G269300.3.p
OG0004796	VIT_211s0052g00080.1	Aqcoe7G302100.2.p, Aqcoe7G302100.1.p, Aqcoe7G302100.3.p
OG0004797	VIT_211s0016g01830.4, VIT_211s0016g01830.3, VIT_211s0016g01830.2, VIT_211s0016g01830.1	Aqcoe7G422500.1.p, Aqcoe7G422500.3.p, Aqcoe7G422500.4.p, Aqcoe7G422500.2.p
OG0004798	VIT_211s0118g00780.2, VIT_211s0118g00780.1, VIT_211s0118g00780.3	Aqcoe7G370700.1.p, Aqcoe7G370700.2.p
OG0004799	VIT_207s0005g05160.1	Aqcoe7G328200.1.p, Aqcoe7G256800.1.p
OG0004800	VIT_215s0046g01840.3, VIT_215s0046g01840.4, VIT_215s0046g01840.2, VIT_215s0046g01840.1	Aqcoe7G027200.1.p, Aqcoe7G027200.2.p
OG0004801	VIT_209s0002g08060.1, VIT_209s0002g07930.1, VIT_209s0002g07990.1, VIT_209s0002g08030.1, VIT_209s0002g08070.1	Aqcoe7G323600.2.p, Aqcoe7G323600.1.p, Aqcoe1G228500.1.p
OG0004802	VIT_209s0002g03490.1	Aqcoe7G150800.4.p, Aqcoe7G150800.2.p, Aqcoe7G150800.3.p, Aqcoe7G150800.1.p
OG0004803	VIT_209s0002g02510.2, VIT_209s0002g02510.1	Aqcoe7G006900.1.p, Aqcoe7G006900.2.p
OG0004804	VIT_209s0018g02090.3, VIT_209s0018g02090.2, VIT_209s0018g02090.1	Aqcoe7G056100.1.p
OG0004805	VIT_211s0016g01735.1, VIT_209s0002g01890.1	Aqcoe7G120700.1.p
OG0004806	VIT_209s0054g00980.1, VIT_209s0054g00980.2, VIT_209s0054g00980.4, VIT_209s0054g00980.3	Aqcoe7G296400.2.p, Aqcoe7G296400.1.p
OG0004807	VIT_204s0008g04780.3, VIT_204s0008g04780.1	Aqcoe7G201100.4.p, Aqcoe7G201100.1.p, Aqcoe7G201100.2.p, Aqcoe7G201100.3.p
OG0004808	VIT_211s0016g02860.1, VIT_211s0016g02860.2, VIT_211s0016g02860.4, VIT_211s0016g02860.3, VIT_211s0016g02860.5	Aqcoe7G144700.1.p
OG0004809	VIT_219s0027g00440.4, VIT_219s0027g00440.3, VIT_219s0027g00440.2, VIT_219s0027g00440.1	Aqcoe1G181100.1.p, Aqcoe3G092200.1.p
OG0004810	VIT_205s0094g00380.3, VIT_205s0094g00380.2, VIT_205s0094g00380.1	Aqcoe1G470900.4.p, Aqcoe1G470900.3.p, Aqcoe1G470900.2.p, Aqcoe1G470900.1.p
OG0004811	VIT_219s0085g01000.1	Aqcoe1G160300.2.p, Aqcoe1G160300.1.p
OG0004812	VIT_211s0016g00030.1, VIT_215s0046g03730.1	Aqcoe1G048800.3.p, Aqcoe1G048800.1.p, Aqcoe1G048800.2.p, Aqcoe1G048800.4.p
OG0004813	VIT_206s0004g06130.2, VIT_206s0004g06130.3, VIT_206s0004g06130.1, VIT_206s0004g06130.4, VIT_206s0004g06130.5	Aqcoe1G431300.1.p
OG0004814	VIT_206s0061g00280.1	Aqcoe1G137000.1.p
OG0004815	VIT_219s0177g00170.1, VIT_219s0177g00170.2, VIT_219s0177g00170.7	Aqcoe1G353500.1.p
OG0004816	VIT_213s0019g02650.1, VIT_211s0016g05140.1	Aqcoe1G094500.1.p
OG0004817	VIT_213s0067g02160.3, VIT_213s0067g02160.2, VIT_213s0067g02160.1	Aqcoe1G393200.1.p, Aqcoe1G393200.2.p
OG0004818	VIT_213s0106g00730.1, VIT_208s0007g03460.1, VIT_208s0007g03460.2, VIT_208s0007g03460.3, VIT_208s0007g03460.4	Aqcoe1G448100.1.p
OG0004819	VIT_210s0003g01440.3, VIT_210s0003g01440.4, VIT_210s0003g01440.2, VIT_210s0003g01440.1	Aqcoe1G222000.3.p, Aqcoe1G222000.1.p, Aqcoe1G222000.2.p, Aqcoe1G222000.5.p, Aqcoe1G222000.4.p
OG0004820	VIT_210s0116g01820.1, VIT_210s0116g01810.1	Aqcoe1G237100.1.p, Aqcoe1G237100.2.p
OG0004821	VIT_208s0007g01540.1, VIT_213s0019g03200.1	Aqcoe1G091400.1.p
OG0004822	VIT_216s0013g01550.3, VIT_216s0013g01550.4, VIT_216s0013g01550.1, VIT_216s0013g01550.2	Aqcoe1G179300.1.p
OG0004823	VIT_203s0038g00110.3, VIT_203s0038g00110.4, VIT_203s0038g00110.6, VIT_203s0038g00110.5, VIT_203s0038g00110.1, VIT_203s0038g00110.2	Aqcoe1G444400.1.p, Aqcoe5G182700.1.p, Aqcoe5G182700.2.p, Aqcoe1G444400.3.p, Aqcoe1G444400.2.p
OG0004824	VIT_206s0004g02900.2, VIT_206s0004g02900.1, VIT_206s0004g02900.3, VIT_206s0004g02900.4	Aqcoe1G145000.1.p
OG0004825	VIT_210s0116g00790.1, VIT_210s0116g00790.2	Aqcoe1G274800.4.p, Aqcoe1G274800.5.p, Aqcoe1G274800.3.p, Aqcoe1G274800.1.p, Aqcoe1G274800.2.p
OG0004826	VIT_213s0019g04820.3, VIT_213s0019g04820.1, VIT_213s0019g04820.4, VIT_213s0019g04820.2	Aqcoe1G132200.1.p, Aqcoe1G132200.2.p
OG0004827	VIT_206s0009g00690.5, VIT_206s0009g00690.3, VIT_206s0009g00690.4, VIT_206s0009g00690.2, VIT_206s0009g00690.1	Aqcoe1G081000.1.p
OG0004828	VIT_212s0028g00740.7, VIT_212s0028g00740.5, VIT_212s0028g00740.4, VIT_212s0028g00740.2, VIT_212s0028g00740.8, VIT_212s0028g00740.9, VIT_212s0028g00740.6, VIT_212s0028g00740.3, VIT_212s0028g00740.1	Aqcoe1G170000.2.p, Aqcoe1G170000.1.p, Aqcoe1G170000.3.p, Aqcoe1G170000.4.p, Aqcoe1G170000.5.p, Aqcoe1G170000.6.p
OG0004829	VIT_210s0003g03710.1	Aqcoe1G189400.2.p, Aqcoe1G189400.1.p
OG0004830	VIT_208s0007g08120.1	Aqcoe1G026000.8.p, Aqcoe1G026000.6.p, Aqcoe1G026000.5.p, Aqcoe1G026000.3.p, Aqcoe1G026000.7.p, Aqcoe1G026000.1.p, Aqcoe1G026000.2.p, Aqcoe1G026000.4.p
OG0004831	VIT_208s0040g00760.2, VIT_208s0040g00760.3, VIT_208s0040g00760.5, VIT_208s0040g00760.4, VIT_208s0040g00760.1	Aqcoe1G006400.1.p
OG0004832	VIT_208s0058g00660.1, VIT_208s0058g00660.2	Aqcoe1G147700.1.p, Aqcoe1G147700.2.p
OG0004833	VIT_206s0004g04410.1, VIT_206s0004g04410.2	Aqcoe1G466100.2.p, Aqcoe1G466100.1.p
OG0004834	VIT_219s0085g01140.1	Aqcoe1G156900.3.p, Aqcoe1G156900.2.p, Aqcoe1G156900.4.p, Aqcoe1G156900.1.p
OG0004835	VIT_219s0014g00110.3, VIT_219s0014g00110.4, VIT_219s0014g00110.2, VIT_219s0014g00110.1, VIT_212s0028g00340.1, VIT_212s0028g00340.5, VIT_212s0028g00340.3, VIT_212s0028g00340.2, VIT_212s0028g00340.4, VIT_212s0028g00340.6	Aqcoe1G202200.1.p, Aqcoe1G202200.2.p, Aqcoe1G202200.3.p
OG0004836	VIT_219s0015g01000.2, VIT_219s0015g01000.1	Aqcoe1G385200.2.p, Aqcoe1G385200.1.p
OG0004837	VIT_213s0067g00180.1	Aqcoe1G498400.1.p
OG0004838	VIT_219s0014g03330.2, VIT_219s0014g03330.3, VIT_219s0014g03330.4, VIT_219s0014g03330.1, VIT_219s0014g03350.3, VIT_219s0014g03350.1, VIT_219s0014g03350.2	Aqcoe1G322500.1.p, Aqcoe1G322500.2.p
OG0004839	VIT_208s0007g04200.1	Aqcoe1G115900.2.p, Aqcoe1G115900.1.p
OG0004840	VIT_208s0007g06730.1, VIT_208s0007g06730.2, VIT_208s0007g06730.3	Aqcoe1G015500.1.p
OG0004841	VIT_200s0404g00100.1, VIT_212s0059g02060.1	Aqcoe1G309900.1.p
OG0004842	VIT_219s0090g00130.4, VIT_219s0090g00130.3, VIT_219s0090g00130.1, VIT_219s0090g00130.2	Aqcoe1G277600.1.p
OG0004843	VIT_208s0040g02980.2, VIT_208s0040g02980.4, VIT_208s0040g02980.5, VIT_208s0040g02980.3, VIT_208s0040g02980.1	Aqcoe1G482300.1.p, Aqcoe1G482400.1.p
OG0004844	VIT_200s0317g00110.3, VIT_200s0317g00110.2, VIT_200s0317g00110.1	Aqcoe1G477300.1.p
OG0004845	VIT_206s0004g06500.1, VIT_206s0004g06500.2, VIT_206s0004g06500.3	Aqcoe1G425300.1.p, Aqcoe1G425300.2.p
OG0004846	VIT_213s0019g01530.2, VIT_213s0019g01530.3, VIT_213s0019g01530.4, VIT_213s0019g01530.1	Aqcoe1G456900.1.p
OG0004847	VIT_213s0019g00070.2, VIT_213s0019g00070.1, VIT_213s0019g00070.3, VIT_213s0019g00070.5, VIT_213s0019g00070.4	Aqcoe1G474900.1.p, Aqcoe1G474900.3.p, Aqcoe1G474900.2.p
OG0004848	VIT_210s0003g01500.2, VIT_210s0003g01500.1	Aqcoe1G221400.1.p
OG0004849	VIT_206s0004g02090.1, VIT_213s0073g00710.1	Aqcoe3G213900.1.p, Aqcoe3G213900.2.p, Aqcoe1G065400.1.p
OG0004850	VIT_209s0054g01100.1, VIT_212s0028g03890.2, VIT_212s0028g03890.3, VIT_212s0028g03890.1	Aqcoe1G271800.1.p, Aqcoe1G271800.4.p, Aqcoe1G271800.2.p, Aqcoe1G271800.3.p
OG0004851	VIT_213s0064g00980.1	Aqcoe1G336900.7.p, Aqcoe1G336900.3.p, Aqcoe1G336900.2.p, Aqcoe1G336900.6.p, Aqcoe1G336900.1.p, Aqcoe1G336900.5.p, Aqcoe1G336900.4.p
OG0004852	VIT_210s0003g01710.1, VIT_210s0003g01710.4, VIT_219s0014g01000.1, VIT_219s0014g01000.2, VIT_210s0003g01710.2, VIT_210s0003g01710.5, VIT_210s0003g01710.3	Aqcoe1G219000.1.p
OG0004853	VIT_208s0040g03210.1	Aqcoe1G391800.1.p, Aqcoe1G391800.3.p, Aqcoe1G391800.4.p, Aqcoe1G391800.2.p
OG0004854	VIT_213s0019g00350.1	Aqcoe1G039700.1.p, Aqcoe1G039700.2.p, Aqcoe1G039700.3.p, Aqcoe1G039700.4.p
OG0004855	VIT_213s0067g02380.1, VIT_206s0004g07790.2, VIT_206s0004g07790.1	Aqcoe1G397900.1.p
OG0004856	VIT_213s0067g02190.1	Aqcoe1G394000.3.p, Aqcoe1G394000.1.p, Aqcoe1G394000.2.p
OG0004857	VIT_208s0007g02120.1, VIT_208s0007g02120.4, VIT_208s0007g02120.2, VIT_208s0007g02120.3	Aqcoe1G425800.2.p, Aqcoe1G425800.3.p, Aqcoe1G425800.1.p
OG0004858	VIT_208s0007g06540.2, VIT_208s0007g06540.3, VIT_208s0007g06540.6, VIT_208s0007g06540.4, VIT_208s0007g06540.1, VIT_208s0007g06540.5	Aqcoe1G003100.1.p
OG0004859	VIT_217s0000g08960.1, VIT_214s0066g00810.1, VIT_214s0066g00810.2	Aqcoe3G127200.2.p, Aqcoe1G348900.2.p, Aqcoe3G127200.1.p, Aqcoe3G127200.3.p, Aqcoe1G348900.1.p
OG0004860	VIT_219s0015g01850.2, VIT_219s0015g01850.3, VIT_219s0015g01850.1	Aqcoe1G381800.2.p, Aqcoe1G381800.1.p, Aqcoe1G381800.4.p, Aqcoe1G381800.3.p, Aqcoe1G043500.1.p
OG0004861	VIT_217s0000g00270.1, VIT_217s0000g00270.2, VIT_201s0150g00050.3, VIT_201s0150g00050.2, VIT_201s0150g00050.1	Aqcoe1G052900.1.p, Aqcoe1G052900.2.p
OG0004862	VIT_202s0087g00170.1	Aqcoe1G300600.2.p, Aqcoe1G300600.1.p
OG0004863	VIT_208s0007g07490.3, VIT_208s0007g07490.1, VIT_208s0007g07490.2	Aqcoe1G061300.1.p
OG0004864	VIT_208s0056g00740.2, VIT_208s0056g00740.3, VIT_208s0056g00740.4, VIT_208s0056g00740.1	Aqcoe1G431600.1.p, Aqcoe3G061400.1.p, Aqcoe3G061400.2.p
OG0004865	VIT_219s0014g05200.4, VIT_219s0014g05200.5, VIT_219s0014g05200.6, VIT_219s0014g05200.3, VIT_219s0014g05200.1, VIT_219s0014g05200.2	Aqcoe1G364500.1.p
OG0004866	VIT_206s0061g00450.1, VIT_206s0061g00450.2	Aqcoe1G133100.1.p
OG0004867	VIT_201s0011g01290.3	Aqcoe1G161300.1.p
OG0004867	VIT_201s0011g01290.1, VIT_201s0011g01290.2, VIT_201s0011g01290.5, VIT_201s0011g01290.4, VIT_201s0011g01290.6	Aqcoe3G093000.1.p
OG0004868	VIT_213s0067g02390.1, VIT_208s0058g01010.1	Aqcoe1G398100.1.p
OG0004869	VIT_219s0090g00400.2, VIT_219s0090g00400.1	Aqcoe1G236800.1.p
OG0004870	VIT_214s0081g00570.1	Aqcoe1G265500.1.p
OG0004871	VIT_210s0003g05380.2, VIT_210s0003g05380.1, VIT_210s0003g05370.1	Aqcoe1G169700.1.p
OG0004872	VIT_213s0019g02260.1, VIT_213s0019g02260.2	Aqcoe1G099900.1.p
OG0004873	VIT_219s0014g04940.1	Aqcoe1G369900.1.p
OG0004874	VIT_214s0068g01130.1, VIT_214s0068g01130.2	Aqcoe5G325100.2.p, Aqcoe5G325100.1.p, Aqcoe5G325100.3.p
OG0004875	VIT_214s0081g00460.2, VIT_214s0081g00460.1	Aqcoe5G367400.1.p, Aqcoe5G367400.2.p, Aqcoe5G367400.3.p
OG0004876	VIT_216s0050g00850.1, VIT_216s0050g01310.1, VIT_216s0050g01300.1	Aqcoe5G432600.1.p
OG0004877	VIT_209s0054g00620.2, VIT_209s0054g00620.1, VIT_209s0054g00620.3, VIT_214s0171g00320.2, VIT_214s0171g00320.3, VIT_214s0171g00320.1	Aqcoe5G371900.1.p
OG0004878	VIT_204s0044g01570.3, VIT_204s0044g01570.2, VIT_204s0044g01570.1	Aqcoe5G262900.1.p
OG0004879	VIT_217s0000g01460.3, VIT_217s0000g01460.4, VIT_217s0000g01460.1, VIT_217s0000g01460.2	Aqcoe5G359100.1.p, Aqcoe5G359100.2.p
OG0004880	VIT_218s0001g03820.1, VIT_218s0001g03820.2	Aqcoe5G281000.1.p
OG0004881	VIT_201s0010g02210.1	Aqcoe5G380100.1.p
OG0004882	VIT_205s0051g00930.4, VIT_205s0051g00930.6, VIT_205s0051g00930.8, VIT_205s0051g00930.2, VIT_205s0051g00930.3, VIT_205s0051g00930.1, VIT_205s0051g00930.7, VIT_205s0051g00930.5	Aqcoe5G351400.1.p
OG0004883	VIT_201s0010g02560.1, VIT_201s0010g02560.3, VIT_201s0010g02560.2	Aqcoe5G372100.1.p, Aqcoe5G372100.2.p, Aqcoe5G372100.3.p, Aqcoe5G372100.5.p, Aqcoe5G372100.4.p, Aqcoe5G372100.6.p, Aqcoe5G372100.7.p
OG0004884	VIT_214s0219g00170.3, VIT_214s0219g00170.1, VIT_214s0219g00170.2, VIT_217s0000g09990.1	Aqcoe5G381500.1.p
OG0004885	VIT_204s0023g02390.2, VIT_214s0036g00970.8, VIT_214s0036g00970.5, VIT_204s0023g02390.4, VIT_204s0023g02390.1, VIT_214s0036g00970.2, VIT_214s0036g00970.9, VIT_214s0036g00970.7, VIT_214s0036g00970.3, VIT_214s0036g00970.4, VIT_214s0036g00970.1	Aqcoe5G337200.1.p, Aqcoe5G315800.1.p
OG0004886	VIT_207s0031g03100.1	Aqcoe5G273300.3.p, Aqcoe5G273300.2.p, Aqcoe5G273300.1.p
OG0004887	VIT_216s0050g02520.1, VIT_216s0050g02520.2	Aqcoe5G450900.1.p, Aqcoe5G450900.3.p, Aqcoe5G450900.2.p, Aqcoe5G450900.4.p
OG0004888	VIT_207s0031g00920.2, VIT_207s0031g00920.1	Aqcoe5G316700.1.p
OG0004889	VIT_203s0038g01860.1, VIT_203s0038g01850.1, VIT_203s0038g01830.1, VIT_203s0038g01845.1	Aqcoe5G210800.1.p, Aqcoe5G210700.1.p
OG0004890	VIT_202s0025g02820.1	Aqcoe5G471200.1.p
OG0004891	VIT_207s0104g01350.1, VIT_205s0020g01820.1	Aqcoe5G072200.1.p
OG0004892	VIT_204s0008g03130.2, VIT_204s0008g03130.1, VIT_204s0008g03130.3, VIT_204s0008g03130.4	Aqcoe5G377500.1.p
OG0004893	VIT_207s0104g01160.2, VIT_207s0104g01160.3, VIT_207s0104g01160.1	Aqcoe5G075300.1.p, Aqcoe5G075300.2.p
OG0004894	VIT_219s0014g01330.1	Aqcoe5G440200.1.p
OG0004895	VIT_214s0171g00430.1	Aqcoe5G374100.2.p, Aqcoe5G374100.1.p
OG0004896	VIT_205s0020g03760.3, VIT_205s0020g03760.4, VIT_205s0020g03760.5, VIT_205s0020g03760.1, VIT_205s0020g03760.7, VIT_205s0020g03760.2, VIT_205s0020g03760.6	Aqcoe5G051500.1.p, Aqcoe5G051500.2.p
OG0004897	VIT_217s0000g00210.3, VIT_217s0000g00210.1, VIT_217s0000g00210.2, VIT_217s0000g00210.4	Aqcoe5G326900.1.p, Aqcoe5G326900.2.p
OG0004898	VIT_205s0094g00820.2, VIT_205s0094g00820.5, VIT_205s0094g00820.6, VIT_205s0094g00820.7, VIT_205s0094g00820.4, VIT_205s0094g00820.3, VIT_205s0094g00820.1	Aqcoe5G001500.1.p
OG0004899	VIT_207s0005g04480.1, VIT_207s0005g04480.4, VIT_207s0005g04480.3, VIT_207s0005g04480.2	Aqcoe5G011800.2.p, Aqcoe5G011800.1.p, Aqcoe5G011800.3.p
OG0004900	VIT_218s0041g01890.2, VIT_218s0041g01890.1, VIT_212s0035g01110.2, VIT_212s0035g01110.3, VIT_212s0035g01110.1	Aqcoe5G099700.1.p
OG0004901	VIT_215s0048g02660.1, VIT_202s0025g02710.1, VIT_202s0025g02710.2	Aqcoe5G470900.1.p
OG0004902	VIT_202s0025g00510.11, VIT_202s0025g00510.2, VIT_202s0025g00510.1, VIT_202s0025g00510.4, VIT_202s0025g00510.6, VIT_202s0025g00510.9, VIT_202s0025g00510.8, VIT_202s0025g00510.7, VIT_202s0025g00510.5, VIT_202s0025g00510.3	Aqcoe5G438000.1.p, Aqcoe5G438000.2.p
OG0004903	VIT_207s0031g00100.1	Aqcoe5G144000.1.p, Aqcoe5G144000.2.p
OG0004904	VIT_207s0005g04460.2, VIT_207s0005g04460.1	Aqcoe5G012500.1.p
OG0004905	VIT_218s0001g03660.1	Aqcoe3G094600.1.p, Aqcoe3G094600.2.p, Aqcoe5G097000.2.p, Aqcoe5G097000.1.p
OG0004906	VIT_201s0010g03660.1, VIT_201s0010g03660.2	Aqcoe5G356900.4.p, Aqcoe5G356900.3.p, Aqcoe5G356900.2.p, Aqcoe5G356900.1.p
OG0004907	VIT_214s0068g01970.1, VIT_201s0010g03680.1	Aqcoe5G355900.1.p
OG0004908	VIT_218s0166g00180.2, VIT_218s0166g00180.6, VIT_218s0166g00180.5, VIT_218s0166g00180.3, VIT_218s0166g00180.4, VIT_218s0166g00180.1, VIT_218s0166g00180.7, VIT_218s0166g00180.8	Aqcoe5G241900.1.p, Aqcoe5G241900.2.p
OG0004909	VIT_216s0098g01110.1, VIT_215s0048g02770.3, VIT_215s0048g02770.2, VIT_215s0048g02770.1	Aqcoe5G470800.1.p
OG0004910	VIT_201s0010g03900.1, VIT_201s0010g03900.3, VIT_201s0010g03900.2, VIT_201s0010g03900.4	Aqcoe5G352300.1.p
OG0004911	VIT_218s0001g07680.1, VIT_218s0001g07680.2, VIT_218s0001g07680.4, VIT_218s0001g07680.3	Aqcoe5G166500.1.p
OG0004912	VIT_205s0020g04790.1, VIT_207s0141g00710.1	Aqcoe5G108000.1.p
OG0004913	VIT_218s0001g08280.1, VIT_218s0001g08280.5, VIT_218s0001g08280.4, VIT_218s0001g08280.6, VIT_218s0001g08280.3, VIT_218s0001g08280.2	Aqcoe5G314300.2.p, Aqcoe5G314300.1.p
OG0004914	VIT_207s0104g01580.1	Aqcoe5G082700.1.p, Aqcoe5G082700.2.p
OG0004915	VIT_200s0341g00030.3, VIT_200s0341g00030.1, VIT_200s0341g00030.2, VIT_200s0341g00030.5, VIT_200s0341g00030.4	Aqcoe5G054000.2.p, Aqcoe5G054000.1.p
OG0004916	VIT_218s0001g05570.3, VIT_218s0001g05570.2, VIT_218s0001g05570.1	Aqcoe3G417100.1.p, Aqcoe5G220100.1.p
OG0004918	VIT_202s0012g01780.1, VIT_202s0012g01780.3, VIT_202s0012g01780.5, VIT_202s0012g01780.4, VIT_202s0012g01780.2	Aqcoe5G370900.1.p
OG0004919	VIT_214s0036g01100.1, VIT_209s0018g01810.1, VIT_200s0131g00330.1, VIT_216s0039g00850.1, VIT_202s0025g01680.1	Aqcoe5G463600.2.p, Aqcoe5G463600.1.p
OG0004920	VIT_200s0585g00020.1	Aqcoe5G478200.2.p, Aqcoe5G478200.1.p
OG0004921	VIT_205s0062g01320.1, VIT_205s0077g01250.1	Aqcoe5G105900.2.p, Aqcoe5G105900.1.p
OG0004922	VIT_201s0010g02580.1	Aqcoe3G189100.1.p, Aqcoe5G372300.3.p, Aqcoe5G372300.4.p, Aqcoe5G372300.1.p, Aqcoe5G372300.2.p, Aqcoe5G372300.5.p
OG0004923	VIT_218s0001g15400.3, VIT_218s0001g15400.4, VIT_218s0001g15400.2, VIT_218s0001g15400.1	Aqcoe3G438200.1.p, Aqcoe3G438200.2.p, Aqcoe5G163500.1.p
OG0004924	VIT_216s0098g01680.1, VIT_216s0098g01680.2, VIT_216s0098g01680.3, VIT_216s0098g01680.5, VIT_216s0098g01680.6, VIT_216s0098g01680.4	Aqcoe5G467400.3.p, Aqcoe5G467400.1.p, Aqcoe5G467400.2.p
OG0004925	VIT_214s0083g00750.1	Aqcoe5G363000.3.p, Aqcoe5G363000.1.p, Aqcoe5G363000.2.p, Aqcoe5G363000.4.p
OG0004926	VIT_201s0010g01410.2, VIT_201s0010g01410.3, VIT_201s0010g01410.1	Aqcoe3G437800.2.p, Aqcoe3G437800.3.p, Aqcoe3G437800.1.p, Aqcoe3G437800.4.p
OG0004927	VIT_204s0043g00640.1	Aqcoe3G015500.3.p, Aqcoe3G015500.4.p, Aqcoe3G015500.1.p, Aqcoe3G378500.1.p, Aqcoe3G015500.2.p
OG0004928	VIT_217s0000g04660.1	Aqcoe3G074800.2.p, Aqcoe3G074800.1.p, Aqcoe3G074800.3.p
OG0004929	VIT_216s0039g02710.1	Aqcoe3G242500.1.p
OG0004929	VIT_200s0204g00170.1, VIT_200s0204g00170.2	Aqcoe3G242400.1.p
OG0004930	VIT_217s0000g08140.2, VIT_217s0000g08140.3, VIT_214s0066g01400.1	Aqcoe3G117800.1.p, Aqcoe3G294100.2.p, Aqcoe3G294100.1.p, Aqcoe3G294100.3.p
OG0004931	VIT_214s0066g02350.1, VIT_201s0026g00980.1	Aqcoe3G311600.1.p
OG0004932	VIT_214s0108g00570.1, VIT_214s0108g00570.3, VIT_214s0108g00570.2	Aqcoe3G336600.3.p, Aqcoe3G336600.1.p, Aqcoe3G336600.2.p, Aqcoe3G079900.1.p
OG0004933	VIT_209s0002g03240.5, VIT_209s0002g03240.3, VIT_209s0002g03240.2, VIT_209s0002g03240.1, VIT_209s0002g03240.4, VIT_209s0002g03240.6	Aqcoe3G391700.2.p, Aqcoe3G391700.1.p
OG0004934	VIT_200s0174g00310.1	Aqcoe3G416800.1.p, Aqcoe3G416800.2.p, Aqcoe3G416900.1.p
OG0004935	VIT_217s0000g06040.1, VIT_201s0026g02330.1	Aqcoe3G080100.1.p, Aqcoe3G336300.1.p
OG0004936	VIT_201s0127g00330.1	Aqcoe3G283200.3.p, Aqcoe3G283200.2.p, Aqcoe3G283200.1.p
OG0004938	VIT_202s0236g00140.2, VIT_202s0236g00140.1, VIT_202s0236g00140.3	Aqcoe3G244900.1.p, Aqcoe3G244900.2.p
OG0004939	VIT_217s0000g08103.1, VIT_217s0000g08100.1	Aqcoe3G116300.1.p, Aqcoe3G116600.1.p
OG0004939	VIT_214s0066g01480.1, VIT_214s0066g01490.1	Aqcoe3G295500.1.p
OG0004940	VIT_216s0039g02620.1, VIT_215s0107g00320.2, VIT_215s0107g00320.1	Aqcoe3G153700.1.p, Aqcoe3G211400.1.p
OG0004941	VIT_204s0079g00480.1, VIT_217s0053g00780.3, VIT_217s0053g00780.1, VIT_217s0053g00780.4, VIT_217s0053g00780.2	Aqcoe3G009800.1.p, Aqcoe3G009800.3.p, Aqcoe3G009800.2.p
OG0004942	VIT_202s0033g00590.1	Aqcoe3G184800.3.p, Aqcoe3G184800.2.p, Aqcoe3G184800.4.p, Aqcoe3G184800.1.p
OG0004943	VIT_201s0011g05260.1	Aqcoe3G003900.1.p
OG0004943	VIT_214s0006g00640.1	Aqcoe3G418400.1.p
OG0004944	VIT_214s0006g01570.1	Aqcoe3G017100.1.p, Aqcoe3G017100.2.p
OG0004945	VIT_217s0000g02760.1, VIT_217s0000g02760.2, VIT_217s0000g02760.3	Aqcoe3G403400.1.p
OG0004946	VIT_201s0011g06330.2, VIT_201s0011g06330.1	Aqcoe3G407400.1.p
OG0004947	VIT_217s0053g00700.3, VIT_217s0053g00700.5, VIT_217s0053g00700.4, VIT_217s0053g00700.6, VIT_217s0053g00700.1, VIT_217s0053g00700.2, VIT_204s0079g00230.2, VIT_204s0079g00230.1	Aqcoe3G425200.1.p
OG0004948	VIT_201s0011g02860.1	Aqcoe3G394600.1.p
OG0004949	VIT_219s0014g01880.1, VIT_219s0014g01880.3, VIT_219s0014g01880.2, VIT_219s0014g01880.4, VIT_219s0014g01880.6, VIT_219s0014g01880.5, VIT_219s0014g01880.7	Aqcoe3G217000.1.p
OG0004950	VIT_214s0066g00960.1	Aqcoe3G126800.1.p
OG0004950	VIT_217s0000g08670.1	Aqcoe3G281500.1.p
OG0004951	VIT_217s0000g08410.2, VIT_217s0000g08410.1	Aqcoe3G291100.1.p, Aqcoe3G291100.2.p, Aqcoe3G291100.3.p
OG0004952	VIT_202s0087g00190.4, VIT_202s0087g00190.3, VIT_200s0169g00080.1, VIT_202s0087g00190.2, VIT_202s0087g00190.1	Aqcoe3G232000.3.p, Aqcoe3G232000.5.p, Aqcoe3G232000.4.p, Aqcoe3G232000.6.p, Aqcoe3G232000.2.p, Aqcoe3G232000.1.p
OG0004953	VIT_200s0299g00040.1	Aqcoe3G275100.1.p, Aqcoe3G275100.3.p, Aqcoe3G275100.2.p
OG0004954	VIT_201s0011g00030.1	Aqcoe3G376400.1.p, Aqcoe3G376400.2.p
OG0004955	VIT_201s0011g06280.4, VIT_201s0011g06280.2, VIT_201s0011g06280.3, VIT_201s0011g06280.1	Aqcoe3G420100.2.p, Aqcoe3G420100.1.p, Aqcoe3G420100.5.p, Aqcoe3G420100.3.p, Aqcoe3G420100.4.p
OG0004956	VIT_201s0011g05710.1	Aqcoe3G009600.1.p
OG0004957	VIT_217s0000g05310.1	Aqcoe3G314900.3.p, Aqcoe3G314900.2.p, Aqcoe3G314900.1.p
OG0004958	VIT_216s0039g01450.2, VIT_216s0039g01450.1, VIT_216s0039g01450.5, VIT_216s0039g01450.4, VIT_216s0039g01450.3	Aqcoe3G214400.1.p
OG0004959	VIT_201s0026g01425.1, VIT_214s0066g02480.1	Aqcoe3G321500.1.p
OG0004960	VIT_210s0042g01140.4, VIT_210s0042g01140.3, VIT_210s0042g01140.5, VIT_210s0042g01140.6, VIT_210s0042g01140.2, VIT_210s0042g01140.1	Aqcoe3G436300.2.p, Aqcoe3G436300.1.p
OG0004961	VIT_214s0030g00750.1	Aqcoe3G364900.1.p
OG0004962	VIT_217s0119g00070.1, VIT_215s0024g00690.1	Aqcoe3G420000.1.p
OG0004963	VIT_201s0011g03740.1, VIT_215s0021g01230.3, VIT_215s0021g01230.1, VIT_215s0021g01230.2	Aqcoe3G034500.2.p, Aqcoe3G034500.1.p
OG0004964	VIT_202s0012g00020.3, VIT_202s0012g00020.2, VIT_202s0012g00020.1	Aqcoe3G257800.1.p
OG0004965	VIT_217s0000g05320.2, VIT_217s0000g05320.5, VIT_217s0000g05320.4, VIT_217s0000g05320.1, VIT_217s0000g05320.3, VIT_217s0000g05320.6	Aqcoe3G315000.1.p
OG0004966	VIT_214s0006g01020.2, VIT_214s0006g01020.1, VIT_214s0006g01020.3, VIT_214s0006g01020.4	Aqcoe3G005600.2.p, Aqcoe3G005600.1.p
OG0004967	VIT_217s0000g05760.3, VIT_217s0000g05760.4, VIT_217s0000g05760.2, VIT_217s0000g05760.1	Aqcoe3G090000.1.p
OG0004968	VIT_217s0000g04440.2, VIT_217s0000g04440.3, VIT_217s0000g04440.1, VIT_217s0000g04410.1	Aqcoe3G051400.2.p, Aqcoe3G051400.3.p, Aqcoe3G051400.1.p
OG0004969	VIT_202s0025g03510.5, VIT_202s0025g03510.2, VIT_202s0025g03510.4, VIT_202s0025g03510.1, VIT_202s0025g03510.3	Aqcoe3G004600.1.p
OG0004970	VIT_210s0071g00210.1	Aqcoe3G440100.1.p
OG0004971	VIT_205s0020g04700.7, VIT_205s0020g04700.2, VIT_205s0020g04700.8, VIT_205s0020g04700.3, VIT_205s0020g04700.4, VIT_205s0020g04700.5, VIT_205s0020g04700.9, VIT_205s0020g04700.1, VIT_205s0020g04700.11, VIT_205s0020g04700.10, VIT_205s0020g04700.6	Aqcoe3G428700.2.p, Aqcoe3G428700.1.p
OG0004972	VIT_201s0127g00390.1	Aqcoe3G286100.1.p
OG0004973	VIT_214s0066g02180.1, VIT_217s0000g05400.1, VIT_217s0000g05400.2	Aqcoe3G100100.1.p
OG0004974	VIT_201s0011g02820.2, VIT_201s0011g02820.5, VIT_201s0011g02820.6, VIT_201s0011g02820.3, VIT_201s0011g02820.4, VIT_201s0011g02820.1	Aqcoe3G047400.1.p
OG0004975	VIT_202s0012g00560.1, VIT_202s0012g00560.2	Aqcoe3G241900.1.p
OG0004976	VIT_217s0000g08910.1, VIT_217s0000g08910.2	Aqcoe3G128100.1.p, Aqcoe3G128100.2.p
OG0004977	VIT_214s0108g01480.1, VIT_214s0108g01480.5, VIT_214s0108g01480.7, VIT_214s0108g01480.4, VIT_214s0108g01480.2, VIT_214s0108g01480.6, VIT_214s0108g01480.3	Aqcoe3G056600.1.p
OG0005014	VIT_210s0003g03690.1	Aqcoe2G090700.1.p
OG0005015	VIT_208s0040g00470.1	Aqcoe2G004700.1.p
OG0005015	VIT_214s0030g02150.1	Aqcoe2G354600.1.p
OG0005015	VIT_205s0020g04420.1	Aqcoe5G046100.1.p
OG0005016	VIT_205s0102g00145.1, VIT_205s0102g00145.2	Aqcoe2G431200.1.p, Aqcoe2G431200.2.p
OG0005017	VIT_214s0030g00830.6, VIT_214s0030g00830.3, VIT_214s0030g00830.5, VIT_214s0030g00830.4, VIT_214s0030g00830.2, VIT_214s0030g00830.1, VIT_214s0036g01320.1	Aqcoe2G315500.1.p, Aqcoe5G074000.2.p, Aqcoe5G074000.1.p
OG0005018	VIT_208s0007g03700.1, VIT_208s0007g03700.5, VIT_208s0007g03700.2, VIT_208s0007g03700.3, VIT_208s0007g03700.4	Aqcoe2G136300.3.p, Aqcoe2G136300.5.p, Aqcoe2G136300.6.p, Aqcoe2G136300.2.p, Aqcoe2G136300.4.p, Aqcoe2G136300.1.p
OG0005019	VIT_214s0030g01440.2, VIT_214s0030g01440.1, VIT_214s0030g01440.3, VIT_214s0030g01440.4	Aqcoe5G053200.1.p, Aqcoe2G347100.2.p, Aqcoe2G347100.1.p, Aqcoe2G347100.3.p
OG0005020	VIT_213s0067g02060.2, VIT_213s0067g02060.4, VIT_213s0067g02060.3, VIT_213s0067g02060.1	Aqcoe2G081600.1.p, Aqcoe2G081600.2.p
OG0005021	VIT_212s0134g00170.1	Aqcoe2G233700.1.p, Aqcoe2G233600.1.p
OG0005022	VIT_202s0012g00720.1	Aqcoe7G069500.1.p, Aqcoe1G502500.1.p, Aqcoe1G483500.1.p, Aqcoe3G395000.1.p, Aqcoe5G068000.1.p, Aqcoe5G100200.1.p
OG0005022	VIT_202s0012g00780.1, VIT_202s0012g00820.1, VIT_202s0012g00800.1, VIT_202s0012g00700.1, VIT_202s0012g00680.1, VIT_202s0012g00810.1	Aqcoe1G060900.1.p
OG0005022	VIT_202s0012g00670.1	Aqcoe2G348000.1.p
OG0005023	VIT_206s0009g00250.1, VIT_206s0009g00250.3, VIT_206s0009g00250.2, VIT_206s0009g00250.4	Aqcoe2G068400.1.p
OG0005024	VIT_201s0011g06630.2, VIT_201s0011g06630.5, VIT_201s0011g06630.1	Aqcoe2G204700.1.p, Aqcoe2G433300.3.p, Aqcoe2G433300.2.p, Aqcoe2G433300.1.p
OG0005025	VIT_205s0094g01080.3, VIT_205s0094g01080.2, VIT_205s0094g01080.1	Aqcoe2G437700.1.p
OG0005026	VIT_213s0156g00180.1	Aqcoe2G008200.1.p
OG0005027	VIT_213s0019g00310.1, VIT_206s0004g04100.1	Aqcoe1G473100.1.p, Aqcoe2G177300.3.p, Aqcoe2G177300.1.p
OG0005029	VIT_218s0089g00010.1	Aqcoe2G424200.1.p, Aqcoe2G424300.1.p, Aqcoe2G424500.1.p, Aqcoe2G424100.1.p
OG0005030	VIT_204s0023g00280.3, VIT_204s0023g00280.2, VIT_204s0023g00280.1, VIT_204s0023g00280.4	Aqcoe2G408300.1.p, Aqcoe2G408300.2.p
OG0005031	VIT_205s0124g00140.1	Aqcoe2G423900.3.p, Aqcoe2G423900.1.p, Aqcoe2G423900.2.p
OG0005032	VIT_206s0080g00720.1, VIT_206s0080g00700.1	Aqcoe2G120800.1.p, Aqcoe2G120400.1.p, Aqcoe1G440000.1.p
OG0005032	VIT_206s0080g00710.1, VIT_212s0028g01310.1, VIT_206s0080g00730.1	Aqcoe2G120300.1.p
OG0005034	VIT_206s0004g07070.1	Aqcoe2G086800.2.p, Aqcoe2G086800.3.p, Aqcoe2G086800.4.p, Aqcoe2G086800.1.p
OG0005035	VIT_206s0004g02410.3, VIT_206s0004g02410.1, VIT_206s0004g02410.2, VIT_206s0004g02410.4	Aqcoe2G024700.2.p, Aqcoe2G024700.1.p
OG0005036	VIT_208s0007g05740.1	Aqcoe2G033300.2.p, Aqcoe2G033300.1.p, Aqcoe2G033300.3.p, Aqcoe2G033300.4.p
OG0005037	VIT_213s0064g00560.2, VIT_213s0064g00560.3, VIT_213s0064g00560.5, VIT_213s0064g00560.1, VIT_213s0064g00560.4	Aqcoe2G017200.1.p
OG0005038	VIT_205s0062g01430.2, VIT_205s0062g01430.1, VIT_205s0062g01430.3	Aqcoe2G403400.1.p, Aqcoe1G099400.1.p
OG0005039	VIT_208s0007g02250.6, VIT_208s0007g02250.2, VIT_208s0007g02250.1, VIT_208s0007g02250.5, VIT_208s0007g02250.3, VIT_208s0007g02250.4	Aqcoe2G095900.1.p
OG0005040	VIT_206s0004g08410.1	Aqcoe2G071700.1.p, Aqcoe2G071000.1.p
OG0005041	VIT_207s0005g04280.1	Aqcoe2G384000.3.p, Aqcoe2G384000.1.p, Aqcoe2G384000.2.p
OG0005042	VIT_206s0004g01630.1	Aqcoe2G012000.1.p, Aqcoe2G012000.2.p, Aqcoe2G012000.3.p
OG0005043	VIT_208s0007g07500.4, VIT_208s0007g07500.2, VIT_208s0007g07500.1, VIT_208s0007g07500.3	Aqcoe2G021700.1.p, Aqcoe1G061200.1.p
OG0005044	VIT_218s0075g01050.1, VIT_205s0020g04640.4, VIT_205s0020g04640.2, VIT_205s0020g04640.1, VIT_205s0020g04640.5, VIT_205s0020g04640.3	Aqcoe2G359500.1.p, Aqcoe2G359500.2.p, Aqcoe2G364800.1.p, Aqcoe2G364800.2.p
OG0005045	VIT_208s0007g03880.4, VIT_208s0007g03880.3, VIT_208s0007g03880.2, VIT_208s0007g03880.1, VIT_219s0138g00035.1	Aqcoe2G126100.1.p
OG0005046	VIT_213s0019g02110.1	Aqcoe2G231000.1.p
OG0005046	VIT_208s0007g00870.1, VIT_208s0007g00870.2	Aqcoe1G101700.1.p
OG0005047	VIT_214s0060g01190.1	Aqcoe2G275100.1.p
OG0005048	VIT_205s0102g00130.1	Aqcoe2G431300.1.p
OG0005049	VIT_207s0151g00550.5, VIT_207s0151g00550.7, VIT_207s0151g00550.3, VIT_207s0151g00550.4, VIT_207s0151g00550.1, VIT_207s0151g00550.6, VIT_207s0151g00550.2	Aqcoe2G350000.1.p
OG0005050	VIT_205s0102g00750.1, VIT_205s0102g00750.2	Aqcoe2G434900.1.p
OG0005051	VIT_206s0004g03790.1	Aqcoe2G090100.1.p
OG0005052	VIT_215s0048g02690.1	Aqcoe2G039100.1.p
OG0005053	VIT_205s0077g01470.1, VIT_207s0005g01020.1	Aqcoe2G282500.1.p
OG0005054	VIT_218s0072g00810.1	Aqcoe5G246500.2.p, Aqcoe5G246500.1.p
OG0005055	VIT_205s0020g01250.1, VIT_205s0020g01250.2, VIT_205s0020g01250.3, VIT_205s0020g01250.4	Aqcoe2G296800.1.p
OG0005056	VIT_208s0007g05160.1, VIT_206s0009g03140.1, VIT_206s0009g03050.1, VIT_206s0009g03110.1, VIT_206s0009g02970.1, VIT_206s0009g02840.1, VIT_206s0009g02860.1, VIT_206s0009g02920.1, VIT_206s0009g02805.1, VIT_206s0009g02880.1, VIT_206s0009g03010.1, VIT_206s0009g02810.1, VIT_206s0009g03016.1, VIT_206s0009g02873.1	Aqcoe2G046600.1.p, Aqcoe3G242800.1.p, Aqcoe1G444200.1.p
OG0005057	VIT_215s0024g00900.1	Aqcoe2G200900.1.p, Aqcoe2G194600.1.p, Aqcoe3G240200.1.p, Aqcoe6G264400.1.p, Aqcoe2G189300.1.p
OG0005058	VIT_201s0010g01180.2, VIT_201s0010g01180.1	Aqcoe2G223200.1.p
OG0005059	VIT_202s0025g04680.1	Aqcoe7G053900.2.p, Aqcoe7G053900.1.p
OG0005060	VIT_213s0067g00640.1	Aqcoe1G424200.1.p, Aqcoe1G424200.2.p
OG0005060	VIT_208s0007g02200.5, VIT_208s0007g02200.2, VIT_208s0007g02200.3, VIT_208s0007g02200.1, VIT_208s0007g02200.4, VIT_208s0007g02200.6	Aqcoe2G097300.2.p, Aqcoe2G097300.3.p, Aqcoe2G097300.1.p
OG0005061	VIT_208s0056g00110.4, VIT_208s0056g00110.5, VIT_208s0056g00110.1, VIT_208s0056g00110.2, VIT_208s0056g00110.3	Aqcoe2G066500.1.p
OG0005062	VIT_208s0040g01760.2, VIT_208s0040g01760.1	Aqcoe2G165700.1.p, Aqcoe2G165700.3.p, Aqcoe2G165700.2.p
OG0005064	VIT_200s0360g00010.1, VIT_200s0360g00010.2, VIT_200s0360g00010.3, VIT_200s2037g00010.1	Aqcoe2G404700.1.p, Aqcoe2G404500.1.p
OG0005065	VIT_202s0025g03150.1	Aqcoe1G110400.1.p
OG0005065	VIT_214s0060g00160.1	Aqcoe2G238200.1.p
OG0005066	VIT_205s0102g01180.1, VIT_205s0102g01180.5, VIT_205s0102g01180.2	Aqcoe2G433700.1.p
OG0005067	VIT_205s0029g01350.1	Aqcoe2G402500.1.p
OG0005068	VIT_206s0009g03150.1	Aqcoe2G043400.1.p
OG0005069	VIT_218s0001g10490.2, VIT_218s0001g10490.1, VIT_203s0038g00650.1	Aqcoe1G063400.2.p, Aqcoe1G063400.1.p, Aqcoe2G062200.1.p
OG0005070	VIT_206s0004g02460.1	Aqcoe4G028900.3.p, Aqcoe4G028900.4.p, Aqcoe4G028900.1.p, Aqcoe4G028900.2.p, Aqcoe2G165200.1.p
OG0005071	VIT_200s0207g00010.1	Aqcoe2G431400.2.p, Aqcoe2G431400.1.p
OG0005072	VIT_208s0007g03100.1, VIT_208s0007g03110.1	Aqcoe2G120900.1.p, Aqcoe2G120900.3.p, Aqcoe2G120900.2.p
OG0005073	VIT_208s0040g03390.1	Aqcoe2G180700.1.p
OG0005074	VIT_205s0094g00890.1, VIT_205s0094g00890.3, VIT_205s0094g00890.2	Aqcoe2G436800.1.p, Aqcoe2G436800.2.p
OG0005075	VIT_213s0019g01060.1	Aqcoe1G159800.1.p, Aqcoe2G152000.1.p, Aqcoe2G152000.2.p
OG0005076	VIT_213s0064g01020.2, VIT_213s0064g01020.1	Aqcoe2G013800.1.p
OG0005077	VIT_208s0007g02850.1, VIT_206s0080g00910.1	Aqcoe2G116500.1.p
OG0005078	VIT_207s0005g03740.1, VIT_207s0005g03740.2	Aqcoe2G378500.2.p, Aqcoe2G378500.1.p
OG0005079	VIT_212s0055g00110.1	Aqcoe5G195400.1.p
OG0005080	VIT_207s0005g00600.8, VIT_207s0005g00600.11, VIT_207s0005g00600.9, VIT_207s0005g00600.4, VIT_207s0005g00600.2, VIT_207s0005g00600.5, VIT_207s0005g00600.1, VIT_207s0005g00600.7, VIT_207s0005g00600.6, VIT_207s0005g00600.10, VIT_207s0005g00600.3	Aqcoe2G291900.1.p
OG0005081	VIT_217s0000g04000.2, VIT_217s0000g04000.1, VIT_217s0000g04000.4, VIT_217s0000g04000.3	Aqcoe2G410400.1.p
OG0005081	VIT_217s0000g04010.1	Aqcoe5G452100.2.p, Aqcoe5G452100.1.p
OG0005082	VIT_208s0058g00810.1	Aqcoe2G080700.1.p, Aqcoe2G080700.2.p, Aqcoe2G080700.3.p
OG0005083	VIT_218s0001g12930.1	Aqcoe5G191500.1.p, Aqcoe6G126400.1.p, Aqcoe4G009300.1.p
OG0005083	VIT_204s0023g02338.1, VIT_204s0023g02332.1, VIT_204s0023g02332.2	Aqcoe6G126700.1.p, Aqcoe6G126600.1.p, Aqcoe6G126500.1.p
OG0005084	VIT_216s0039g00610.2, VIT_216s0039g00610.1	Aqcoe6G221400.1.p, Aqcoe6G221400.2.p, Aqcoe6G221400.3.p
OG0005085	VIT_200s1338g00010.1, VIT_200s0551g00040.1, VIT_209s0002g06690.2, VIT_209s0002g06690.1	Aqcoe6G240900.1.p, Aqcoe6G205600.1.p
OG0005086	VIT_200s0322g00030.1	Aqcoe6G273400.1.p
OG0005087	VIT_203s0038g01410.1, VIT_203s0038g01410.2, VIT_203s0038g01390.1	Aqcoe6G186700.1.p, Aqcoe6G186800.1.p, Aqcoe6G186800.2.p, Aqcoe6G202100.1.p, Aqcoe5G121700.1.p
OG0005088	VIT_218s0001g12970.3, VIT_218s0001g12970.4, VIT_218s0001g12970.2, VIT_218s0001g12970.1, VIT_204s0023g02410.1, VIT_204s0023g02410.2	Aqcoe6G127300.6.p, Aqcoe6G127300.5.p, Aqcoe6G127300.7.p, Aqcoe6G127300.8.p, Aqcoe6G127300.1.p, Aqcoe6G127300.2.p, Aqcoe6G127300.4.p, Aqcoe6G127300.10.p, Aqcoe6G127300.9.p, Aqcoe6G127300.3.p
OG0005089	VIT_200s0438g00010.1	Aqcoe6G265600.1.p
OG0005090	VIT_218s0001g02630.2, VIT_218s0001g02630.5, VIT_218s0001g02630.1, VIT_218s0001g02630.3, VIT_218s0001g02630.4	Aqcoe6G024100.1.p
OG0005091	VIT_207s0031g01630.1, VIT_207s0031g01630.2, VIT_207s0031g01630.3	Aqcoe6G050200.1.p, Aqcoe6G050200.2.p
OG0005092	VIT_218s0001g11940.2, VIT_218s0001g11940.1	Aqcoe6G109100.1.p
OG0005093	VIT_207s0031g00740.3, VIT_207s0031g00740.4, VIT_207s0031g00740.2, VIT_207s0031g00740.1	Aqcoe6G142300.5.p, Aqcoe6G142300.1.p, Aqcoe6G142300.3.p, Aqcoe6G142300.2.p, Aqcoe6G142300.4.p
OG0005094	VIT_218s0001g02470.2, VIT_218s0001g02470.1	Aqcoe6G024900.2.p, Aqcoe6G024900.1.p
OG0005095	VIT_212s0028g02640.2, VIT_212s0028g02640.4	Aqcoe1G245700.3.p
OG0005095	VIT_212s0028g02640.1, VIT_212s0028g02640.3	Aqcoe1G245700.2.p, Aqcoe6G169900.3.p, Aqcoe6G169900.2.p, Aqcoe6G169900.1.p, Aqcoe1G245700.1.p
OG0005096	VIT_203s0063g00110.1, VIT_207s0031g00260.1	Aqcoe6G135600.5.p, Aqcoe6G135600.4.p, Aqcoe6G135600.3.p, Aqcoe6G135600.1.p, Aqcoe6G135600.2.p
OG0005097	VIT_207s0031g01700.2, VIT_207s0031g01700.5, VIT_207s0031g01700.1, VIT_207s0031g01700.4, VIT_207s0031g01700.6, VIT_207s0031g01700.3, VIT_218s0001g02170.1	Aqcoe6G048500.1.p
OG0005098	VIT_200s1326g00010.1, VIT_218s0001g07800.1, VIT_200s0218g00050.2, VIT_200s0218g00050.1, VIT_200s0218g00050.3	Aqcoe6G157600.2.p, Aqcoe6G157600.1.p
OG0005099	VIT_210s0003g02250.2, VIT_210s0003g02250.1	Aqcoe1G208100.1.p, Aqcoe6G163900.1.p, Aqcoe6G163900.2.p
OG0005100	VIT_203s0038g00550.1, VIT_203s0038g00500.1, VIT_204s0023g02900.1	Aqcoe6G254700.1.p, Aqcoe5G179900.1.p, Aqcoe5G179800.1.p
OG0005101	VIT_204s0023g02870.1	Aqcoe6G255800.3.p, Aqcoe6G255800.2.p, Aqcoe6G255800.1.p
OG0005102	VIT_218s0001g00960.1, VIT_218s0001g00960.6, VIT_218s0001g00960.5, VIT_218s0001g00960.4, VIT_218s0001g00960.2, VIT_218s0001g00960.3	Aqcoe6G235500.3.p, Aqcoe6G235500.4.p, Aqcoe6G235500.6.p, Aqcoe6G235500.2.p, Aqcoe6G235500.5.p, Aqcoe6G235500.1.p
OG0005103	VIT_207s0031g03190.1, VIT_207s0031g03190.4, VIT_207s0031g03190.2, VIT_207s0031g03190.3	Aqcoe6G007200.2.p, Aqcoe6G007200.1.p
OG0005104	VIT_218s0001g01860.1	Aqcoe6G033300.1.p
OG0005105	VIT_218s0001g09420.1, VIT_203s0091g00450.1	Aqcoe4G225500.1.p, Aqcoe6G295100.1.p, Aqcoe6G295300.1.p, Aqcoe6G295500.1.p
OG0005106	VIT_200s1328g00020.1, VIT_203s0088g00290.1	Aqcoe6G268200.1.p
OG0005107	VIT_218s0122g01410.1	Aqcoe6G186900.1.p, Aqcoe6G186900.2.p
OG0005108	VIT_204s0023g01120.1	Aqcoe6G108500.1.p
OG0005108	VIT_218s0001g11860.1	Aqcoe5G200400.1.p
OG0005109	VIT_210s0042g00540.1	Aqcoe6G092900.2.p, Aqcoe6G092900.1.p, Aqcoe6G092900.3.p
OG0005110	VIT_212s0035g01210.1, VIT_218s0001g05810.1	Aqcoe6G012100.1.p
OG0005111	VIT_204s0023g01840.1	Aqcoe6G121000.2.p, Aqcoe6G121000.1.p
OG0005112	VIT_201s0011g00230.3, VIT_201s0011g00230.5, VIT_201s0011g00230.4, VIT_201s0011g00230.1, VIT_201s0011g00230.6, VIT_201s0011g00230.2	Aqcoe6G325400.1.p
OG0005113	VIT_204s0023g02350.1, VIT_218s0001g12870.5, VIT_218s0001g12870.6, VIT_218s0001g12870.4, VIT_218s0001g12870.2, VIT_218s0001g12870.3, VIT_218s0001g12870.1	Aqcoe6G125500.1.p
OG0005114	VIT_203s0038g02200.1	Aqcoe6G213100.3.p, Aqcoe6G213100.5.p, Aqcoe6G213100.6.p, Aqcoe6G213100.1.p, Aqcoe6G213100.2.p, Aqcoe6G213100.4.p
OG0005115	VIT_201s0137g00300.1, VIT_201s0137g00300.2	Aqcoe6G327400.3.p, Aqcoe6G327400.1.p, Aqcoe6G327400.2.p, Aqcoe6G327400.4.p, Aqcoe0705s0001.1.p, Aqcoe3G135700.1.p
OG0005116	VIT_218s0001g07890.1, VIT_218s0001g07890.4, VIT_218s0001g07890.5, VIT_218s0001g07890.3, VIT_218s0001g07890.2, VIT_218s0001g07860.1	Aqcoe6G069900.1.p, Aqcoe6G069900.2.p
OG0005117	VIT_203s0038g01360.1, VIT_203s0038g01360.3, VIT_203s0038g01360.2, VIT_218s0001g14070.5, VIT_218s0001g14070.1, VIT_218s0001g14070.2, VIT_218s0001g14070.3, VIT_218s0001g14070.4	Aqcoe5G074100.2.p, Aqcoe5G074100.1.p, Aqcoe5G074100.3.p
OG0005117	VIT_204s0023g03770.1	Aqcoe6G223900.2.p, Aqcoe6G223900.3.p, Aqcoe6G223900.1.p
OG0005118	VIT_203s0038g02360.1	Aqcoe6G221900.1.p
OG0005119	VIT_218s0076g00260.1	Aqcoe6G015600.2.p, Aqcoe6G015600.1.p
OG0005120	VIT_214s0081g00240.1, VIT_214s0081g00240.2	Aqcoe6G296500.1.p
OG0005121	VIT_218s0072g01020.3, VIT_217s0000g00050.1, VIT_218s0072g01020.1, VIT_218s0072g01020.2	Aqcoe5G304200.1.p
OG0005122	VIT_209s0002g06390.2, VIT_209s0002g06390.3, VIT_209s0002g06390.4, VIT_209s0002g06390.5, VIT_209s0002g06390.1	Aqcoe6G168500.1.p, Aqcoe6G168500.2.p, Aqcoe7G273200.3.p, Aqcoe6G168500.4.p, Aqcoe6G168500.3.p, Aqcoe7G273200.1.p, Aqcoe7G273200.2.p
OG0005123	VIT_207s0031g02520.3, VIT_207s0031g02520.2, VIT_207s0031g02520.1	Aqcoe5G264000.6.p, Aqcoe5G264000.5.p, Aqcoe5G264000.2.p, Aqcoe5G264000.1.p, Aqcoe5G264000.4.p, Aqcoe5G264000.3.p, Aqcoe1G305800.1.p, Aqcoe6G029100.1.p
OG0005124	VIT_212s0035g02150.6, VIT_212s0035g02150.4, VIT_212s0035g02150.5, VIT_212s0035g02150.7, VIT_212s0035g02150.2, VIT_212s0035g02150.1, VIT_212s0035g02150.3	Aqcoe6G001000.1.p, Aqcoe6G001000.2.p
OG0005125	VIT_218s0001g05110.1	Aqcoe6G062000.1.p
OG0005126	VIT_212s0035g01790.1, VIT_212s0035g01790.2	Aqcoe6G004900.1.p
OG0005127	VIT_212s0121g00280.1, VIT_212s0178g00150.1, VIT_212s0178g00130.1, VIT_212s0178g00050.5, VIT_212s0178g00050.3, VIT_212s0178g00050.1, VIT_212s0178g00050.2, VIT_212s0178g00050.4	Aqcoe6G063600.2.p, Aqcoe6G063600.1.p
OG0005128	VIT_205s0094g01630.3, VIT_205s0094g01630.6, VIT_205s0094g01630.7, VIT_205s0094g01630.4, VIT_205s0094g01630.5, VIT_205s0094g01630.2, VIT_205s0094g01630.1	Aqcoe5G176700.1.p, Aqcoe5G176700.2.p, Aqcoe6G244300.1.p
OG0005129	VIT_202s0087g00590.2, VIT_202s0087g00590.1, VIT_202s0087g00590.5, VIT_202s0087g00590.4, VIT_202s0087g00590.3, VIT_212s0059g01230.3, VIT_212s0059g01230.2, VIT_212s0059g01230.1, VIT_212s0059g01230.4	Aqcoe7G117500.2.p, Aqcoe7G117500.1.p, Aqcoe6G062900.1.p, Aqcoe7G117300.1.p, Aqcoe7G117300.2.p
OG0005130	VIT_200s0265g00140.1, VIT_213s0067g01510.1	Aqcoe3G188000.2.p, Aqcoe3G188000.3.p, Aqcoe3G188000.1.p, Aqcoe6G030500.1.p
OG0005131	VIT_204s0023g02620.1, VIT_218s0001g13180.1	Aqcoe6G129900.1.p
OG0005132	VIT_200s0207g00220.1	Aqcoe6G104300.1.p
OG0005132	VIT_203s0063g01870.1	Aqcoe5G204000.1.p
OG0005133	VIT_218s0001g12000.1, VIT_204s0023g01210.1	Aqcoe5G206400.1.p, Aqcoe5G206700.1.p, Aqcoe5G199000.1.p, Aqcoe5G199100.1.p, Aqcoe6G086100.1.p, Aqcoe5G199300.1.p, Aqcoe5G206600.1.p, Aqcoe6G110800.1.p
OG0005134	VIT_203s0038g00270.1	Aqcoe6G156500.1.p
OG0005135	VIT_200s0199g00190.2, VIT_200s0199g00190.1	Aqcoe5G162500.1.p, Aqcoe6G156100.1.p
OG0005136	VIT_200s0669g00010.1, VIT_200s0642g00010.1, VIT_200s0669g00010.2, VIT_200s0669g00010.4, VIT_200s0669g00010.3	Aqcoe6G001200.2.p, Aqcoe6G001200.1.p
OG0005137	VIT_203s0017g00410.1, VIT_203s0017g00420.1, VIT_203s0017g00460.1, VIT_203s0017g00460.2	Aqcoe6G093900.1.p
OG0005138	VIT_218s0001g04680.2, VIT_218s0001g04680.3, VIT_218s0001g04680.4, VIT_218s0001g04680.1, VIT_213s0047g00784.1	Aqcoe6G056500.4.p, Aqcoe6G056500.5.p, Aqcoe6G056500.6.p, Aqcoe6G056500.2.p, Aqcoe6G056500.1.p, Aqcoe6G056500.3.p
OG0005139	VIT_211s0052g01660.1	Aqcoe0680s0001.2.p, Aqcoe0680s0001.1.p, Aqcoe7G329300.1.p
OG0005140	VIT_219s0014g01930.2, VIT_219s0014g01930.1, VIT_219s0014g01930.3, VIT_219s0014g01930.4	Aqcoe4G073100.1.p, Aqcoe4G073100.2.p
OG0005141	VIT_204s0008g06570.3, VIT_204s0008g06570.4, VIT_204s0008g06570.1, VIT_204s0008g06570.5, VIT_204s0008g06570.2	Aqcoe4G046200.1.p
OG0005143	VIT_205s0029g01210.2, VIT_205s0029g01210.1	Aqcoe4G290000.1.p, Aqcoe4G291700.1.p, Aqcoe4G291700.2.p, Aqcoe4G291700.3.p
OG0005144	VIT_219s0090g00870.1	Aqcoe4G210600.2.p, Aqcoe4G210600.3.p, Aqcoe4G202100.1.p, Aqcoe4G210600.5.p, Aqcoe4G210600.1.p, Aqcoe4G210600.4.p
OG0005145	VIT_219s0027g00380.1	Aqcoe4G053200.1.p, Aqcoe4G053200.2.p, Aqcoe4G053900.1.p, Aqcoe4G054400.1.p, Aqcoe4G053300.2.p, Aqcoe4G053300.4.p, Aqcoe4G053300.1.p, Aqcoe4G053300.3.p
OG0005146	VIT_200s0956g00020.1	Aqcoe4G310600.1.p
OG0005147	VIT_219s0090g00310.1	Aqcoe4G197700.1.p
OG0005148	VIT_211s0118g00510.1, VIT_211s0118g00510.4, VIT_211s0118g00510.2, VIT_211s0118g00510.3	Aqcoe7G375300.3.p, Aqcoe7G375300.2.p, Aqcoe7G375300.1.p, Aqcoe4G168600.1.p, Aqcoe3G270200.1.p
OG0005149	VIT_210s0071g00670.2, VIT_210s0071g00670.4, VIT_210s0071g00670.3, VIT_210s0071g00670.1	Aqcoe4G200500.1.p
OG0005150	VIT_217s0000g00730.1, VIT_217s0000g00730.2	Aqcoe5G344000.1.p, Aqcoe5G344300.3.p, Aqcoe5G344300.1.p, Aqcoe5G344300.2.p, Aqcoe4G116000.1.p
OG0005151	VIT_219s0014g01830.1, VIT_219s0014g01770.1, VIT_219s0014g01770.2, VIT_219s0014g01760.1	Aqcoe4G066800.1.p, Aqcoe4G223500.1.p, Aqcoe4G067400.1.p, Aqcoe4G066900.1.p, Aqcoe4G067100.1.p
OG0005152	VIT_211s0016g00350.1	Aqcoe4G001300.1.p, Aqcoe7G441500.1.p, Aqcoe1G232300.2.p, Aqcoe1G232300.1.p, Aqcoe1G232300.3.p, Aqcoe1G232300.4.p
OG0005153	VIT_219s0014g03700.2, VIT_219s0014g03700.3, VIT_219s0014g03700.1	Aqcoe4G259900.1.p
OG0005154	VIT_200s0194g00310.1, VIT_200s0194g00270.1	Aqcoe4G311900.1.p
OG0005155	VIT_219s0014g03930.3, VIT_219s0014g03930.4, VIT_219s0014g03930.2, VIT_219s0014g03930.1	Aqcoe1G319300.4.p, Aqcoe1G319300.1.p, Aqcoe1G319300.2.p, Aqcoe1G319300.3.p, Aqcoe4G265700.2.p, Aqcoe4G265700.1.p
OG0005156	VIT_215s0048g02150.4, VIT_215s0048g02150.2, VIT_215s0048g02150.1, VIT_215s0048g02150.3	Aqcoe5G250300.1.p, Aqcoe5G250200.1.p, Aqcoe4G082000.1.p
OG0005157	VIT_204s0008g03730.2, VIT_204s0008g03730.1, VIT_204s0008g03730.3	Aqcoe4G111900.1.p, Aqcoe7G403000.2.p, Aqcoe7G403000.1.p
OG0005158	VIT_219s0090g00380.3, VIT_219s0090g00380.1, VIT_219s0090g00380.4, VIT_219s0090g00380.2	Aqcoe4G209600.2.p, Aqcoe4G209600.1.p, Aqcoe4G209600.3.p, Aqcoe4G209600.4.p
OG0005159	VIT_201s0011g00150.1	Aqcoe4G183900.1.p, Aqcoe4G183900.3.p, Aqcoe4G183900.2.p, Aqcoe3G065000.1.p
OG0005160	VIT_211s0037g01100.5, VIT_211s0037g01100.8, VIT_211s0037g01100.4, VIT_211s0037g01100.6, VIT_211s0037g01100.7, VIT_211s0037g01100.2, VIT_211s0037g01100.1, VIT_211s0037g01100.3	Aqcoe7G338700.1.p
OG0005161	VIT_211s0016g04410.2, VIT_211s0016g04410.3, VIT_211s0016g04410.1	Aqcoe7G193800.1.p
OG0005162	VIT_200s0220g00030.1	Aqcoe7G320900.1.p, Aqcoe7G035000.1.p
OG0005163	VIT_215s0048g01300.1	Aqcoe7G054300.1.p
OG0005164	VIT_209s0002g04340.1, VIT_209s0002g04340.2	Aqcoe7G170900.1.p
OG0005165	VIT_202s0025g01510.1	Aqcoe7G010500.4.p, Aqcoe7G010500.3.p, Aqcoe7G010500.1.p, Aqcoe7G010500.2.p
OG0005166	VIT_215s0046g02270.1, VIT_215s0046g02270.3, VIT_215s0046g02270.2	Aqcoe7G024000.1.p
OG0005167	VIT_200s0229g00060.1	Aqcoe7G084100.2.p, Aqcoe7G084100.1.p, Aqcoe7G084200.1.p
OG0005168	VIT_211s0016g03480.1	Aqcoe7G163900.1.p, Aqcoe7G163800.1.p
OG0005169	VIT_200s0199g00200.1, VIT_200s0829g00010.1	Aqcoe7G088400.1.p
OG0005170	VIT_215s0048g01990.3, VIT_215s0048g01990.1, VIT_215s0048g01990.2	Aqcoe7G043400.1.p
OG0005171	VIT_211s0016g05300.1	Aqcoe7G267300.1.p
OG0005172	VIT_215s0046g03520.3, VIT_215s0046g03520.4	Aqcoe7G039200.2.p
OG0005172	VIT_215s0046g03520.1, VIT_215s0046g03520.2	Aqcoe7G039200.1.p
OG0005174	VIT_219s0014g03060.1, VIT_219s0014g03060.4, VIT_219s0014g03060.5, VIT_219s0014g03060.6, VIT_219s0014g03060.3, VIT_219s0014g03060.2	Aqcoe7G245100.1.p, Aqcoe1G302900.1.p, Aqcoe1G302900.2.p, Aqcoe1G302900.3.p, Aqcoe3G092400.2.p, Aqcoe3G092400.1.p
OG0005175	VIT_211s0016g05570.2, VIT_211s0016g05570.4, VIT_211s0016g05570.3, VIT_211s0016g05570.1	Aqcoe7G385900.1.p, Aqcoe7G264300.1.p
OG0005176	VIT_211s0037g01230.1	Aqcoe7G339000.1.p
OG0005177	VIT_209s0002g08840.1	Aqcoe7G368200.1.p
OG0005178	VIT_216s0022g02330.1, VIT_215s0048g01270.1, VIT_215s0048g01270.2	Aqcoe7G053700.4.p, Aqcoe7G053700.1.p, Aqcoe7G053700.2.p, Aqcoe7G053700.3.p
OG0005179	VIT_215s0046g00970.1	Aqcoe7G011800.1.p
OG0005180	VIT_215s0046g02700.2, VIT_215s0046g02700.1	Aqcoe7G034200.1.p, Aqcoe7G034100.1.p, Aqcoe7G034200.2.p, Aqcoe7G034200.3.p, Aqcoe7G034300.2.p, Aqcoe7G034300.1.p
OG0005181	VIT_204s0008g03570.2, VIT_204s0008g03570.5, VIT_204s0008g03570.4, VIT_204s0008g03570.1, VIT_204s0008g03570.3	Aqcoe7G162900.5.p, Aqcoe7G162900.6.p, Aqcoe7G162900.1.p, Aqcoe7G162900.7.p, Aqcoe7G162900.4.p, Aqcoe7G162900.3.p, Aqcoe7G162900.2.p
OG0005182	VIT_219s0014g03360.5, VIT_219s0014g03360.4, VIT_219s0014g03360.3, VIT_219s0014g03360.2, VIT_219s0014g03360.1	Aqcoe7G432800.1.p
OG0005183	VIT_205s0077g01710.8, VIT_205s0077g01710.7, VIT_205s0077g01710.1, VIT_205s0077g01710.3, VIT_205s0077g01710.2, VIT_205s0077g01710.4, VIT_205s0077g01710.5, VIT_205s0077g01710.6	Aqcoe7G165900.3.p, Aqcoe7G165900.1.p, Aqcoe7G165900.2.p
OG0005184	VIT_202s0025g04000.1	Aqcoe7G045700.1.p
OG0005185	VIT_218s0001g14320.1, VIT_204s0008g03410.1	Aqcoe7G159900.1.p
OG0005186	VIT_211s0065g00340.4, VIT_211s0065g00340.1, VIT_211s0065g00340.2, VIT_211s0065g00340.5, VIT_211s0065g00340.6, VIT_211s0065g00340.3	Aqcoe7G283600.1.p, Aqcoe7G283600.2.p
OG0005187	VIT_216s0039g02500.3, VIT_216s0039g02500.1, VIT_216s0039g02500.2, VIT_216s0039g02500.4, VIT_216s0039g02500.5	Aqcoe7G096400.1.p
OG0005188	VIT_209s0002g06280.1, VIT_209s0002g06196.1, VIT_211s0016g04960.1, VIT_211s0016g04960.2	Aqcoe7G278800.1.p
OG0005189	VIT_209s0002g02500.1	Aqcoe7G135900.1.p
OG0005190	VIT_214s0068g02040.1	Aqcoe7G104100.1.p, Aqcoe5G358200.1.p, Aqcoe3G096200.2.p, Aqcoe3G096200.1.p
OG0005191	VIT_209s0002g05740.2, VIT_209s0002g05740.3, VIT_209s0002g05740.1	Aqcoe7G207500.1.p
OG0005192	VIT_204s0008g01660.1	Aqcoe7G117600.1.p
OG0005193	VIT_202s0025g04630.1, VIT_202s0025g04630.2	Aqcoe7G052800.1.p
OG0005194	VIT_214s0060g01630.3, VIT_214s0060g01630.1, VIT_214s0060g01630.2	Aqcoe7G099900.1.p
OG0005195	VIT_209s0054g00600.3, VIT_209s0054g00600.2, VIT_209s0054g00600.1, VIT_209s0054g00600.4	Aqcoe7G299900.1.p
OG0005196	VIT_209s0002g05110.1	Aqcoe7G194300.1.p
OG0005197	VIT_205s0102g01210.4, VIT_205s0102g01210.5, VIT_205s0102g01210.6, VIT_205s0102g01210.7, VIT_205s0102g01210.2, VIT_205s0102g01210.3, VIT_205s0102g01210.1	Aqcoe7G435300.1.p
OG0005198	VIT_219s0014g00560.7, VIT_219s0014g00560.1, VIT_219s0014g00560.4, VIT_219s0014g00560.6, VIT_219s0014g00560.5, VIT_219s0014g00560.3, VIT_219s0014g00560.2	Aqcoe7G070000.1.p
OG0005199	VIT_211s0016g02790.1, VIT_204s0008g00610.1	Aqcoe7G143600.1.p
OG0005200	VIT_204s0008g05650.1	Aqcoe7G380500.1.p
OG0005201	VIT_210s0116g01850.3, VIT_210s0116g01850.2, VIT_210s0116g01850.4, VIT_210s0116g01850.1	Aqcoe7G217300.1.p, Aqcoe7G217300.2.p
OG0005202	VIT_208s0007g06420.1, VIT_208s0007g06430.1, VIT_208s0007g06440.1	Aqcoe7G235200.1.p, Aqcoe3G071800.1.p, Aqcoe7G412100.1.p
OG0005203	VIT_202s0025g01010.1, VIT_202s0025g01010.2, VIT_202s0025g01010.4, VIT_202s0025g01010.3	Aqcoe7G022800.1.p, Aqcoe7G022800.2.p
OG0005204	VIT_209s0002g07060.1	Aqcoe7G383800.1.p
OG0005205	VIT_215s0048g01100.1, VIT_215s0048g01100.2	Aqcoe7G051200.1.p, Aqcoe7G051200.2.p
OG0005206	VIT_209s0002g06380.2, VIT_209s0002g06380.1	Aqcoe7G391200.3.p, Aqcoe7G391200.2.p, Aqcoe7G391200.1.p
OG0005207	VIT_215s0046g03350.1, VIT_216s0050g00030.1, VIT_216s0050g00030.4, VIT_216s0050g00030.5	Aqcoe7G038500.1.p
OG0005208	VIT_214s0066g01240.3, VIT_214s0066g01240.4, VIT_214s0066g01240.1, VIT_214s0066g01240.2	Aqcoe7G182800.3.p, Aqcoe7G182800.1.p, Aqcoe7G182800.2.p
OG0005209	VIT_209s0054g00700.1, VIT_209s0054g00700.3, VIT_209s0054g00700.4, VIT_209s0054g00700.2	Aqcoe7G285200.1.p
OG0005210	VIT_211s0037g00730.2, VIT_211s0037g00730.3, VIT_211s0037g00730.1	Aqcoe7G350700.1.p, Aqcoe7G350700.2.p
OG0005211	VIT_211s0206g00120.1	Aqcoe3G439500.1.p, Aqcoe7G362300.2.p, Aqcoe7G362200.1.p, Aqcoe7G362300.1.p
OG0005212	VIT_216s0100g01310.7, VIT_216s0100g01310.6, VIT_216s0100g01310.5, VIT_216s0100g01310.4, VIT_216s0100g01310.2, VIT_216s0100g01310.1, VIT_216s0100g01310.3	Aqcoe7G039500.2.p, Aqcoe7G039500.1.p
OG0005213	VIT_209s0002g02110.1, VIT_209s0002g02110.2, VIT_209s0002g02110.3	Aqcoe7G427700.1.p, Aqcoe7G427700.3.p, Aqcoe7G427700.2.p, Aqcoe7G427700.4.p
OG0005214	VIT_211s0037g01410.1, VIT_211s0037g01410.3, VIT_211s0037g01410.2	Aqcoe5G283400.1.p, Aqcoe7G338300.1.p
OG0005215	VIT_211s0118g00610.4, VIT_211s0118g00610.5, VIT_211s0118g00610.10, VIT_211s0118g00610.6, VIT_211s0118g00610.1, VIT_211s0118g00610.2, VIT_211s0118g00610.3, VIT_211s0118g00610.11, VIT_211s0118g00610.8, VIT_211s0118g00610.9, VIT_211s0118g00610.7	Aqcoe7G282800.1.p
OG0005216	VIT_209s0002g01120.1, VIT_209s0002g01120.2	Aqcoe7G430000.1.p
OG0005217	VIT_202s0025g03940.1	Aqcoe7G040000.4.p, Aqcoe7G040000.2.p, Aqcoe7G040000.3.p, Aqcoe7G040000.1.p
OG0005218	VIT_211s0016g02280.1, VIT_204s0008g01300.1, VIT_204s0008g01300.2	Aqcoe7G130300.2.p, Aqcoe7G130300.1.p
OG0005219	VIT_211s0206g00100.1, VIT_200s0912g00010.1	Aqcoe7G362400.1.p
OG0005220	VIT_211s0016g01960.1, VIT_209s0002g01700.1	Aqcoe7G125000.1.p
OG0005221	VIT_211s0016g03500.2, VIT_211s0016g03500.1, VIT_211s0016g03500.3	Aqcoe7G164000.1.p
OG0005222	VIT_204s0008g03720.1, VIT_204s0008g03720.2	Aqcoe7G170400.1.p
OG0005223	VIT_208s0040g00630.1, VIT_208s0040g00630.2	Aqcoe1G006300.2.p, Aqcoe1G006300.1.p
OG0005224	VIT_213s0019g04330.1, VIT_208s0040g01830.1, VIT_208s0040g01830.2, VIT_206s0004g02790.1	Aqcoe1G143400.2.p, Aqcoe1G143400.1.p
OG0005225	VIT_206s0004g03320.1	Aqcoe1G490400.1.p, Aqcoe1G490500.1.p, Aqcoe1G490300.1.p
OG0005226	VIT_206s0004g01810.10, VIT_206s0004g01810.5, VIT_206s0004g01810.2, VIT_206s0004g01810.11, VIT_206s0004g01810.7, VIT_206s0004g01810.6, VIT_206s0004g01810.4, VIT_206s0004g01810.9, VIT_206s0004g01810.1, VIT_206s0004g01810.3, VIT_206s0004g01810.8	Aqcoe1G026800.1.p
OG0005227	VIT_208s0007g01790.2, VIT_208s0007g01790.1	Aqcoe1G085500.1.p
OG0005228	VIT_212s0028g03190.1, VIT_212s0028g03190.5, VIT_212s0028g03190.3, VIT_212s0028g03190.4, VIT_212s0028g03190.2	Aqcoe1G253100.1.p, Aqcoe1G253100.2.p
OG0005229	VIT_207s0031g02870.2, VIT_207s0031g02870.4, VIT_207s0031g02870.3, VIT_207s0031g02870.1	Aqcoe1G162600.1.p, Aqcoe1G162600.3.p, Aqcoe1G162600.2.p
OG0005230	VIT_212s0028g00530.1, VIT_210s0003g03125.1, VIT_210s0003g03125.2	Aqcoe1G193200.2.p, Aqcoe1G193200.3.p, Aqcoe1G193200.4.p, Aqcoe1G193200.1.p
OG0005231	VIT_206s0080g01220.1	Aqcoe1G082000.1.p
OG0005232	VIT_201s0011g06620.1	Aqcoe3G422800.1.p, Aqcoe3G422800.2.p
OG0005233	VIT_213s0019g01820.5, VIT_213s0019g01820.4, VIT_213s0019g01820.6, VIT_213s0019g01820.3, VIT_213s0019g01820.10, VIT_213s0019g01820.7, VIT_213s0019g01820.9, VIT_213s0019g01820.11, VIT_213s0019g01820.8, VIT_213s0019g01820.2, VIT_213s0019g01820.1	Aqcoe1G107500.1.p, Aqcoe1G107500.2.p
OG0005234	VIT_219s0014g01800.3, VIT_219s0014g01800.1, VIT_219s0014g01800.6, VIT_219s0014g01800.7, VIT_219s0014g01800.10, VIT_219s0014g01800.8, VIT_219s0014g01800.9, VIT_219s0014g01800.5, VIT_219s0014g01800.2	Aqcoe1G243100.1.p, Aqcoe1G243100.3.p, Aqcoe1G243100.4.p, Aqcoe1G243100.2.p
OG0005235	VIT_203s0097g00660.1	Aqcoe1G432300.1.p, Aqcoe1G432300.2.p
OG0005236	VIT_208s0040g02960.2, VIT_208s0040g02960.1	Aqcoe1G482900.3.p, Aqcoe1G482900.1.p, Aqcoe1G482900.2.p
OG0005237	VIT_214s0219g00220.1	Aqcoe3G133800.1.p, Aqcoe3G133800.2.p
OG0005237	VIT_206s0004g07210.2, VIT_206s0004g07210.3, VIT_206s0004g07210.1	Aqcoe1G151300.1.p
OG0005238	VIT_207s0005g02950.1, VIT_214s0081g00200.2, VIT_214s0081g00200.1	Aqcoe1G310800.1.p, Aqcoe5G034000.1.p
OG0005239	VIT_217s0000g03250.1	Aqcoe1G484300.1.p
OG0005240	VIT_208s0032g00440.1, VIT_208s0032g00440.2	Aqcoe1G069600.1.p
OG0005241	VIT_212s0059g02470.1	Aqcoe1G365200.1.p, Aqcoe1G365200.2.p
OG0005242	VIT_201s0113g00350.1, VIT_208s0007g08450.1	Aqcoe1G032500.1.p
OG0005243	VIT_212s0059g02300.3, VIT_212s0059g02300.4, VIT_212s0059g02300.1, VIT_212s0059g02300.2	Aqcoe1G346800.2.p, Aqcoe1G346800.6.p, Aqcoe1G346800.3.p, Aqcoe1G346800.5.p, Aqcoe1G346800.7.p, Aqcoe1G346800.4.p, Aqcoe1G346800.1.p, Aqcoe5G248600.1.p
OG0005244	VIT_206s0004g06290.2, VIT_206s0004g06290.1, VIT_206s0004g06290.3	Aqcoe1G428600.1.p
OG0005245	VIT_206s0004g00790.1, VIT_206s0004g00800.1	Aqcoe1G051000.1.p
OG0005246	VIT_212s0028g03440.4, VIT_212s0028g03440.3, VIT_212s0028g03440.2, VIT_212s0028g03440.1	Aqcoe1G260100.1.p
OG0005247	VIT_206s0004g04130.8, VIT_206s0004g04130.13, VIT_206s0004g04130.4, VIT_206s0004g04130.1, VIT_206s0004g04130.2, VIT_206s0004g04130.3, VIT_206s0004g04130.9, VIT_206s0004g04130.5, VIT_206s0004g04130.6, VIT_206s0004g04130.11, VIT_206s0004g04130.12, VIT_206s0004g04130.7, VIT_206s0004g04130.10	Aqcoe1G472200.2.p, Aqcoe1G472200.1.p, Aqcoe1G472200.3.p
OG0005248	VIT_213s0073g00130.2, VIT_213s0073g00130.5, VIT_213s0073g00130.3, VIT_213s0073g00130.1, VIT_213s0073g00130.4	Aqcoe1G434900.1.p
OG0005249	VIT_204s0043g00720.1, VIT_210s0003g03770.1, VIT_204s0043g00720.2	Aqcoe1G188700.1.p
OG0005250	VIT_201s0011g01320.2, VIT_203s0017g01980.1	Aqcoe1G162700.2.p, Aqcoe1G162700.1.p
OG0005251	VIT_213s0067g02960.1	Aqcoe1G402000.1.p, Aqcoe1G402000.2.p
OG0005252	VIT_206s0061g00460.2, VIT_206s0061g00460.1, VIT_206s0061g00460.4, VIT_206s0061g00460.5	Aqcoe1G133000.2.p, Aqcoe1G133000.1.p
OG0005253	VIT_218s0001g07060.1	Aqcoe1G019300.5.p, Aqcoe1G019300.4.p, Aqcoe1G019300.2.p, Aqcoe1G019300.3.p, Aqcoe1G019300.1.p, Aqcoe3G021600.1.p
OG0005254	VIT_208s0040g00890.3, VIT_208s0040g00890.2, VIT_208s0040g00890.1	Aqcoe1G008100.2.p, Aqcoe1G008100.1.p
OG0005255	VIT_205s0020g00780.1	Aqcoe1G406000.2.p, Aqcoe1G406000.1.p, Aqcoe5G453800.1.p, Aqcoe5G453800.2.p, Aqcoe3G293400.1.p, Aqcoe5G435300.1.p
OG0005256	VIT_200s0201g00060.1, VIT_200s0201g00060.4, VIT_200s0201g00060.3, VIT_200s0201g00060.2	Aqcoe1G382500.1.p, Aqcoe1G382500.3.p, Aqcoe1G382500.2.p
OG0005257	VIT_214s0006g00695.1, VIT_214s0036g01186.1, VIT_219s0090g00270.3, VIT_219s0090g00270.2, VIT_219s0090g00270.4, VIT_219s0090g00270.1	Aqcoe1G280100.3.p, Aqcoe1G280100.2.p, Aqcoe1G280100.1.p
OG0005258	VIT_208s0007g08490.1	Aqcoe1G028300.1.p
OG0005259	VIT_212s0028g01560.1, VIT_212s0028g01570.2, VIT_212s0028g01570.1	Aqcoe1G219100.1.p, Aqcoe1G218000.1.p
OG0005260	VIT_214s0219g00140.3, VIT_214s0219g00140.1, VIT_214s0219g00140.2	Aqcoe1G222600.1.p, Aqcoe1G222600.2.p
OG0005261	VIT_213s0019g01290.1	Aqcoe1G032900.4.p, Aqcoe1G032900.3.p, Aqcoe1G032900.2.p, Aqcoe1G032900.1.p
OG0005262	VIT_203s0132g00150.1, VIT_201s0026g02630.1	Aqcoe1G408200.2.p, Aqcoe1G408200.3.p, Aqcoe1G408200.1.p, Aqcoe5G001900.1.p
OG0005263	VIT_213s0074g00710.4, VIT_213s0074g00710.6, VIT_213s0074g00710.5, VIT_213s0074g00710.3, VIT_213s0074g00710.1, VIT_213s0074g00710.2	Aqcoe1G453000.2.p, Aqcoe1G453000.1.p
OG0005264	VIT_210s0116g00870.1, VIT_210s0116g00870.2	Aqcoe1G345800.5.p, Aqcoe1G345800.4.p, Aqcoe1G345800.6.p, Aqcoe1G345800.3.p, Aqcoe1G345800.1.p, Aqcoe1G345800.2.p
OG0005265	VIT_208s0007g06160.2, VIT_208s0007g06160.1	Aqcoe1G018500.1.p
OG0005266	VIT_213s0019g01990.1	Aqcoe1G105100.1.p, Aqcoe1G105200.1.p, Aqcoe1G105200.2.p
OG0005267	VIT_213s0084g00090.1, VIT_208s0040g00800.1	Aqcoe1G006800.1.p
OG0005268	VIT_208s0040g00320.1	Aqcoe1G004800.1.p, Aqcoe1G004800.2.p
OG0005269	VIT_201s0010g00060.1	Aqcoe1G157600.1.p
OG0005270	VIT_201s0010g00340.4, VIT_201s0010g00340.2, VIT_201s0010g00340.3, VIT_201s0010g00340.1	Aqcoe1G158600.2.p, Aqcoe1G158600.1.p
OG0005271	VIT_213s0067g00950.1, VIT_213s0067g02550.1, VIT_213s0067g01520.1, VIT_213s0067g02770.1, VIT_216s0039g02590.1, VIT_213s0067g01140.1, VIT_218s0122g01180.1	Aqcoe1G002000.1.p
OG0005272	VIT_219s0090g00660.1, VIT_219s0090g00660.2	Aqcoe1G291100.1.p
OG0005273	VIT_208s0058g01460.1, VIT_208s0058g01480.1	Aqcoe1G500500.2.p, Aqcoe1G500500.1.p
OG0005274	VIT_201s0011g00500.1, VIT_201s0011g00500.2	Aqcoe3G366800.3.p
OG0005275	VIT_214s0108g01110.1, VIT_214s0108g01110.2, VIT_214s0108g01110.4, VIT_214s0108g01110.3	Aqcoe3G348200.1.p, Aqcoe1G406100.1.p, Aqcoe3G348200.2.p
OG0005276	VIT_208s0007g06670.3, VIT_208s0007g06670.1, VIT_208s0007g06670.2	Aqcoe1G013600.1.p
OG0005277	VIT_210s0003g02210.6, VIT_210s0003g02210.4, VIT_210s0003g02210.2, VIT_210s0003g02210.1, VIT_210s0003g02210.3, VIT_210s0003g02210.5	Aqcoe1G370300.1.p, Aqcoe1G370300.2.p
OG0005278	VIT_208s0007g06370.1, VIT_208s0007g06370.3, VIT_208s0007g06370.2	Aqcoe1G362100.2.p, Aqcoe3G285600.1.p, Aqcoe1G362100.1.p
OG0005279	VIT_207s0104g01390.1	Aqcoe0204s0002.1.p, Aqcoe0204s0003.1.p, Aqcoe5G081000.1.p
OG0005280	VIT_209s0002g01770.2, VIT_209s0002g01770.1, VIT_209s0002g01770.4, VIT_209s0002g01770.3, VIT_211s0016g01900.1	Aqcoe5G469400.1.p
OG0005281	VIT_202s0025g01580.3, VIT_202s0025g01560.3, VIT_202s0025g04210.1	Aqcoe5G424500.1.p
OG0005282	VIT_217s0000g09400.1, VIT_201s0137g00740.1, VIT_201s0137g00740.3, VIT_201s0137g00740.2	Aqcoe3G141400.1.p, Aqcoe5G396800.1.p
OG0005283	VIT_217s0000g00860.2, VIT_217s0000g00860.1, VIT_214s0068g01560.1	Aqcoe5G345700.1.p
OG0005284	VIT_218s0001g07620.1, VIT_218s0001g07620.3, VIT_218s0001g07620.2	Aqcoe5G167400.1.p, Aqcoe5G167500.1.p
OG0005285	VIT_203s0038g01820.1	Aqcoe5G210600.2.p, Aqcoe5G210600.1.p
OG0005286	VIT_207s0005g05860.5, VIT_207s0005g05860.7, VIT_207s0005g05860.2, VIT_207s0005g05860.4, VIT_207s0005g05860.1, VIT_207s0005g05860.6, VIT_207s0005g05860.3	Aqcoe5G182300.1.p
OG0005287	VIT_208s0056g00560.3, VIT_208s0056g00560.1, VIT_208s0056g00560.2	Aqcoe5G404700.1.p
OG0005288	VIT_207s0005g03040.2, VIT_207s0005g03040.1	Aqcoe5G031900.1.p
OG0005289	VIT_215s0046g01750.2, VIT_215s0046g01750.1, VIT_215s0046g01750.3, VIT_215s0046g01750.4	Aqcoe5G438800.1.p
OG0005290	VIT_201s0010g03390.1, VIT_205s0051g01070.1	Aqcoe5G360300.2.p, Aqcoe5G360300.3.p, Aqcoe5G360300.1.p
OG0005291	VIT_215s0048g02580.3, VIT_215s0048g02580.4, VIT_215s0048g02580.2, VIT_215s0048g02580.1	Aqcoe5G471300.1.p
OG0005292	VIT_215s0046g00110.1, VIT_215s0046g00110.2, VIT_215s0046g00110.4	Aqcoe5G467900.1.p, Aqcoe5G467900.3.p, Aqcoe5G467900.2.p
OG0005293	VIT_216s0098g00330.2, VIT_216s0098g00330.1	Aqcoe5G459400.2.p, Aqcoe5G459400.3.p, Aqcoe5G459400.1.p
OG0005294	VIT_205s0094g01350.1, VIT_205s0094g01340.1	Aqcoe5G007000.3.p, Aqcoe5G007000.1.p, Aqcoe5G007000.2.p
OG0005295	VIT_215s0024g00050.1, VIT_215s0024g00050.2, VIT_215s0024g00050.3, VIT_215s0024g00050.5, VIT_215s0024g00050.7, VIT_215s0024g00050.8, VIT_215s0024g00050.4, VIT_215s0024g00050.6	Aqcoe5G456100.1.p
OG0005296	VIT_219s0015g00780.4, VIT_219s0015g00780.5, VIT_219s0015g00780.3, VIT_219s0015g00780.1, VIT_219s0015g00780.6, VIT_219s0015g00780.2	Aqcoe5G164400.1.p
OG0005297	VIT_205s0020g04100.1, VIT_205s0020g04100.2	Aqcoe5G047400.4.p, Aqcoe5G047400.1.p, Aqcoe5G047400.3.p, Aqcoe5G047400.2.p
OG0005298	VIT_205s0020g02070.5, VIT_205s0020g02070.6, VIT_205s0020g02070.3, VIT_205s0020g02070.2, VIT_205s0020g02070.4, VIT_205s0020g02070.1	Aqcoe5G074800.1.p
OG0005299	VIT_215s0046g02870.1, VIT_215s0046g02870.2, VIT_215s0046g02870.4, VIT_215s0046g02870.3	Aqcoe5G428900.2.p, Aqcoe5G428900.1.p
OG0005300	VIT_215s0046g00730.3, VIT_215s0046g00730.2, VIT_215s0046g00730.1	Aqcoe5G460200.2.p, Aqcoe5G460200.1.p, Aqcoe5G460300.2.p, Aqcoe5G460300.1.p
OG0005301	VIT_202s0025g01500.2, VIT_202s0025g01500.4, VIT_202s0025g01500.3, VIT_202s0025g01500.1	Aqcoe5G459500.1.p
OG0005302	VIT_218s0001g01830.2, VIT_218s0001g01830.1	Aqcoe5G283900.1.p
OG0005303	VIT_207s0005g00170.1, VIT_214s0060g02140.1	Aqcoe5G085100.1.p
OG0005304	VIT_204s0044g01090.3, VIT_204s0044g01090.8, VIT_204s0044g01090.7, VIT_204s0044g01090.5, VIT_204s0044g01090.2, VIT_204s0044g01090.1, VIT_204s0044g01090.6, VIT_204s0044g01090.4	Aqcoe5G241100.1.p
OG0005305	VIT_205s0020g00560.1, VIT_205s0020g00030.1	Aqcoe5G295300.4.p, Aqcoe5G295300.5.p, Aqcoe5G295300.3.p, Aqcoe5G295300.1.p, Aqcoe5G308800.1.p, Aqcoe5G295300.2.p
OG0005306	VIT_205s0020g04590.1	Aqcoe5G043200.1.p, Aqcoe5G043200.2.p
OG0005307	VIT_200s0179g00210.1	Aqcoe5G046500.1.p
OG0005308	VIT_207s0005g03500.1, VIT_207s0005g03500.2	Aqcoe5G025000.1.p, Aqcoe5G025000.2.p
OG0005309	VIT_200s0373g00040.1, VIT_203s0088g01190.1	Aqcoe5G219500.1.p
OG0005310	VIT_205s0049g01850.4, VIT_205s0049g01850.6, VIT_205s0049g01850.3, VIT_205s0049g01850.5, VIT_205s0049g01850.1, VIT_205s0049g01850.2	Aqcoe5G017200.2.p, Aqcoe5G017200.1.p
OG0005311	VIT_212s0034g02240.1, VIT_212s0034g02240.6, VIT_212s0034g02240.8, VIT_212s0034g02240.3, VIT_212s0034g02240.2, VIT_212s0034g02240.4, VIT_212s0034g02240.7, VIT_212s0034g02240.5	Aqcoe5G272500.1.p, Aqcoe5G272500.2.p
OG0005312	VIT_214s0006g03250.1	Aqcoe3G398700.1.p, Aqcoe3G398700.2.p
OG0005312	VIT_205s0049g02240.1	Aqcoe5G012300.1.p
OG0005313	VIT_218s0122g01140.1, VIT_204s0044g00150.2, VIT_204s0044g00160.2, VIT_219s0027g01650.1, VIT_204s0044g00160.1, VIT_204s0044g00150.1	Aqcoe5G119500.1.p
OG0005314	VIT_201s0010g02780.7, VIT_201s0010g02780.5, VIT_201s0010g02780.9, VIT_201s0010g02780.8, VIT_201s0010g02780.6, VIT_201s0010g02780.3, VIT_201s0010g02780.1, VIT_201s0010g02780.2, VIT_201s0010g02780.4	Aqcoe5G368300.2.p, Aqcoe5G368300.1.p
OG0005315	VIT_204s0023g03780.5, VIT_204s0023g03780.9, VIT_204s0023g03780.8, VIT_204s0023g03780.6, VIT_204s0023g03780.3, VIT_204s0023g03780.4, VIT_204s0023g03780.7, VIT_204s0023g03780.2, VIT_204s0023g03780.1	Aqcoe5G212500.1.p, Aqcoe5G212500.4.p, Aqcoe5G212500.6.p, Aqcoe5G212500.5.p, Aqcoe5G212500.2.p, Aqcoe5G212500.3.p
OG0005316	VIT_214s0060g00840.1, VIT_214s0060g00840.2, VIT_214s0060g00840.3	Aqcoe5G298600.3.p, Aqcoe5G298600.1.p, Aqcoe5G298600.2.p
OG0005317	VIT_204s0069g01020.2, VIT_204s0069g01020.3, VIT_204s0069g01020.5, VIT_204s0069g01020.4, VIT_204s0069g01020.1, VIT_204s0069g01050.1	Aqcoe3G438400.1.p
OG0005318	VIT_214s0108g00040.1	Aqcoe3G328000.1.p
OG0005319	VIT_201s0011g00870.1	Aqcoe3G357200.2.p, Aqcoe3G357200.1.p
OG0005320	VIT_201s0026g02710.2, VIT_201s0026g02710.1	Aqcoe3G345900.1.p
OG0005321	VIT_214s0006g03260.1	Aqcoe3G045600.1.p, Aqcoe3G045600.2.p
OG0005322	VIT_214s0083g01010.2, VIT_214s0083g01010.1	Aqcoe3G374200.1.p, Aqcoe3G374200.2.p, Aqcoe3G374300.2.p, Aqcoe3G374300.1.p, Aqcoe3G374500.2.p, Aqcoe3G374500.1.p, Aqcoe3G374400.3.p, Aqcoe3G374400.2.p, Aqcoe3G374400.1.p
OG0005323	VIT_217s0000g03360.1, VIT_217s0000g03320.1, VIT_217s0000g03350.1, VIT_214s0006g02646.1, VIT_214s0006g02595.1	Aqcoe3G026800.1.p, Aqcoe3G028700.1.p, Aqcoe3G028000.1.p
OG0005324	VIT_214s0066g00830.2, VIT_214s0066g00830.3, VIT_214s0066g00830.1	Aqcoe3G278100.1.p, Aqcoe3G387400.1.p
OG0005325	VIT_217s0000g08630.1, VIT_217s0000g08630.2	Aqcoe3G282300.3.p, Aqcoe3G282300.2.p, Aqcoe3G282300.1.p
OG0005326	VIT_218s0001g06600.2, VIT_218s0001g06600.1	Aqcoe3G426200.1.p
OG0005327	VIT_204s0043g00340.10, VIT_204s0043g00340.4, VIT_204s0043g00340.3, VIT_204s0043g00340.8, VIT_204s0043g00340.9, VIT_204s0043g00340.7, VIT_204s0043g00340.6, VIT_204s0043g00340.5, VIT_204s0043g00340.2, VIT_204s0043g00340.1	Aqcoe3G410900.2.p, Aqcoe3G410900.1.p
OG0005328	VIT_217s0000g03630.1	Aqcoe3G037700.1.p, Aqcoe3G037700.3.p, Aqcoe3G037700.4.p, Aqcoe3G037700.5.p, Aqcoe3G037700.2.p
OG0005329	VIT_217s0000g00460.6, VIT_217s0000g00460.1, VIT_217s0000g00460.3, VIT_214s0068g01280.2, VIT_214s0068g01280.1	Aqcoe3G056900.3.p, Aqcoe3G056900.2.p, Aqcoe3G057000.1.p, Aqcoe3G056900.1.p
OG0005330	VIT_214s0006g02670.2, VIT_214s0006g02670.5, VIT_214s0006g02670.1, VIT_214s0006g02670.4, VIT_214s0006g02670.6, VIT_214s0006g02670.9, VIT_214s0006g02670.7, VIT_214s0006g02670.8, VIT_214s0006g02670.3	Aqcoe3G028900.1.p
OG0005331	VIT_216s0039g02550.1, VIT_216s0039g02550.2, VIT_212s0055g00400.1	Aqcoe3G208600.1.p
OG0005332	VIT_201s0011g00390.3, VIT_201s0011g00390.9, VIT_201s0011g00390.8, VIT_201s0011g00390.2, VIT_201s0011g00390.1, VIT_201s0011g00390.7, VIT_201s0011g00390.6, VIT_201s0011g00390.4, VIT_201s0011g00390.5	Aqcoe3G063900.2.p, Aqcoe3G063900.1.p
OG0005333	VIT_215s0045g00370.3, VIT_215s0045g00370.1, VIT_215s0045g00370.2	Aqcoe3G223700.1.p
OG0005334	VIT_217s0000g04820.1, VIT_217s0000g04820.2	Aqcoe3G378100.1.p
OG0005335	VIT_201s0010g01390.1, VIT_201s0010g01390.2	Aqcoe3G433700.1.p
OG0005336	VIT_202s0012g02160.1, VIT_202s0012g02160.2, VIT_202s0012g02160.3, VIT_202s0012g02160.5, VIT_202s0012g02160.4, VIT_202s0012g02160.6	Aqcoe3G171100.1.p
OG0005337	VIT_201s0011g05410.1, VIT_201s0011g05390.1	Aqcoe3G416200.2.p, Aqcoe3G416200.1.p
OG0005338	VIT_217s0000g05430.1	Aqcoe3G317700.1.p, Aqcoe3G099000.1.p, Aqcoe3G099000.2.p
OG0005339	VIT_217s0000g01130.1, VIT_217s0000g01130.3, VIT_217s0000g01130.6, VIT_217s0000g01130.2, VIT_217s0000g01130.4, VIT_217s0000g01130.5	Aqcoe3G199100.1.p
OG0005340	VIT_216s0013g00890.1, VIT_202s0234g00130.1	Aqcoe3G268800.1.p
OG0005341	VIT_202s0087g00390.2, VIT_202s0087g00390.1	Aqcoe3G186600.4.p, Aqcoe3G186600.2.p, Aqcoe3G186600.3.p, Aqcoe3G186600.1.p
OG0005342	VIT_201s0127g00600.3, VIT_201s0127g00600.1, VIT_201s0127g00600.2, VIT_201s0127g00560.1, VIT_201s0127g00590.1, VIT_201s0127g00520.1, VIT_201s0127g00540.1	Aqcoe3G288200.1.p, Aqcoe3G288100.1.p
OG0005343	VIT_202s0087g00560.2, VIT_202s0087g00560.1	Aqcoe3G216400.1.p
OG0005344	VIT_211s0037g01020.1, VIT_211s0037g01020.2	Aqcoe3G199900.1.p
OG0005345	VIT_201s0011g03830.4, VIT_201s0011g03830.5, VIT_201s0011g03830.3, VIT_201s0011g03830.1, VIT_201s0011g03830.2	Aqcoe3G029900.1.p, Aqcoe3G029900.4.p, Aqcoe3G029900.3.p, Aqcoe3G029900.2.p
OG0005346	VIT_201s0011g04320.1, VIT_217s0000g03120.2, VIT_217s0000g03120.3, VIT_217s0000g03120.1	Aqcoe3G022600.1.p, Aqcoe3G022700.1.p
OG0005347	VIT_204s0079g00410.1	Aqcoe3G421300.1.p, Aqcoe3G421300.2.p
OG0005348	VIT_201s0146g00360.4, VIT_201s0146g00360.2, VIT_201s0146g00360.5, VIT_201s0146g00360.3, VIT_201s0146g00360.1	Aqcoe3G174700.1.p
OG0005349	VIT_214s0083g00340.1, VIT_214s0083g00350.1	Aqcoe3G388800.1.p
OG0005350	VIT_202s0012g01330.2, VIT_202s0012g01330.4, VIT_202s0012g01330.3, VIT_202s0012g01330.1	Aqcoe3G233900.1.p, Aqcoe3G233900.2.p
OG0005351	VIT_216s0039g02240.1, VIT_216s0039g02240.2	Aqcoe3G209200.2.p, Aqcoe3G209200.1.p
OG0005352	VIT_214s0006g00920.1, VIT_205s0020g00175.1, VIT_201s0011g05340.1, VIT_201s0011g05340.2	Aqcoe3G416600.2.p, Aqcoe3G416600.1.p
OG0005353	VIT_201s0127g00370.2, VIT_201s0127g00370.1	Aqcoe3G125500.1.p, Aqcoe3G125500.2.p
OG0005354	VIT_218s0086g00630.1, VIT_210s0116g00720.4, VIT_210s0116g00720.2, VIT_210s0116g00720.5, VIT_210s0116g00720.1, VIT_210s0116g00720.3	Aqcoe3G300200.1.p, Aqcoe3G300200.2.p
OG0005355	VIT_201s0146g00410.1, VIT_201s0146g00410.2, VIT_201s0010g01840.1, VIT_214s0068g01360.1, VIT_214s0068g01360.2, VIT_214s0068g01360.3	Aqcoe3G177600.1.p
OG0005356	VIT_202s0012g01040.3, VIT_202s0012g01040.2, VIT_202s0012g01040.1	Aqcoe3G236400.2.p, Aqcoe3G236400.1.p
OG0005357	VIT_216s0039g02680.1, VIT_216s0039g02680.2, VIT_216s0039g02680.3	Aqcoe3G260100.1.p, Aqcoe3G260100.5.p, Aqcoe3G260100.6.p, Aqcoe3G260100.8.p, Aqcoe3G260100.3.p, Aqcoe3G260100.2.p, Aqcoe3G260100.7.p, Aqcoe3G260100.4.p
OG0005358	VIT_215s0046g00750.3, VIT_215s0046g00750.2, VIT_215s0046g00750.1	Aqcoe3G438300.2.p, Aqcoe3G438300.1.p, Aqcoe3G438300.3.p
OG0005359	VIT_201s0011g05540.1, VIT_201s0011g05520.1	Aqcoe3G007100.1.p, Aqcoe3G007100.3.p, Aqcoe3G007100.2.p
OG0005360	VIT_217s0000g07280.1, VIT_217s0000g07280.3, VIT_217s0000g07280.2, VIT_217s0000g07280.4, VIT_217s0000g07280.6, VIT_217s0000g07280.5, VIT_217s0000g07280.8, VIT_217s0000g07280.7, VIT_217s0000g07280.9	Aqcoe3G366500.1.p
OG0005361	VIT_214s0083g00990.1	Aqcoe3G375200.1.p
OG0005362	VIT_200s0291g00070.1, VIT_200s0291g00080.1	Aqcoe3G144700.1.p
OG0005363	VIT_202s0087g00070.1	Aqcoe3G187100.4.p, Aqcoe3G187100.1.p, Aqcoe3G187100.2.p, Aqcoe3G187100.3.p
OG0005395	VIT_206s0080g00010.3, VIT_206s0080g00010.5, VIT_206s0080g00010.2, VIT_206s0080g00010.1, VIT_206s0080g00010.4	Aqcoe0416s0005.1.p, Aqcoe1G451500.1.p, Aqcoe0416s0001.1.p, Aqcoe0416s0004.1.p
OG0005396	VIT_207s0005g02740.2, VIT_207s0005g02740.1	Aqcoe2G250300.2.p, Aqcoe2G250300.1.p
OG0005397	VIT_213s0084g00310.1, VIT_213s0084g00310.2, VIT_213s0084g00310.4, VIT_213s0084g00310.5, VIT_213s0084g00310.3	Aqcoe2G047700.1.p, Aqcoe2G047700.2.p, Aqcoe2G048200.1.p
OG0005398	VIT_205s0077g02365.1, VIT_200s2180g00005.1, VIT_213s0064g00590.1, VIT_217s0000g03425.1, VIT_205s0102g00340.1	Aqcoe2G243600.1.p
OG0005399	VIT_200s0302g00060.1, VIT_211s0016g00160.1, VIT_204s0008g06530.1	Aqcoe2G065600.1.p
OG0005400	VIT_206s0061g00540.3, VIT_206s0061g00540.1, VIT_206s0061g00540.2	Aqcoe2G206500.1.p, Aqcoe1G131300.1.p
OG0005401	VIT_205s0020g03100.1, VIT_205s0020g03100.3, VIT_205s0020g03100.2, VIT_213s0019g01320.1, VIT_213s0019g01480.1, VIT_209s0018g02060.1, VIT_213s0019g01500.1	Aqcoe2G340900.1.p
OG0005402	VIT_208s0007g05370.1, VIT_208s0007g05360.1	Aqcoe2G039300.1.p
OG0005403	VIT_214s0060g01370.4, VIT_214s0060g01370.2, VIT_214s0060g01370.3, VIT_214s0060g01370.1, VIT_214s0060g01370.5	Aqcoe1G412900.1.p, Aqcoe2G088300.1.p
OG0005404	VIT_207s0005g02820.3, VIT_207s0005g02820.1, VIT_207s0005g02820.2	Aqcoe2G258000.1.p
OG0005405	VIT_214s0060g00890.1, VIT_214s0060g00890.2	Aqcoe2G265900.1.p, Aqcoe2G265900.3.p, Aqcoe2G265900.2.p
OG0005406	VIT_207s0031g00010.1, VIT_207s0031g00010.2, VIT_207s0031g00010.3	Aqcoe6G310200.2.p, Aqcoe6G310200.1.p, Aqcoe2G064300.2.p, Aqcoe2G064300.1.p, Aqcoe2G064300.3.p, Aqcoe2G064300.4.p
OG0005407	VIT_205s0020g02280.1	Aqcoe5G066900.1.p, Aqcoe2G321600.1.p, Aqcoe2G321700.1.p, Aqcoe2G321900.1.p, Aqcoe2G322100.1.p, Aqcoe2G322200.1.p, Aqcoe2G322000.1.p, Aqcoe6G169700.1.p, Aqcoe2G321800.1.p, Aqcoe2G321500.1.p
OG0005408	VIT_205s0094g01560.3, VIT_205s0094g01560.1, VIT_205s0094g01560.2, VIT_205s0094g01560.6, VIT_205s0094g01560.4, VIT_205s0094g01560.5	Aqcoe2G014800.1.p
OG0005409	VIT_206s0004g02200.2, VIT_206s0004g02200.3, VIT_206s0004g02200.1, VIT_213s0064g00900.1	Aqcoe2G015800.1.p
OG0005410	VIT_208s0007g07520.1	Aqcoe2G060700.1.p
OG0005410	VIT_208s0007g07530.1	Aqcoe1G061000.1.p
OG0005411	VIT_208s0007g07660.1, VIT_208s0007g07660.2, VIT_208s0007g07660.3	Aqcoe2G001400.1.p
OG0005412	VIT_205s0020g00410.1	Aqcoe2G260200.1.p, Aqcoe4G186100.1.p, Aqcoe4G186100.2.p
OG0005413	VIT_206s0061g00380.1, VIT_206s0061g00380.3, VIT_206s0061g00380.2	Aqcoe2G202700.1.p, Aqcoe2G202700.3.p, Aqcoe2G202700.2.p, Aqcoe2G202700.4.p, Aqcoe3G070600.1.p
OG0005414	VIT_201s0137g00590.2, VIT_201s0137g00590.1	Aqcoe2G303800.3.p, Aqcoe2G303800.2.p, Aqcoe2G303800.4.p, Aqcoe2G303800.1.p
OG0005415	VIT_206s0004g07670.3, VIT_206s0004g07670.4, VIT_206s0004g07670.5, VIT_206s0004g07670.1, VIT_206s0004g07670.2	Aqcoe2G384500.4.p, Aqcoe2G384500.1.p, Aqcoe2G384500.3.p, Aqcoe2G384500.2.p, Aqcoe1G396400.2.p, Aqcoe1G396400.4.p, Aqcoe1G396400.3.p, Aqcoe1G396400.1.p
OG0005416	VIT_204s0008g06260.2, VIT_204s0008g06260.1, VIT_204s0008g06260.3, VIT_204s0008g06260.4, VIT_204s0008g06260.5	Aqcoe2G117000.4.p, Aqcoe2G117000.1.p, Aqcoe2G117000.2.p, Aqcoe2G117000.3.p, Aqcoe2G117000.5.p, Aqcoe2G117000.7.p, Aqcoe2G117000.6.p
OG0005417	VIT_214s0060g01710.1	Aqcoe7G147800.1.p, Aqcoe2G291700.1.p, Aqcoe2G291700.2.p
OG0005418	VIT_208s0105g00420.2, VIT_208s0105g00420.1	Aqcoe2G091700.1.p, Aqcoe1G418400.1.p
OG0005419	VIT_212s0057g00590.1	Aqcoe2G306000.2.p, Aqcoe2G306000.7.p, Aqcoe2G306000.9.p, Aqcoe2G306000.6.p, Aqcoe2G306000.5.p, Aqcoe2G306000.4.p, Aqcoe2G306000.3.p, Aqcoe2G306000.8.p, Aqcoe2G306000.1.p, Aqcoe2G306000.10.p
OG0005420	VIT_205s0062g00860.9, VIT_205s0062g00860.3, VIT_205s0062g00860.1, VIT_205s0062g00860.2, VIT_205s0062g00860.5, VIT_205s0062g00860.4, VIT_205s0062g00860.6, VIT_205s0062g00860.8, VIT_205s0062g00860.7	Aqcoe2G414900.1.p, Aqcoe2G414900.2.p
OG0005421	VIT_214s0060g00280.1	Aqcoe5G286900.1.p
OG0005422	VIT_206s0004g03820.1, VIT_206s0004g03750.1, VIT_206s0004g03840.1, VIT_206s0004g03860.1	Aqcoe2G168600.1.p
OG0005422	VIT_206s0004g03830.1	Aqcoe1G481400.1.p, Aqcoe2G170500.1.p
OG0005423	VIT_205s0102g01170.4, VIT_205s0102g01170.3, VIT_205s0102g01170.2, VIT_205s0102g01170.1	Aqcoe2G436400.1.p, Aqcoe2G436400.2.p
OG0005424	VIT_205s0094g01400.1	Aqcoe2G438600.2.p, Aqcoe2G438600.1.p
OG0005425	VIT_208s0058g01450.1	Aqcoe2G074900.1.p, Aqcoe2G074900.2.p
OG0005426	VIT_213s0067g02400.1, VIT_208s0058g01020.1	Aqcoe2G078700.1.p
OG0005427	VIT_213s0067g02990.1, VIT_206s0004g07950.1	Aqcoe2G075100.1.p
OG0005428	VIT_206s0061g01610.1	Aqcoe2G131900.3.p, Aqcoe4G207700.1.p, Aqcoe2G131900.2.p, Aqcoe2G131900.1.p
OG0005429	VIT_213s0084g00580.1, VIT_206s0009g02780.3, VIT_206s0009g02780.1, VIT_206s0009g02780.2, VIT_206s0009g02780.4	Aqcoe2G044800.2.p, Aqcoe2G044800.1.p
OG0005430	VIT_211s0016g04090.1, VIT_211s0016g04090.2	Aqcoe2G111200.4.p, Aqcoe2G111200.3.p, Aqcoe2G111200.1.p, Aqcoe2G111200.2.p
OG0005431	VIT_209s0002g03140.1, VIT_209s0002g03140.3, VIT_209s0002g03140.4, VIT_209s0002g03140.2	Aqcoe2G298600.1.p
OG0005432	VIT_206s0080g00540.2, VIT_206s0080g00540.3, VIT_206s0080g00540.5, VIT_206s0080g00540.4, VIT_206s0080g00540.1	Aqcoe1G443300.1.p, Aqcoe2G123600.2.p, Aqcoe2G123600.1.p
OG0005433	VIT_205s0020g00170.3, VIT_205s0020g00170.1, VIT_205s0020g00290.1, VIT_205s0020g00170.2, VIT_205s0077g00460.1, VIT_215s0045g00300.1	Aqcoe2G256800.1.p
OG0005434	VIT_205s0102g01200.3, VIT_205s0102g01200.2, VIT_205s0102g01200.4, VIT_205s0102g01200.1	Aqcoe2G433400.1.p, Aqcoe2G433400.2.p
OG0005435	VIT_213s0067g03860.1	Aqcoe2G172900.1.p, Aqcoe1G478600.1.p
OG0005436	VIT_215s0046g02200.1	Aqcoe2G099800.1.p, Aqcoe2G099800.2.p
OG0005437	VIT_214s0128g00160.3, VIT_214s0128g00160.4, VIT_214s0128g00160.5, VIT_214s0128g00160.2, VIT_214s0128g00160.1	Aqcoe2G329100.1.p, Aqcoe2G329100.2.p
OG0005438	VIT_208s0007g03090.1, VIT_208s0007g03090.2	Aqcoe2G121000.1.p, Aqcoe2G121000.2.p
OG0005439	VIT_215s0024g01470.1	Aqcoe2G384700.1.p, Aqcoe2G384700.3.p, Aqcoe2G384700.4.p, Aqcoe2G384700.5.p, Aqcoe2G384700.2.p, Aqcoe2G384700.6.p, Aqcoe1G048600.1.p
OG0005440	VIT_206s0061g01290.3, VIT_206s0061g01290.4, VIT_206s0061g01290.1, VIT_206s0061g01290.2, VIT_208s0007g03870.1, VIT_208s0007g03870.2	Aqcoe2G126400.1.p
OG0005441	VIT_216s0050g00130.2, VIT_216s0050g00130.3, VIT_216s0050g00130.1	Aqcoe2G435400.1.p, Aqcoe2G435100.1.p
OG0005442	VIT_206s0004g07990.3, VIT_206s0004g07990.4, VIT_206s0004g07990.5, VIT_206s0004g07990.2, VIT_206s0004g07990.1	Aqcoe2G075400.1.p, Aqcoe2G075400.2.p, Aqcoe5G331400.1.p
OG0005443	VIT_213s0067g00720.1, VIT_213s0067g00720.2, VIT_213s0067g00720.5, VIT_213s0067g00720.3, VIT_213s0067g00720.4, VIT_213s0067g00720.7, VIT_213s0067g00720.6	Aqcoe2G096200.1.p, Aqcoe2G096200.2.p
OG0005444	VIT_207s0005g03610.1	Aqcoe2G375500.1.p, Aqcoe5G024200.1.p
OG0005445	VIT_204s0008g05880.1	Aqcoe2G263100.1.p, Aqcoe2G263100.2.p
OG0005446	VIT_213s0067g03080.1	Aqcoe1G146400.5.p, Aqcoe1G146400.2.p, Aqcoe1G146400.6.p, Aqcoe1G146400.4.p, Aqcoe1G146400.3.p, Aqcoe1G146400.8.p, Aqcoe1G146400.7.p, Aqcoe1G146400.1.p, Aqcoe2G076300.1.p, Aqcoe2G268900.1.p
OG0005447	VIT_208s0007g03780.1, VIT_208s0007g03780.2	Aqcoe1G454700.1.p, Aqcoe2G129500.1.p
OG0005448	VIT_213s0067g01180.1, VIT_213s0067g01180.2	Aqcoe2G090000.1.p
OG0005449	VIT_205s0020g02530.1, VIT_205s0020g02530.5, VIT_205s0020g02530.2, VIT_205s0020g02530.4, VIT_205s0020g02530.3	Aqcoe2G327900.1.p, Aqcoe2G327900.2.p
OG0005450	VIT_206s0061g00080.1	Aqcoe2G026500.2.p, Aqcoe2G026500.3.p, Aqcoe2G026500.4.p, Aqcoe2G026500.1.p
OG0005451	VIT_205s0020g01520.1	Aqcoe2G429700.1.p, Aqcoe2G429700.2.p, Aqcoe1G453200.1.p
OG0005452	VIT_206s0004g06540.1	Aqcoe2G096900.1.p
OG0005453	VIT_208s0007g06530.5, VIT_208s0007g06530.4, VIT_208s0007g06530.1, VIT_208s0007g06530.3, VIT_208s0007g06530.2	Aqcoe2G006000.2.p, Aqcoe2G006000.3.p, Aqcoe2G006000.4.p, Aqcoe2G006000.1.p
OG0005454	VIT_214s0036g00430.1, VIT_214s0036g00430.4, VIT_214s0036g00430.3, VIT_214s0036g00430.2	Aqcoe2G372600.2.p, Aqcoe2G372600.1.p
OG0005455	VIT_208s0007g04180.1, VIT_208s0007g04180.2, VIT_208s0007g04180.3, VIT_208s0007g04180.4	Aqcoe2G184300.1.p, Aqcoe1G115500.1.p
OG0005457	VIT_213s0067g02940.1	Aqcoe2G039600.1.p, Aqcoe2G039600.2.p
OG0005458	VIT_208s0007g07130.2, VIT_208s0007g07130.1	Aqcoe2G236400.2.p, Aqcoe2G236400.1.p
OG0005459	VIT_208s0007g02610.1, VIT_208s0007g02610.5, VIT_208s0007g02610.4, VIT_208s0007g02610.2, VIT_208s0007g02610.3	Aqcoe2G113200.2.p, Aqcoe2G113200.1.p
OG0005460	VIT_205s0049g01430.1, VIT_207s0005g03815.1	Aqcoe5G020400.1.p, Aqcoe2G380100.1.p
OG0005461	VIT_204s0008g02560.1	Aqcoe2G006800.1.p
OG0005461	VIT_204s0008g02560.2	Aqcoe2G006800.2.p
OG0005462	VIT_208s0032g01150.1	Aqcoe1G077000.1.p, Aqcoe2G068100.1.p
OG0005463	VIT_205s0094g00460.1, VIT_205s0094g00460.2, VIT_205s0094g00460.4, VIT_205s0094g00460.5, VIT_205s0094g00460.6, VIT_205s0094g00460.7, VIT_205s0094g00460.3	Aqcoe2G273700.4.p, Aqcoe2G273700.3.p, Aqcoe2G273700.2.p, Aqcoe2G273700.1.p
OG0005464	VIT_207s0005g01230.4, VIT_207s0005g01230.2, VIT_207s0005g01230.3, VIT_207s0005g01230.1	Aqcoe2G278500.1.p, Aqcoe5G093600.4.p, Aqcoe5G093600.3.p, Aqcoe5G093600.1.p, Aqcoe5G093600.2.p
OG0005465	VIT_207s0005g03940.1	Aqcoe2G380800.1.p
OG0005466	VIT_200s0179g00300.2, VIT_205s0020g04430.1, VIT_205s0020g04430.2	Aqcoe2G354900.1.p
OG0005467	VIT_206s0004g04360.1	Aqcoe1G467600.1.p
OG0005467	VIT_213s0019g00740.1	Aqcoe2G182000.1.p
OG0005468	VIT_218s0001g02140.1, VIT_218s0001g02120.1	Aqcoe6G027500.2.p, Aqcoe6G027500.1.p
OG0005468	VIT_200s0218g00100.1	Aqcoe6G054800.1.p, Aqcoe6G054800.2.p
OG0005469	VIT_203s0038g02590.2, VIT_203s0038g02590.1, VIT_203s0038g02590.3, VIT_203s0038g02590.4, VIT_218s0001g01120.1, VIT_218s0001g01120.2	Aqcoe6G205800.1.p
OG0005470	VIT_216s0098g00670.3, VIT_216s0098g00670.1, VIT_216s0098g00670.2, VIT_216s0098g00670.4, VIT_216s0098g00670.5, VIT_216s0098g00670.6	Aqcoe5G103500.4.p, Aqcoe5G103500.3.p, Aqcoe6G283500.1.p, Aqcoe5G103500.2.p, Aqcoe6G283500.2.p, Aqcoe6G283500.3.p, Aqcoe5G103500.1.p
OG0005471	VIT_212s0142g00670.2, VIT_212s0142g00670.1, VIT_212s0142g00670.3	Aqcoe6G297800.1.p, Aqcoe6G297800.2.p
OG0005472	VIT_211s0052g01370.1	Aqcoe1G062500.4.p, Aqcoe1G062500.2.p, Aqcoe1G062500.1.p, Aqcoe1G062500.3.p, Aqcoe6G036400.1.p, Aqcoe6G036500.1.p
OG0005473	VIT_204s0008g00190.1, VIT_204s0008g00190.2	Aqcoe7G408100.1.p, Aqcoe7G149000.2.p, Aqcoe7G149000.1.p, Aqcoe6G240800.1.p
OG0005474	VIT_203s0038g04590.2, VIT_203s0038g04590.1	Aqcoe6G124600.1.p, Aqcoe5G232100.1.p
OG0005475	VIT_204s0023g03360.1, VIT_204s0023g03360.2	Aqcoe6G208500.1.p
OG0005476	VIT_218s0001g03470.1, VIT_218s0001g03490.1	Aqcoe6G017300.2.p, Aqcoe6G017300.1.p, Aqcoe6G017400.1.p
OG0005477	VIT_218s0001g01140.1, VIT_200s0510g00030.1, VIT_200s1677g00010.1	Aqcoe6G215400.1.p
OG0005479	VIT_203s0063g00080.2, VIT_203s0063g00080.1, VIT_203s0063g00080.3	Aqcoe5G146000.1.p, Aqcoe6G134700.1.p
OG0005480	VIT_205s0094g01520.4, VIT_205s0094g01520.1, VIT_205s0094g01520.5, VIT_205s0094g01520.3, VIT_205s0094g01520.2	Aqcoe6G000300.1.p, Aqcoe6G094700.1.p
OG0005481	VIT_212s0034g02010.4, VIT_212s0034g02010.2, VIT_212s0034g02010.1, VIT_212s0034g02010.6, VIT_212s0034g02010.5, VIT_212s0034g02010.3, VIT_204s0008g06590.1, VIT_204s0008g06590.4, VIT_204s0008g06590.3, VIT_204s0008g06590.2, VIT_204s0008g06590.5	Aqcoe6G021800.2.p, Aqcoe6G021800.1.p, Aqcoe7G172900.1.p
OG0005482	VIT_212s0028g03930.1, VIT_218s0001g07330.1	Aqcoe6G154900.1.p
OG0005483	VIT_219s0015g01010.1	Aqcoe7G409100.1.p, Aqcoe6G131600.1.p
OG0005484	VIT_218s0089g00940.1	Aqcoe5G216700.1.p
OG0005484	VIT_207s0130g00200.1	Aqcoe7G135500.1.p, Aqcoe6G003900.1.p
OG0005485	VIT_218s0001g06030.1, VIT_218s0001g06180.1, VIT_203s0017g01210.1	Aqcoe6G080500.1.p
OG0005486	VIT_200s0341g00040.2, VIT_200s0341g00040.1, VIT_200s0341g00040.3, VIT_200s0341g00040.4	Aqcoe5G407200.4.p, Aqcoe5G407200.2.p, Aqcoe5G407200.3.p, Aqcoe5G407200.1.p, Aqcoe6G227800.1.p
OG0005487	VIT_215s0048g02220.2, VIT_215s0048g02220.1	Aqcoe6G179600.2.p, Aqcoe6G179600.3.p, Aqcoe6G179600.1.p, Aqcoe7G309100.1.p, Aqcoe5G475800.1.p
OG0005488	VIT_203s0091g01190.1	Aqcoe6G272800.1.p
OG0005489	VIT_208s0040g02690.1	Aqcoe1G461000.1.p, Aqcoe1G454900.1.p, Aqcoe1G454800.1.p, Aqcoe6G115300.1.p, Aqcoe3G089800.1.p
OG0005490	VIT_216s0098g01630.1	Aqcoe5G466600.1.p, Aqcoe5G463800.1.p, Aqcoe6G176600.1.p
OG0005491	VIT_203s0038g02220.1, VIT_203s0038g02220.2	Aqcoe6G213900.1.p
OG0005492	VIT_207s0129g00420.1	Aqcoe6G289900.1.p, Aqcoe5G105300.1.p
OG0005493	VIT_212s0055g00690.1, VIT_212s0055g00690.3, VIT_212s0055g00690.4, VIT_219s0027g00310.3, VIT_212s0055g00690.2, VIT_219s0027g00310.1, VIT_219s0027g00310.2	Aqcoe6G029600.1.p, Aqcoe6G029600.2.p
OG0005494	VIT_202s0025g03570.1, VIT_202s0025g03570.7, VIT_202s0025g03570.5, VIT_202s0025g03570.2, VIT_202s0025g03570.3, VIT_202s0025g03570.4, VIT_202s0025g03570.6, VIT_202s0025g03570.8	Aqcoe6G293900.1.p
OG0005495	VIT_204s0023g01630.4, VIT_204s0023g01630.1, VIT_204s0023g01630.2, VIT_204s0023g01630.3	Aqcoe6G117800.2.p, Aqcoe6G117800.1.p
OG0005496	VIT_218s0089g00920.2, VIT_218s0089g00920.1	Aqcoe6G004300.2.p, Aqcoe6G004300.1.p
OG0005497	VIT_212s0035g01890.2, VIT_212s0035g01890.3, VIT_212s0035g01890.1, VIT_212s0035g01890.4	Aqcoe6G002400.1.p
OG0005498	VIT_205s0077g01210.1, VIT_214s0060g01330.2, VIT_214s0060g01330.3, VIT_214s0060g01330.4	Aqcoe6G201900.1.p
OG0005499	VIT_206s0009g01980.1, VIT_203s0091g00290.1	Aqcoe6G302400.1.p
OG0005500	VIT_218s0001g09450.1, VIT_203s0091g00410.1	Aqcoe6G296800.1.p
OG0005501	VIT_218s0001g03250.6, VIT_218s0001g03250.7, VIT_218s0001g03250.5, VIT_218s0001g03250.4, VIT_218s0001g03250.2, VIT_218s0001g03250.1, VIT_218s0001g03250.3	Aqcoe6G018700.1.p
OG0005502	VIT_214s0066g01430.5, VIT_214s0066g01430.3, VIT_214s0066g01430.4, VIT_214s0066g01430.2, VIT_214s0066g01430.1	Aqcoe6G076800.3.p, Aqcoe6G076800.1.p, Aqcoe6G076800.2.p, Aqcoe6G102800.1.p
OG0005503	VIT_219s0015g00460.1	Aqcoe6G042000.1.p
OG0005504	VIT_205s0020g04250.1	Aqcoe5G286000.1.p
OG0005505	VIT_206s0061g01430.1, VIT_213s0074g00610.1, VIT_213s0047g01230.1, VIT_204s0044g01530.1, VIT_204s0044g01540.1	Aqcoe7G259300.1.p, Aqcoe6G259200.1.p, Aqcoe1G454600.1.p
OG0005506	VIT_218s0001g03290.2, VIT_218s0001g03290.1	Aqcoe6G018600.1.p
OG0005507	VIT_200s2125g00010.1	Aqcoe7G069000.2.p, Aqcoe7G069000.1.p
OG0005508	VIT_218s0001g09050.3, VIT_218s0001g09050.4, VIT_218s0001g09050.2, VIT_218s0001g09050.1, VIT_218s0001g09050.5	Aqcoe6G277300.1.p
OG0005509	VIT_218s0001g07710.1, VIT_218s0001g07710.2	Aqcoe6G091700.1.p
OG0005510	VIT_218s0122g00950.1, VIT_207s0031g02220.1	Aqcoe6G168900.1.p
OG0005511	VIT_207s0129g00210.1, VIT_207s0129g00210.5, VIT_207s0129g00210.2, VIT_207s0129g00210.3, VIT_207s0129g00210.7, VIT_207s0129g00210.4, VIT_207s0129g00210.6	Aqcoe6G283200.1.p, Aqcoe6G283200.4.p, Aqcoe6G283200.3.p, Aqcoe6G283200.2.p
OG0005512	VIT_218s0001g09590.1, VIT_207s0129g00670.1, VIT_203s0091g00260.1	Aqcoe5G133400.1.p
OG0005513	VIT_218s0001g02380.2, VIT_218s0001g02380.1, VIT_218s0001g02380.3, VIT_218s0001g02380.4	Aqcoe6G025900.1.p
OG0005514	VIT_214s0060g00090.2, VIT_214s0060g00090.1, VIT_211s0206g00130.2	Aqcoe6G193600.1.p
OG0005515	VIT_218s0001g00130.1	Aqcoe6G190000.1.p
OG0005516	VIT_210s0405g00030.2, VIT_210s0405g00030.3, VIT_210s0405g00030.1	Aqcoe4G276300.2.p, Aqcoe4G276300.1.p
OG0005517	VIT_212s0057g00010.2, VIT_212s0057g00010.1	Aqcoe4G262900.1.p
OG0005518	VIT_200s0704g00030.1, VIT_200s0704g00020.1, VIT_219s0090g00190.1, VIT_219s0090g00140.2, VIT_219s0090g00140.3, VIT_219s0090g00140.1	Aqcoe1G278600.2.p, Aqcoe1G278600.1.p, Aqcoe1G278300.1.p, Aqcoe1G278100.1.p, Aqcoe1G277700.1.p, Aqcoe0008s0014.1.p, Aqcoe4G193000.1.p, Aqcoe4G298100.1.p, Aqcoe1G278000.1.p, Aqcoe4G219300.1.p, Aqcoe4G213300.1.p, Aqcoe4G225800.1.p, Aqcoe1G277800.1.p
OG0005519	VIT_212s0059g02530.1, VIT_212s0059g02530.2, VIT_212s0059g02530.3	Aqcoe4G245400.1.p, Aqcoe4G241000.1.p
OG0005520	VIT_218s0089g00030.1	Aqcoe4G048400.1.p
OG0005521	VIT_219s0014g00140.4, VIT_219s0014g00140.1, VIT_219s0014g00140.2, VIT_219s0014g00140.5, VIT_219s0014g00140.3, VIT_219s0014g00140.6, VIT_219s0014g00140.7	Aqcoe4G162300.1.p
OG0005522	VIT_202s0025g02610.1, VIT_215s0048g02820.1	Aqcoe5G469700.1.p, Aqcoe3G064200.1.p, Aqcoe4G283600.1.p
OG0005523	VIT_215s0048g02350.4	Aqcoe4G076100.2.p
OG0005523	VIT_215s0048g02350.3, VIT_215s0048g02350.1	Aqcoe1G250700.1.p
OG0005524	VIT_200s0203g00006.4, VIT_200s1363g00014.1, VIT_200s1363g00007.1, VIT_200s0203g00006.1, VIT_200s0203g00006.2, VIT_200s0203g00006.5, VIT_200s0203g00006.3, VIT_200s0203g00015.1, VIT_200s0181g00006.1, VIT_200s1363g00021.1, VIT_200s0181g00003.1, VIT_200s0203g00003.1	Aqcoe1G359900.2.p, Aqcoe1G359600.1.p, Aqcoe1G359700.1.p, Aqcoe1G359900.1.p, Aqcoe1G359800.1.p
OG0005524	VIT_200s2679g00010.1	Aqcoe4G260700.1.p, Aqcoe7G371900.1.p, Aqcoe5G195800.1.p
OG0005525	VIT_210s0003g00330.1	Aqcoe1G252000.1.p, Aqcoe4G077500.1.p
OG0005526	VIT_218s0089g00880.1	Aqcoe4G163800.1.p, Aqcoe1G027000.1.p, Aqcoe1G027000.4.p, Aqcoe1G027000.3.p, Aqcoe1G027000.2.p
OG0005527	VIT_212s0028g01550.3, VIT_212s0028g01550.4, VIT_212s0028g01550.2, VIT_212s0028g01550.1	Aqcoe4G030000.1.p, Aqcoe4G030000.2.p
OG0005528	VIT_203s0132g00280.1, VIT_214s0171g00520.4, VIT_214s0171g00520.2, VIT_214s0171g00520.6, VIT_214s0171g00520.5, VIT_214s0171g00520.7, VIT_214s0171g00520.3, VIT_214s0171g00520.1	Aqcoe4G205900.1.p
OG0005529	VIT_212s0059g01400.2, VIT_212s0059g01400.3, VIT_212s0059g01400.1	Aqcoe4G296800.1.p
OG0005529	VIT_210s0523g00020.1	Aqcoe5G137700.1.p
OG0005530	VIT_215s0046g00300.4, VIT_215s0046g00300.3, VIT_215s0046g00300.2, VIT_215s0046g00300.5, VIT_215s0046g00300.1	Aqcoe7G007600.1.p, Aqcoe4G025900.1.p
OG0005531	VIT_212s0057g00500.1, VIT_212s0057g00500.2, VIT_212s0057g00500.3	Aqcoe4G273800.1.p
OG0005532	VIT_200s0187g00290.1, VIT_200s0187g00330.1	Aqcoe4G285800.1.p
OG0005532	VIT_201s0146g00150.1	Aqcoe5G342500.1.p, Aqcoe3G162400.1.p
OG0005533	VIT_219s0014g01790.1, VIT_210s0003g00670.1	Aqcoe1G242800.1.p, Aqcoe4G068400.1.p
OG0005534	VIT_210s0116g00210.1, VIT_210s0116g00290.1	Aqcoe4G224900.1.p
OG0005535	VIT_210s0042g01220.1, VIT_213s0074g00310.1, VIT_213s0074g00310.2	Aqcoe4G249100.2.p, Aqcoe4G249100.1.p
OG0005536	VIT_219s0014g03530.5, VIT_219s0014g03530.3, VIT_219s0014g03530.4, VIT_219s0014g03530.1, VIT_219s0014g03530.2, VIT_219s0014g03530.6	Aqcoe4G167500.2.p, Aqcoe4G167500.3.p, Aqcoe4G167500.1.p
OG0005537	VIT_201s0150g00280.1, VIT_201s0150g00270.1	Aqcoe3G207400.1.p, Aqcoe4G058000.1.p
OG0005538	VIT_204s0008g02040.2, VIT_204s0008g02040.3, VIT_204s0008g02040.1	Aqcoe7G431100.1.p
OG0005539	VIT_217s0000g09390.6, VIT_217s0000g09390.4, VIT_217s0000g09390.5, VIT_217s0000g09390.2, VIT_217s0000g09390.1, VIT_217s0000g09390.7, VIT_217s0000g09390.3	Aqcoe7G418900.1.p
OG0005540	VIT_211s0118g00300.1, VIT_211s0118g00300.3, VIT_211s0118g00300.2	Aqcoe7G003400.1.p
OG0005541	VIT_204s0008g06810.1	Aqcoe7G350900.2.p, Aqcoe7G350900.1.p
OG0005542	VIT_211s0118g00550.1, VIT_209s0002g08420.1	Aqcoe7G375000.1.p
OG0005543	VIT_204s0008g05000.3, VIT_204s0008g05000.1, VIT_204s0008g05000.2	Aqcoe7G211700.1.p
OG0005544	VIT_211s0016g00520.1, VIT_211s0016g00520.2, VIT_211s0016g00520.3	Aqcoe7G438000.1.p
OG0005545	VIT_211s0016g04340.1, VIT_211s0016g04340.3, VIT_211s0016g04340.5, VIT_211s0016g04310.1, VIT_211s0016g04340.4, VIT_211s0016g04340.2	Aqcoe7G192200.1.p
OG0005546	VIT_217s0000g00140.2, VIT_217s0000g00140.4, VIT_217s0000g00140.3, VIT_217s0000g00140.1	Aqcoe5G390000.1.p, Aqcoe7G081000.1.p
OG0005547	VIT_202s0025g03460.1, VIT_202s0025g03460.2, VIT_204s0023g02205.1	Aqcoe7G033400.2.p, Aqcoe7G033400.1.p, Aqcoe7G033400.3.p
OG0005548	VIT_213s0019g03335.1	Aqcoe7G005600.1.p, Aqcoe5G465700.1.p, Aqcoe5G466100.1.p
OG0005549	VIT_209s0002g03880.1, VIT_209s0002g03880.3, VIT_209s0002g03880.2	Aqcoe7G158800.1.p
OG0005550	VIT_211s0078g00430.3, VIT_211s0078g00430.2, VIT_211s0078g00430.1	Aqcoe7G287300.2.p, Aqcoe7G287300.3.p, Aqcoe7G287300.1.p
OG0005551	VIT_215s0048g00460.1	Aqcoe7G076100.1.p
OG0005552	VIT_204s0008g02710.2, VIT_204s0008g02710.3, VIT_204s0008g02710.1	Aqcoe7G292300.2.p, Aqcoe7G292300.1.p
OG0005553	VIT_208s0007g07810.1	Aqcoe7G191500.1.p, Aqcoe7G191300.1.p
OG0005554	VIT_209s0002g05100.4, VIT_209s0002g05100.2, VIT_209s0002g05100.3, VIT_209s0002g05100.5, VIT_209s0002g05100.1, VIT_209s0002g05100.6	Aqcoe7G194100.1.p
OG0005555	VIT_211s0037g01240.6, VIT_211s0037g01240.5, VIT_211s0037g01240.7, VIT_211s0037g01240.3, VIT_211s0037g01240.4, VIT_211s0037g01110.4, VIT_211s0037g01240.1, VIT_211s0037g01110.1, VIT_211s0037g01240.2, VIT_211s0037g01110.3, VIT_211s0037g01110.2	Aqcoe7G338900.1.p, Aqcoe7G338900.2.p
OG0005556	VIT_214s0060g02210.3, VIT_214s0060g02210.1, VIT_214s0060g02210.2	Aqcoe7G166400.1.p
OG0005557	VIT_218s0076g00380.2, VIT_218s0076g00380.1, VIT_218s0166g00320.1	Aqcoe1G350000.1.p, Aqcoe5G358600.1.p, Aqcoe7G104400.1.p
OG0005558	VIT_202s0154g00550.4, VIT_202s0154g00550.5, VIT_202s0154g00550.6, VIT_202s0154g00550.3, VIT_202s0154g00550.1, VIT_202s0154g00550.2	Aqcoe7G082600.1.p
OG0005559	VIT_217s0000g07250.1, VIT_217s0000g07250.2	Aqcoe5G325900.3.p, Aqcoe5G325900.1.p, Aqcoe5G325900.2.p, Aqcoe5G325900.4.p
OG0005559	VIT_211s0052g00090.1	Aqcoe7G035100.1.p, Aqcoe7G035100.2.p, Aqcoe7G274500.1.p, Aqcoe7G274500.2.p
OG0005560	VIT_211s0037g00960.2, VIT_211s0037g00960.4, VIT_211s0037g00960.3, VIT_211s0037g00960.1	Aqcoe7G342000.1.p
OG0005561	VIT_204s0008g06180.1	Aqcoe7G371500.1.p, Aqcoe7G370200.1.p, Aqcoe7G370100.1.p
OG0005562	VIT_215s0046g02860.2, VIT_215s0046g02860.1	Aqcoe7G035400.1.p, Aqcoe3G257000.1.p, Aqcoe3G257000.4.p, Aqcoe3G257000.2.p, Aqcoe3G257000.6.p, Aqcoe3G257000.3.p, Aqcoe3G257000.5.p, Aqcoe3G257000.7.p
OG0005563	VIT_216s0013g01510.2, VIT_216s0013g01510.1, VIT_216s0013g01510.4	Aqcoe7G092600.1.p
OG0005563	VIT_216s0013g01510.3	Aqcoe7G092700.1.p
OG0005564	VIT_204s0008g02540.2, VIT_204s0008g02540.3, VIT_204s0008g02540.1	Aqcoe7G317500.1.p
OG0005565	VIT_209s0002g04110.1, VIT_209s0002g04110.3, VIT_209s0002g04110.2	Aqcoe7G165800.1.p
OG0005566	VIT_216s0100g00460.1, VIT_202s0025g04420.1	Aqcoe7G047100.1.p
OG0005567	VIT_211s0016g03890.1, VIT_211s0016g03890.4, VIT_211s0016g03890.7, VIT_211s0016g03890.5, VIT_211s0016g03890.3, VIT_211s0016g03890.2, VIT_211s0016g03890.8, VIT_211s0016g03890.6	Aqcoe7G176800.1.p
OG0005568	VIT_209s0070g00370.2, VIT_209s0070g00370.3, VIT_209s0070g00370.4, VIT_209s0070g00370.1	Aqcoe7G243500.4.p, Aqcoe7G243500.2.p, Aqcoe7G243500.1.p, Aqcoe7G243500.3.p
OG0005569	VIT_209s0002g00950.5, VIT_209s0002g00950.3, VIT_209s0002g00950.4, VIT_209s0002g00950.2, VIT_209s0002g00950.1, VIT_209s0002g02746.1	Aqcoe7G432100.1.p
OG0005570	VIT_215s0048g00750.2, VIT_215s0048g00750.1, VIT_215s0048g00750.3	Aqcoe7G063900.1.p, Aqcoe7G063900.2.p, Aqcoe7G343400.2.p, Aqcoe7G343400.1.p
OG0005571	VIT_209s0054g00830.6, VIT_209s0054g00830.1, VIT_209s0054g00830.9, VIT_209s0054g00830.5, VIT_209s0054g00830.4, VIT_209s0054g00830.3, VIT_209s0054g00830.7, VIT_209s0054g00830.8, VIT_209s0054g00830.2	Aqcoe7G290900.1.p
OG0005572	VIT_204s0008g07310.1, VIT_204s0008g07310.2, VIT_204s0008g07310.3	Aqcoe7G307800.1.p
OG0005573	VIT_211s0016g00280.2, VIT_211s0016g00280.4, VIT_211s0016g00280.1	Aqcoe7G442400.3.p, Aqcoe7G442400.2.p, Aqcoe7G442400.1.p
OG0005574	VIT_216s0050g00070.1, VIT_215s0046g03190.2, VIT_215s0046g03190.1	Aqcoe7G038200.1.p
OG0005575	VIT_204s0008g01970.1	Aqcoe7G111900.2.p, Aqcoe7G111900.1.p
OG0005576	VIT_200s0620g00010.1	Aqcoe7G093100.1.p
OG0005577	VIT_202s0025g01440.1	Aqcoe7G011300.1.p
OG0005578	VIT_209s0054g00660.1, VIT_209s0054g00740.1, VIT_201s0011g06445.1, VIT_218s0082g00252.1, VIT_204s0008g02800.1	Aqcoe7G286800.1.p
OG0005579	VIT_208s0007g05870.3, VIT_208s0007g05870.6, VIT_208s0007g05870.9, VIT_208s0007g05870.8, VIT_208s0007g05870.7, VIT_208s0007g05870.4, VIT_208s0007g05870.2, VIT_208s0007g05870.1, VIT_208s0007g05870.5	Aqcoe7G310300.2.p, Aqcoe7G310300.1.p
OG0005580	VIT_210s0116g00830.1, VIT_210s0116g00830.5, VIT_210s0116g00830.3, VIT_210s0116g00830.4	Aqcoe7G322400.2.p, Aqcoe7G322400.1.p
OG0005581	VIT_211s0016g01180.2, VIT_211s0016g01180.6, VIT_211s0016g01180.4, VIT_211s0016g01180.5, VIT_211s0016g01180.3, VIT_211s0016g01180.1	Aqcoe7G421200.1.p
OG0005582	VIT_216s0050g02290.1, VIT_216s0050g02290.3, VIT_216s0050g02290.2	Aqcoe7G173300.1.p
OG0005583	VIT_209s0054g00920.3, VIT_209s0054g00920.5, VIT_209s0054g00920.4, VIT_209s0054g00920.1, VIT_209s0054g00920.2	Aqcoe7G293600.1.p
OG0005584	VIT_216s0050g00570.2, VIT_216s0050g00570.1	Aqcoe7G035300.1.p
OG0005585	VIT_202s0025g04500.1, VIT_202s0025g04500.4, VIT_202s0025g04500.2, VIT_202s0025g04500.3	Aqcoe7G050200.5.p, Aqcoe7G050200.4.p, Aqcoe7G050200.3.p, Aqcoe7G050200.1.p, Aqcoe7G050200.2.p
OG0005586	VIT_204s0008g03600.2, VIT_204s0008g03600.1	Aqcoe7G400600.1.p
OG0005587	VIT_212s0059g02490.1, VIT_212s0059g02490.2	Aqcoe7G401600.1.p
OG0005588	VIT_217s0000g03710.1, VIT_217s0000g03710.2, VIT_217s0000g03710.3	Aqcoe7G416100.1.p, Aqcoe3G021200.2.p, Aqcoe3G021200.1.p
OG0005589	VIT_204s0008g05210.1, VIT_204s0008g05210.3, VIT_204s0008g05210.5, VIT_204s0008g05210.4, VIT_204s0008g05210.2	Aqcoe7G272800.1.p
OG0005590	VIT_208s0007g05210.1	Aqcoe7G334200.2.p, Aqcoe7G334200.1.p
OG0005591	VIT_211s0037g00263.1, VIT_204s0008g06660.1	Aqcoe7G356700.1.p
OG0005592	VIT_209s0002g00170.1	Aqcoe7G099100.1.p
OG0005593	VIT_200s0229g00160.3, VIT_200s0229g00160.1, VIT_200s0229g00160.2	Aqcoe7G088900.2.p, Aqcoe7G088900.1.p
OG0005594	VIT_204s0008g03280.1, VIT_204s0008g03280.2, VIT_204s0008g03280.3	Aqcoe7G158000.7.p, Aqcoe7G158000.4.p, Aqcoe7G158000.1.p, Aqcoe7G158000.2.p, Aqcoe7G158000.3.p, Aqcoe7G158000.5.p, Aqcoe7G158000.6.p
OG0005595	VIT_209s0054g00970.1, VIT_209s0054g00970.6	Aqcoe7G296300.5.p, Aqcoe7G296300.2.p, Aqcoe7G296300.4.p, Aqcoe7G296300.1.p, Aqcoe7G296300.3.p
OG0005596	VIT_202s0025g05120.1, VIT_202s0025g05120.3	Aqcoe7G065700.1.p
OG0005597	VIT_204s0008g07360.1, VIT_211s0052g01720.4, VIT_211s0052g01720.3, VIT_211s0052g01720.5, VIT_211s0052g01720.2, VIT_211s0052g01720.1	Aqcoe7G333100.1.p
OG0005598	VIT_200s2563g00010.3, VIT_200s2563g00010.2, VIT_200s2563g00010.1	Aqcoe7G081400.1.p
OG0005599	VIT_215s0046g00220.2, VIT_215s0046g00220.1, VIT_202s0025g02090.3, VIT_202s0025g02090.2, VIT_202s0025g02090.1	Aqcoe7G006700.1.p, Aqcoe7G006700.2.p
OG0005600	VIT_214s0006g01925.1, VIT_214s0006g01930.1, VIT_214s0006g01910.1, VIT_214s0006g01960.1, VIT_201s0011g04660.1, VIT_201s0011g04650.1	Aqcoe7G111500.1.p
OG0005601	VIT_200s0229g00100.1	Aqcoe7G087600.1.p
OG0005602	VIT_215s0048g01740.7, VIT_215s0048g01740.4, VIT_215s0048g01740.5, VIT_215s0048g01740.1, VIT_215s0048g01740.2	Aqcoe7G060800.3.p, Aqcoe7G060800.2.p, Aqcoe7G060800.1.p
OG0005603	VIT_211s0016g04600.5, VIT_211s0016g04600.2, VIT_211s0016g04600.6, VIT_211s0016g04600.4, VIT_211s0016g04600.3, VIT_211s0016g04600.1	Aqcoe7G203800.1.p
OG0005604	VIT_204s0008g02900.4, VIT_204s0008g02900.2, VIT_204s0008g02900.1, VIT_204s0008g02900.6, VIT_204s0008g02900.7, VIT_204s0008g02900.5, VIT_204s0008g02900.8, VIT_204s0008g02900.3	Aqcoe7G240600.1.p
OG0005605	VIT_209s0002g02490.1	Aqcoe7G134900.1.p, Aqcoe7G134900.2.p
OG0005606	VIT_211s0016g01110.3, VIT_211s0016g01110.2, VIT_211s0016g01110.1	Aqcoe7G436300.2.p, Aqcoe7G436300.1.p, Aqcoe7G436300.3.p
OG0005607	VIT_204s0008g04720.1, VIT_204s0008g04720.3, VIT_204s0008g04720.2	Aqcoe7G208800.2.p, Aqcoe7G208800.1.p
OG0005608	VIT_215s0021g00210.1	Aqcoe7G071000.3.p, Aqcoe7G071000.1.p, Aqcoe7G071000.2.p
OG0005609	VIT_209s0002g04000.1, VIT_209s0002g04000.2, VIT_209s0002g04000.3	Aqcoe7G161300.1.p
OG0005610	VIT_211s0016g05640.1, VIT_211s0016g05640.2, VIT_204s0008g05560.1, VIT_204s0008g05560.2	Aqcoe7G236700.1.p
OG0005611	VIT_217s0000g04300.1, VIT_217s0000g04320.1	Aqcoe1G480800.1.p, Aqcoe1G480800.2.p
OG0005612	VIT_208s0056g01310.1	Aqcoe1G065700.3.p, Aqcoe1G065700.1.p, Aqcoe1G065700.2.p
OG0005613	VIT_213s0019g04730.5, VIT_213s0019g04730.2, VIT_213s0019g04730.4, VIT_213s0019g04730.8, VIT_213s0019g04730.1, VIT_213s0019g04730.3	Aqcoe1G133400.1.p
OG0005614	VIT_208s0105g00360.1, VIT_213s0067g01000.1	Aqcoe1G419100.1.p
OG0005615	VIT_213s0019g04770.2, VIT_213s0019g04770.3, VIT_213s0019g04770.4, VIT_213s0019g04770.1	Aqcoe1G132500.2.p, Aqcoe1G132500.1.p, Aqcoe1G132500.4.p, Aqcoe1G132500.3.p
OG0005616	VIT_206s0004g03460.1, VIT_206s0004g03460.2	Aqcoe1G489500.2.p, Aqcoe1G489500.1.p
OG0005617	VIT_213s0064g01360.1, VIT_213s0064g01360.2	Aqcoe1G441600.3.p, Aqcoe1G441600.2.p, Aqcoe1G441600.1.p, Aqcoe5G249500.1.p
OG0005618	VIT_212s0057g01380.1, VIT_219s0015g01110.1, VIT_219s0015g01110.2	Aqcoe1G377700.2.p, Aqcoe1G377700.1.p
OG0005619	VIT_212s0028g00710.1	Aqcoe1G209600.1.p, Aqcoe1G209600.2.p, Aqcoe1G209500.1.p
OG0005620	VIT_206s0004g03800.2, VIT_206s0004g03800.1, VIT_206s0004g03800.3	Aqcoe1G481600.1.p, Aqcoe1G481600.2.p
OG0005621	VIT_208s0040g00900.1	Aqcoe1G007900.1.p
OG0005622	VIT_208s0007g04240.1, VIT_208s0007g04240.2	Aqcoe1G118400.2.p, Aqcoe1G118400.3.p, Aqcoe1G118400.1.p, Aqcoe1G118400.4.p
OG0005623	VIT_210s0003g04560.7, VIT_210s0003g04560.6, VIT_210s0003g04560.5, VIT_210s0003g04560.1, VIT_210s0003g04560.2, VIT_210s0003g04560.3, VIT_210s0003g04560.4	Aqcoe1G184500.1.p
OG0005624	VIT_214s0068g02000.1, VIT_205s0020g02560.3, VIT_205s0020g02560.1	Aqcoe1G190300.1.p, Aqcoe5G357200.1.p
OG0005625	VIT_213s0067g03100.1, VIT_213s0106g00820.1, VIT_213s0064g01130.1, VIT_208s0058g01370.1, VIT_208s0058g01370.2	Aqcoe1G146300.1.p
OG0005626	VIT_208s0007g00030.1, VIT_208s0007g00030.2, VIT_208s0007g00020.1, VIT_208s0007g00020.2, VIT_208s0007g00020.3	Aqcoe1G468500.1.p
OG0005627	VIT_209s0002g08130.1, VIT_211s0118g00440.2, VIT_211s0118g00440.3, VIT_211s0118g00440.1	Aqcoe1G394600.1.p, Aqcoe1G119600.1.p
OG0005628	VIT_213s0047g00525.1, VIT_219s0027g01155.1, VIT_203s0017g01920.1	Aqcoe1G012900.1.p
OG0005629	VIT_206s0004g04800.1, VIT_206s0004g04800.2, VIT_213s0019g01090.1, VIT_213s0019g01090.2	Aqcoe1G458800.2.p
OG0005630	VIT_208s0007g02490.1	Aqcoe1G432600.1.p, Aqcoe1G433100.1.p
OG0005631	VIT_219s0015g00570.1, VIT_219s0015g00570.4, VIT_219s0015g00570.3	Aqcoe1G379400.1.p, Aqcoe1G379400.2.p
OG0005632	VIT_200s0181g00250.1	Aqcoe1G309300.1.p, Aqcoe1G309300.2.p
OG0005633	VIT_206s0004g06590.2, VIT_206s0004g06590.1, VIT_206s0004g06590.3, VIT_206s0004g06590.5, VIT_206s0004g06590.4	Aqcoe1G421200.1.p
OG0005634	VIT_206s0004g02800.3, VIT_206s0004g02800.1, VIT_206s0004g02800.2	Aqcoe1G143700.2.p, Aqcoe1G143700.1.p
OG0005635	VIT_212s0057g00900.1, VIT_219s0015g00260.1, VIT_219s0015g00260.2	Aqcoe1G384200.1.p, Aqcoe1G384200.2.p
OG0005636	VIT_206s0004g07660.4, VIT_206s0004g07660.2, VIT_206s0004g07660.1, VIT_208s0058g00930.4, VIT_208s0058g00930.1, VIT_208s0058g00930.5, VIT_208s0058g00930.2	Aqcoe1G396200.1.p
OG0005637	VIT_203s0063g02410.3, VIT_203s0063g02410.2, VIT_203s0063g02410.1	Aqcoe5G195500.1.p, Aqcoe1G459500.1.p, Aqcoe1G459600.1.p
OG0005638	VIT_206s0004g00750.1, VIT_206s0004g00740.1	Aqcoe1G051300.4.p, Aqcoe1G051300.2.p, Aqcoe1G051300.7.p, Aqcoe1G051300.6.p, Aqcoe1G051300.5.p, Aqcoe1G051300.9.p, Aqcoe1G051300.1.p, Aqcoe1G051300.8.p, Aqcoe1G051300.3.p
OG0005639	VIT_206s0004g06110.3, VIT_206s0004g06110.1	Aqcoe1G083100.2.p, Aqcoe1G083100.1.p
OG0005640	VIT_212s0059g01640.1	Aqcoe1G335300.1.p, Aqcoe1G335400.1.p
OG0005641	VIT_212s0059g00190.2, VIT_212s0059g00190.1	Aqcoe1G274100.1.p
OG0005642	VIT_208s0056g00770.5, VIT_208s0056g00770.2, VIT_208s0056g00770.3, VIT_208s0056g00770.4, VIT_208s0056g00770.1	Aqcoe1G000500.2.p, Aqcoe1G000500.1.p
OG0005644	VIT_219s0027g01090.1, VIT_219s0027g01090.2	Aqcoe1G177200.1.p
OG0005645	VIT_206s0004g03740.1	Aqcoe1G482600.1.p, Aqcoe1G482600.2.p, Aqcoe1G482700.4.p, Aqcoe1G482700.3.p, Aqcoe1G482700.1.p, Aqcoe1G482700.5.p, Aqcoe1G482700.2.p
OG0005646	VIT_206s0004g01700.1, VIT_206s0004g01700.2	Aqcoe1G021800.4.p, Aqcoe1G021800.3.p, Aqcoe1G021800.1.p, Aqcoe1G021800.2.p
OG0005647	VIT_208s0040g01670.1	Aqcoe1G139500.1.p
OG0005648	VIT_208s0040g03340.1, VIT_208s0040g03340.2	Aqcoe1G470600.3.p, Aqcoe1G470600.1.p, Aqcoe1G470600.2.p
OG0005649	VIT_208s0007g00960.1, VIT_213s0019g02300.1	Aqcoe1G099200.1.p
OG0005650	VIT_206s0080g00030.5, VIT_206s0080g00030.1, VIT_206s0080g00030.4, VIT_206s0080g00030.3, VIT_206s0080g00030.7, VIT_206s0080g00030.6, VIT_206s0080g00030.2	Aqcoe1G451300.2.p, Aqcoe1G451300.1.p
OG0005651	VIT_202s0025g02440.1	Aqcoe1G154400.1.p
OG0005652	VIT_210s0003g00560.2, VIT_210s0003g00560.1	Aqcoe1G245800.2.p, Aqcoe1G245800.1.p
OG0005653	VIT_212s0059g01240.4, VIT_212s0059g01240.2, VIT_202s0087g00580.1, VIT_212s0059g01240.5, VIT_212s0059g01240.3, VIT_212s0059g01240.1	Aqcoe1G340900.2.p, Aqcoe1G340900.1.p
OG0005654	VIT_219s0014g02470.1, VIT_219s0014g02470.2	Aqcoe1G260400.4.p, Aqcoe1G260400.5.p, Aqcoe1G260400.3.p, Aqcoe1G260400.2.p, Aqcoe1G260400.6.p, Aqcoe1G260400.1.p
OG0005655	VIT_213s0019g05250.4, VIT_213s0019g05250.1, VIT_213s0019g05250.2, VIT_213s0019g05250.3	Aqcoe1G125900.2.p, Aqcoe1G125900.1.p
OG0005656	VIT_213s0067g00960.2, VIT_213s0067g00960.5, VIT_213s0067g00960.6, VIT_213s0067g00960.7, VIT_213s0067g00960.4, VIT_213s0067g00960.3, VIT_213s0067g00960.1	Aqcoe1G419500.1.p
OG0005657	VIT_213s0073g00520.1, VIT_208s0032g01030.1	Aqcoe1G075200.1.p
OG0005658	VIT_213s0019g04640.1, VIT_213s0019g04640.3, VIT_213s0019g04640.2	Aqcoe1G136900.2.p, Aqcoe1G136900.1.p
OG0005659	VIT_219s0090g01820.5, VIT_219s0090g01820.4, VIT_219s0090g01820.3, VIT_219s0090g01820.2, VIT_219s0090g01820.1	Aqcoe1G387900.1.p
OG0005660	VIT_219s0014g03470.2, VIT_219s0014g03470.1, VIT_219s0014g03470.4, VIT_219s0014g03470.3, VIT_219s0014g03470.5, VIT_219s0014g03470.6	Aqcoe1G301500.2.p, Aqcoe1G301500.1.p, Aqcoe1G301500.3.p
OG0005661	VIT_206s0009g02510.5, VIT_206s0009g02510.3, VIT_206s0009g02510.1, VIT_206s0009g02510.4, VIT_206s0009g02510.2	Aqcoe1G048300.2.p, Aqcoe1G048300.3.p, Aqcoe1G048300.1.p
OG0005662	VIT_213s0064g00670.1	Aqcoe1G030900.1.p
OG0005663	VIT_206s0009g02310.1	Aqcoe1G005500.1.p
OG0005664	VIT_206s0004g00930.1	Aqcoe1G007500.4.p, Aqcoe1G007500.1.p, Aqcoe1G007500.3.p, Aqcoe1G007500.5.p, Aqcoe1G007500.2.p
OG0005665	VIT_206s0061g00740.1, VIT_206s0061g00740.3, VIT_206s0061g00740.2, VIT_206s0061g00740.4, VIT_206s0061g00740.10, VIT_206s0061g00740.5, VIT_206s0061g00740.7, VIT_206s0061g00740.6, VIT_206s0061g00740.8, VIT_206s0061g00740.9, VIT_206s0061g00740.11	Aqcoe1G127600.1.p
OG0005666	VIT_213s0064g01010.1, VIT_213s0064g01010.2, VIT_208s0007g08170.1	Aqcoe1G033700.1.p
OG0005667	VIT_206s0061g01500.1	Aqcoe3G387700.1.p, Aqcoe1G354900.1.p
OG0005668	VIT_206s0004g00060.6, VIT_206s0004g00060.7, VIT_206s0004g00060.5, VIT_206s0004g00060.8, VIT_206s0004g00060.4, VIT_206s0004g00060.1, VIT_206s0004g00060.3, VIT_206s0004g00060.2	Aqcoe1G001500.1.p, Aqcoe1G001500.2.p
OG0005669	VIT_201s0011g00460.2, VIT_201s0011g00460.1, VIT_217s0000g07320.1	Aqcoe1G016100.2.p, Aqcoe1G016100.1.p
OG0005670	VIT_219s0090g01050.1, VIT_219s0090g01050.2, VIT_212s0059g01250.2, VIT_212s0059g01250.1	Aqcoe1G340800.1.p
OG0005671	VIT_219s0014g00070.4, VIT_219s0014g00070.3, VIT_219s0014g00070.2, VIT_219s0014g00070.7, VIT_219s0014g00070.5, VIT_219s0014g00070.1, VIT_219s0014g00070.9, VIT_219s0014g00070.8, VIT_219s0014g00070.6	Aqcoe1G198500.1.p
OG0005672	VIT_210s0003g04970.1, VIT_212s0028g01190.1, VIT_212s0028g01190.2	Aqcoe1G180000.2.p, Aqcoe1G180000.1.p
OG0005673	VIT_213s0064g00440.2, VIT_213s0064g00440.1	Aqcoe1G028800.2.p, Aqcoe1G028800.1.p, Aqcoe1G028800.3.p
OG0005674	VIT_219s0090g01000.1, VIT_214s0006g01370.1	Aqcoe1G344400.1.p
OG0005675	VIT_210s0003g03730.1	Aqcoe1G189000.1.p, Aqcoe5G326400.1.p, Aqcoe1G189200.4.p, Aqcoe1G189200.3.p, Aqcoe1G189200.7.p, Aqcoe1G189200.6.p, Aqcoe1G189200.1.p, Aqcoe1G189200.9.p, Aqcoe1G189200.8.p, Aqcoe1G189200.2.p, Aqcoe1G189200.10.p, Aqcoe1G189200.5.p
OG0005676	VIT_208s0007g05340.1, VIT_208s0007g05340.2, VIT_208s0007g05340.3	Aqcoe3G214600.1.p, Aqcoe1G054800.1.p
OG0005677	VIT_219s0090g00440.2, VIT_219s0090g00440.3, VIT_219s0090g00440.1, VIT_219s0090g00440.4, VIT_219s0090g00440.5	Aqcoe1G234900.2.p, Aqcoe1G234900.3.p, Aqcoe1G234900.1.p
OG0005678	VIT_204s0023g00750.2, VIT_204s0023g00750.3, VIT_204s0023g00750.1	Aqcoe1G083300.1.p
OG0005679	VIT_207s0031g00020.1, VIT_203s0180g00020.1, VIT_201s0137g00100.1	Aqcoe5G142900.1.p
OG0005680	VIT_201s0137g00690.1	Aqcoe5G396300.1.p, Aqcoe5G396200.1.p, Aqcoe5G396200.2.p
OG0005681	VIT_218s0001g09160.1, VIT_207s0129g00200.1	Aqcoe5G101200.2.p, Aqcoe5G101200.1.p
OG0005682	VIT_218s0122g01350.1, VIT_203s0038g03650.1, VIT_215s0024g01240.1, VIT_218s0122g01350.2, VIT_218s0122g01350.4, VIT_218s0122g01350.3	Aqcoe5G122700.1.p
OG0005684	VIT_215s0048g02240.1, VIT_215s0048g02230.1	Aqcoe5G475400.4.p, Aqcoe5G475400.3.p, Aqcoe5G475400.1.p, Aqcoe5G475400.2.p, Aqcoe5G475300.1.p, Aqcoe5G475300.2.p
OG0005685	VIT_218s0001g11030.2, VIT_218s0001g11030.1	Aqcoe5G157400.1.p
OG0005686	VIT_212s0035g01840.2, VIT_212s0035g01840.5, VIT_212s0035g01840.7, VIT_212s0035g01840.4, VIT_212s0035g01840.6, VIT_212s0035g01840.3, VIT_212s0035g01840.1, VIT_212s0035g01840.8, VIT_212s0035g01840.9	Aqcoe5G216500.1.p
OG0005687	VIT_203s0038g02100.2, VIT_203s0038g02100.3, VIT_203s0038g02100.1, VIT_203s0038g02100.5, VIT_203s0038g02100.4	Aqcoe5G192800.1.p, Aqcoe5G192800.2.p
OG0005688	VIT_214s0068g00780.2, VIT_214s0068g00780.1, VIT_214s0068g00780.3, VIT_214s0068g00780.4	Aqcoe5G322700.1.p, Aqcoe5G322700.2.p
OG0005689	VIT_218s0001g12580.1, VIT_204s0023g01880.1	Aqcoe5G189600.1.p
OG0005690	VIT_216s0100g00300.1, VIT_216s0100g00300.3	Aqcoe5G110800.1.p, Aqcoe5G426900.1.p, Aqcoe5G448600.1.p, Aqcoe5G454200.1.p, Aqcoe5G429100.1.p, Aqcoe5G430000.1.p, Aqcoe5G431800.1.p, Aqcoe5G426000.1.p
OG0005691	VIT_214s0081g00720.1, VIT_205s0049g00460.1, VIT_205s0049g00460.2, VIT_205s0049g00460.3, VIT_205s0049g00460.4	Aqcoe5G028500.2.p, Aqcoe5G028500.1.p
OG0005692	VIT_207s0005g00040.1, VIT_207s0005g00040.3, VIT_207s0005g00040.4, VIT_207s0104g01680.1, VIT_207s0005g00040.2	Aqcoe5G083600.1.p
OG0005693	VIT_201s0010g02440.1	Aqcoe5G374700.1.p, Aqcoe5G376400.1.p, Aqcoe5G373600.1.p, Aqcoe5G373600.2.p
OG0005694	VIT_218s0001g00860.2, VIT_218s0001g00860.1	Aqcoe5G129000.1.p
OG0005695	VIT_218s0001g07700.1, VIT_218s0001g07700.4, VIT_218s0001g07700.2, VIT_218s0001g07700.3	Aqcoe5G166400.1.p, Aqcoe5G166400.2.p
OG0005696	VIT_215s0046g01010.2, VIT_215s0046g01010.1	Aqcoe5G455600.1.p, Aqcoe5G455600.2.p
OG0005697	VIT_218s0075g00510.1	Aqcoe5G383200.1.p
OG0005698	VIT_214s0171g00420.4, VIT_214s0171g00420.3, VIT_214s0171g00420.5, VIT_214s0171g00420.2, VIT_214s0171g00420.1	Aqcoe5G374300.1.p, Aqcoe3G187400.1.p
OG0005699	VIT_207s0151g00830.1, VIT_205s0020g03610.1	Aqcoe5G053400.1.p
OG0005700	VIT_201s0010g02800.2, VIT_201s0010g02800.1, VIT_214s0171g00210.1, VIT_214s0171g00210.3, VIT_214s0171g00210.2	Aqcoe5G368100.3.p, Aqcoe5G368100.2.p, Aqcoe5G368100.1.p
OG0005701	VIT_214s0068g01550.1, VIT_214s0068g01550.2	Aqcoe5G345600.1.p
OG0005702	VIT_213s0019g01230.5, VIT_213s0019g01230.6, VIT_213s0019g01230.4, VIT_213s0019g01230.1, VIT_213s0019g01230.2, VIT_213s0019g01230.3	Aqcoe5G357800.1.p
OG0005703	VIT_214s0171g00240.2, VIT_214s0171g00240.3, VIT_214s0171g00240.1, VIT_214s0171g00240.4	Aqcoe5G368800.2.p, Aqcoe5G368800.1.p
OG0005704	VIT_208s0056g01640.1, VIT_205s0049g01980.1, VIT_205s0049g01980.4, VIT_205s0049g01980.2	Aqcoe5G015800.2.p, Aqcoe5G015800.1.p
OG0005705	VIT_202s0025g02580.3, VIT_202s0025g02580.2, VIT_202s0025g02580.1	Aqcoe5G469800.1.p, Aqcoe3G064300.1.p, Aqcoe3G064300.2.p, Aqcoe3G064300.3.p
OG0005706	VIT_218s0001g04040.1	Aqcoe5G274300.1.p
OG0005707	VIT_214s0068g01960.1, VIT_216s0022g01100.1	Aqcoe5G065200.1.p, Aqcoe3G073500.1.p
OG0005708	VIT_202s0025g03100.1	Aqcoe5G474900.2.p, Aqcoe5G474900.1.p
OG0005709	VIT_207s0031g01830.1, VIT_207s0031g01810.1	Aqcoe5G255200.1.p
OG0005710	VIT_216s0022g00760.1, VIT_214s0068g00900.1	Aqcoe5G334500.1.p, Aqcoe5G334500.3.p, Aqcoe5G334500.2.p
OG0005711	VIT_201s0010g03570.3, VIT_201s0010g03570.5, VIT_201s0010g03570.2, VIT_201s0010g03570.1, VIT_201s0010g03570.4, VIT_201s0010g03570.6	Aqcoe5G358000.1.p
OG0005712	VIT_215s0048g02990.1	Aqcoe5G461500.1.p
OG0005713	VIT_213s0067g00010.1, VIT_213s0067g00010.2, VIT_200s1546g00010.2, VIT_200s1546g00010.1	Aqcoe5G109000.1.p
OG0005714	VIT_214s0128g00100.1	Aqcoe5G063300.2.p, Aqcoe5G063300.1.p
OG0005715	VIT_204s0023g02970.1	Aqcoe5G179200.3.p, Aqcoe5G179200.1.p, Aqcoe5G179200.2.p
OG0005716	VIT_201s0150g00400.1, VIT_201s0150g00400.2, VIT_200s0283g00030.1	Aqcoe5G320500.1.p
OG0005717	VIT_218s0122g00550.1	Aqcoe5G113000.1.p
OG0005719	VIT_202s0025g01170.4, VIT_202s0025g01170.2, VIT_202s0025g01170.1, VIT_202s0025g01170.5, VIT_202s0025g01170.3	Aqcoe5G449400.3.p, Aqcoe5G449400.2.p, Aqcoe5G449400.4.p, Aqcoe5G449400.1.p
OG0005720	VIT_202s0025g03210.1	Aqcoe5G478100.1.p
OG0005721	VIT_218s0001g01030.4, VIT_218s0001g01030.8, VIT_218s0001g01030.5, VIT_218s0001g01030.1, VIT_218s0001g01030.2, VIT_218s0001g01030.7, VIT_218s0001g01030.3, VIT_218s0001g01030.6	Aqcoe5G130700.1.p, Aqcoe5G130700.2.p
OG0005722	VIT_214s0030g00350.1, VIT_207s0104g00840.1	Aqcoe5G067300.1.p, Aqcoe5G067300.2.p
OG0005723	VIT_212s0034g02220.6, VIT_212s0034g02220.5, VIT_212s0034g02220.1, VIT_212s0034g02220.2, VIT_212s0034g02220.4, VIT_212s0034g02220.3	Aqcoe5G285100.1.p
OG0005724	VIT_207s0005g04600.1, VIT_207s0005g04610.1	Aqcoe5G010600.1.p
OG0005725	VIT_206s0004g02940.2, VIT_206s0004g02940.4, VIT_206s0004g02940.3, VIT_206s0004g02940.5, VIT_206s0004g02940.1	Aqcoe5G447800.1.p
OG0005726	VIT_207s0031g00640.2, VIT_207s0031g00640.1	Aqcoe5G151700.2.p, Aqcoe5G151700.1.p, Aqcoe5G151700.3.p
OG0005727	VIT_202s0087g00740.2, VIT_202s0087g00740.1, VIT_202s0087g00740.4, VIT_202s0087g00740.3, VIT_202s0087g00740.5	Aqcoe5G376900.2.p, Aqcoe5G376900.1.p
OG0005728	VIT_205s0077g01940.1, VIT_205s0077g01940.3, VIT_205s0077g01940.2	Aqcoe5G092300.1.p
OG0005730	VIT_204s0008g01870.1, VIT_204s0008g01870.2, VIT_209s0002g01380.1	Aqcoe5G407100.1.p
OG0005731	VIT_218s0001g07170.1	Aqcoe5G163200.1.p, Aqcoe5G163200.3.p, Aqcoe5G163200.2.p
OG0005732	VIT_205s0077g00820.1, VIT_205s0077g00820.2, VIT_205s0077g00820.3, VIT_205s0077g00200.1, VIT_205s0077g00250.1, VIT_205s0077g00210.1, VIT_205s0077g00160.1	Aqcoe5G134400.2.p, Aqcoe5G134400.3.p, Aqcoe5G134400.1.p
OG0005733	VIT_203s0063g02540.1, VIT_203s0063g02540.2	Aqcoe5G192900.3.p, Aqcoe5G192900.1.p, Aqcoe5G192900.2.p
OG0005734	VIT_215s0021g02690.1, VIT_215s0021g02690.2, VIT_215s0021g02690.3	Aqcoe5G413500.3.p, Aqcoe5G413500.1.p, Aqcoe5G413500.2.p
OG0005735	VIT_218s0001g09200.2, VIT_218s0001g09200.3, VIT_218s0001g09200.4, VIT_218s0001g09200.1	Aqcoe5G100500.4.p, Aqcoe5G100500.5.p, Aqcoe5G100500.2.p, Aqcoe5G100500.3.p, Aqcoe5G100500.1.p
OG0005736	VIT_207s0141g00570.1, VIT_214s0081g00060.1	Aqcoe5G039800.1.p
OG0005737	VIT_218s0122g01060.3, VIT_218s0122g01060.6, VIT_218s0122g01060.4, VIT_218s0122g01060.5, VIT_218s0122g01060.2, VIT_218s0122g01060.1	Aqcoe5G118200.2.p, Aqcoe5G118200.1.p
OG0005738	VIT_207s0005g03910.1, VIT_207s0005g03910.2, VIT_207s0005g03910.4, VIT_207s0005g03910.6, VIT_207s0005g03910.5, VIT_207s0005g03910.3	Aqcoe5G020100.3.p, Aqcoe5G020100.1.p, Aqcoe5G020100.2.p
OG0005739	VIT_202s0025g04160.9, VIT_202s0025g04160.7, VIT_202s0025g04160.2, VIT_202s0025g04160.3, VIT_202s0025g04160.1, VIT_202s0025g04160.4, VIT_202s0025g04160.6, VIT_202s0025g04160.8, VIT_202s0025g04160.11, VIT_202s0025g04160.10, VIT_202s0025g04160.5	Aqcoe5G423900.2.p, Aqcoe5G423900.3.p, Aqcoe5G423900.1.p
OG0005740	VIT_214s0060g00830.1, VIT_214s0060g00830.2, VIT_207s0005g01960.2, VIT_207s0005g01960.1	Aqcoe5G298500.1.p, Aqcoe5G298500.2.p
OG0005741	VIT_204s0044g00850.4, VIT_204s0044g00850.5, VIT_204s0044g00850.3, VIT_204s0044g00850.6, VIT_204s0044g00850.2, VIT_204s0044g00850.1	Aqcoe5G243900.2.p, Aqcoe5G243900.1.p
OG0005742	VIT_204s0008g06580.4, VIT_204s0008g06580.1, VIT_204s0008g06580.2, VIT_204s0008g06580.3, VIT_204s0008g06580.5	Aqcoe5G266400.1.p
OG0005743	VIT_201s0026g02540.1	Aqcoe3G341500.1.p
OG0005744	VIT_214s0083g00870.3, VIT_214s0083g00870.2, VIT_214s0083g00870.1	Aqcoe3G068800.2.p, Aqcoe3G068800.3.p, Aqcoe3G068800.1.p
OG0005745	VIT_214s0083g00950.1	Aqcoe3G288900.1.p
OG0005746	VIT_217s0000g08710.1, VIT_201s0127g00210.1	Aqcoe3G280300.1.p
OG0005747	VIT_202s0012g01750.1, VIT_202s0012g01750.2	Aqcoe3G166300.3.p, Aqcoe3G166300.1.p, Aqcoe3G166300.2.p, Aqcoe3G165600.1.p, Aqcoe3G165800.2.p, Aqcoe3G165800.3.p, Aqcoe3G165800.1.p, Aqcoe3G165400.1.p
OG0005748	VIT_217s0000g06950.3, VIT_217s0000g06950.2, VIT_217s0000g06950.4, VIT_217s0000g06950.6, VIT_217s0000g06950.1	Aqcoe3G360600.1.p
OG0005749	VIT_215s0021g01320.1	Aqcoe3G261300.4.p, Aqcoe3G261300.1.p, Aqcoe3G261300.3.p, Aqcoe3G261300.2.p
OG0005750	VIT_201s0026g00640.5, VIT_201s0026g00640.3, VIT_201s0026g00640.4, VIT_201s0026g00640.2, VIT_201s0026g00640.1	Aqcoe3G107000.2.p, Aqcoe3G107000.1.p
OG0005751	VIT_201s0026g01400.1	Aqcoe3G321300.3.p, Aqcoe3G321300.2.p, Aqcoe3G321300.1.p, Aqcoe3G321300.4.p
OG0005752	VIT_215s0021g01510.1, VIT_215s0021g01520.1	Aqcoe3G265800.1.p
OG0005753	VIT_202s0012g01020.2, VIT_202s0012g01020.1	Aqcoe3G226600.1.p, Aqcoe3G226000.1.p
OG0005754	VIT_214s0066g00820.3, VIT_214s0066g00820.2, VIT_214s0066g00820.1	Aqcoe3G277700.1.p
OG0005755	VIT_201s0011g02120.2, VIT_201s0011g02120.3, VIT_201s0011g02120.4, VIT_201s0011g02120.5, VIT_201s0011g02120.1	Aqcoe3G434600.1.p
OG0005756	VIT_201s0026g00710.2, VIT_201s0026g00710.1, VIT_201s0026g00710.3, VIT_201s0026g00710.4	Aqcoe3G304000.1.p, Aqcoe3G304000.2.p, Aqcoe3G107700.1.p
OG0005757	VIT_201s0011g02920.1	Aqcoe3G395500.1.p
OG0005758	VIT_214s0066g01090.1	Aqcoe3G287200.1.p
OG0005759	VIT_202s0033g01410.1, VIT_202s0033g01410.2, VIT_202s0087g00030.1, VIT_200s0125g00390.1	Aqcoe3G169900.7.p, Aqcoe3G169900.4.p, Aqcoe3G169900.1.p, Aqcoe3G169900.6.p, Aqcoe3G169900.5.p, Aqcoe3G169900.3.p, Aqcoe3G169900.2.p
OG0005760	VIT_217s0000g06010.2, VIT_217s0000g06010.1, VIT_217s0000g06010.3	Aqcoe3G335000.2.p, Aqcoe3G335000.1.p
OG0005761	VIT_214s0068g00250.2, VIT_214s0068g00250.1, VIT_217s0000g07350.1	Aqcoe3G060900.1.p
OG0005762	VIT_201s0011g00250.2, VIT_201s0011g00250.1	Aqcoe3G367200.1.p, Aqcoe3G367200.2.p, Aqcoe3G367200.3.p
OG0005763	VIT_204s0079g00790.1	Aqcoe3G427300.1.p
OG0005764	VIT_217s0000g01640.1	Aqcoe3G192900.1.p, Aqcoe3G192900.2.p
OG0005765	VIT_201s0011g03200.3, VIT_201s0011g03200.2, VIT_201s0011g03200.5, VIT_201s0011g03200.4, VIT_201s0011g03200.1	Aqcoe3G044600.1.p
OG0005766	VIT_201s0026g01510.2, VIT_201s0026g01510.4, VIT_201s0026g01510.1, VIT_201s0026g01510.5, VIT_201s0026g01510.3	Aqcoe3G323800.1.p
OG0005767	VIT_217s0000g07450.1	Aqcoe3G370700.1.p
OG0005768	VIT_216s0013g01750.1, VIT_216s0013g01750.2, VIT_216s0013g01750.3	Aqcoe3G273000.2.p, Aqcoe3G273000.5.p, Aqcoe3G273000.3.p, Aqcoe3G273000.4.p, Aqcoe3G273000.7.p, Aqcoe3G273000.6.p, Aqcoe3G273000.1.p
OG0005769	VIT_217s0000g06610.1	Aqcoe3G350900.1.p, Aqcoe3G350900.2.p, Aqcoe3G350900.3.p
OG0005770	VIT_201s0011g06050.7, VIT_201s0011g06050.8, VIT_201s0011g06050.4, VIT_201s0011g06050.2, VIT_201s0011g06050.1, VIT_201s0011g06050.3, VIT_201s0011g06050.6, VIT_201s0011g06050.5	Aqcoe3G413100.2.p, Aqcoe3G413100.3.p, Aqcoe3G413100.4.p, Aqcoe3G413100.1.p
OG0005771	VIT_217s0000g03590.2, VIT_217s0000g03590.1	Aqcoe3G035600.1.p
OG0005772	VIT_201s0026g02120.1, VIT_201s0026g02120.2, VIT_201s0026g02120.4, VIT_201s0026g02120.3	Aqcoe3G334000.1.p, Aqcoe3G334000.2.p
OG0005773	VIT_201s0011g02160.1	Aqcoe3G434900.3.p, Aqcoe3G434900.4.p, Aqcoe3G434900.2.p, Aqcoe3G434900.1.p
OG0005774	VIT_201s0011g05750.1, VIT_201s0011g05750.2	Aqcoe3G010000.1.p
OG0005775	VIT_217s0000g07370.1, VIT_217s0000g07400.1, VIT_217s0000g07375.1, VIT_217s0000g07420.1, VIT_217s0000g07560.2, VIT_217s0000g07560.1	Aqcoe3G311700.2.p, Aqcoe3G311700.1.p
OG0005776	VIT_202s0012g00910.1	Aqcoe3G230200.1.p
OG0005777	VIT_217s0000g06300.1	Aqcoe3G060100.1.p, Aqcoe3G342500.1.p
OG0005778	VIT_202s0012g00190.1, VIT_202s0012g00270.1	Aqcoe3G249100.3.p, Aqcoe3G249100.5.p, Aqcoe3G249100.1.p, Aqcoe3G249100.6.p, Aqcoe3G249100.4.p, Aqcoe3G249100.2.p
OG0005779	VIT_201s0026g00910.1	Aqcoe3G308500.1.p
OG0005780	VIT_200s0533g00010.1, VIT_216s0013g00500.1	Aqcoe3G265200.1.p
OG0005781	VIT_217s0000g02730.1	Aqcoe3G054500.1.p, Aqcoe3G054500.2.p, Aqcoe3G402700.2.p, Aqcoe3G402700.1.p, Aqcoe3G402700.3.p
OG0005782	VIT_217s0000g08690.1, VIT_217s0000g08690.2	Aqcoe3G280500.5.p, Aqcoe3G280500.4.p, Aqcoe3G280500.1.p, Aqcoe3G280500.3.p, Aqcoe3G280500.2.p
OG0005783	VIT_214s0066g01860.1, VIT_201s0026g00850.1, VIT_201s0026g00850.2	Aqcoe3G306600.2.p, Aqcoe3G306600.3.p, Aqcoe3G306600.1.p
OG0005784	VIT_214s0068g00410.4, VIT_214s0068g00410.2, VIT_214s0068g00410.1, VIT_214s0068g00410.3	Aqcoe3G287800.1.p
OG0005785	VIT_214s0068g01730.3, VIT_214s0068g01730.2, VIT_214s0068g01730.1, VIT_214s0068g01730.4	Aqcoe3G180100.4.p, Aqcoe3G180100.8.p, Aqcoe3G180100.7.p, Aqcoe3G180100.1.p, Aqcoe3G180100.5.p, Aqcoe3G180100.3.p, Aqcoe3G180100.2.p, Aqcoe3G180100.6.p
OG0005786	VIT_217s0000g08790.4, VIT_217s0000g08790.3, VIT_217s0000g08790.2, VIT_217s0000g08790.1	Aqcoe3G278600.2.p, Aqcoe3G278600.1.p
OG0005787	VIT_205s0020g02800.1, VIT_205s0020g02800.3, VIT_205s0020g02800.5, VIT_205s0020g02800.4, VIT_205s0020g02800.2	Aqcoe3G110400.3.p, Aqcoe3G110400.1.p, Aqcoe3G110400.2.p
OG0005788	VIT_201s0011g03370.2, VIT_201s0011g03370.1, VIT_201s0011g03370.3	Aqcoe3G400900.2.p, Aqcoe3G400900.3.p, Aqcoe3G400900.1.p
OG0005789	VIT_208s0007g05930.5, VIT_208s0007g05930.1, VIT_208s0007g05930.3, VIT_208s0007g05930.2, VIT_208s0007g05930.4, VIT_208s0058g00840.1	Aqcoe3G003800.1.p
OG0005790	VIT_201s0011g02070.1, VIT_201s0011g02070.2	Aqcoe3G434300.6.p, Aqcoe3G434300.4.p, Aqcoe3G434300.1.p, Aqcoe3G434300.2.p, Aqcoe3G434300.7.p, Aqcoe3G434300.8.p, Aqcoe3G434300.5.p, Aqcoe3G434300.3.p
OG0005791	VIT_217s0000g07650.1, VIT_214s0066g02410.2, VIT_214s0066g02410.1, VIT_214s0066g02410.3	Aqcoe3G309100.1.p
OG0005792	VIT_216s0039g00340.1, VIT_204s0069g01010.1	Aqcoe3G441500.1.p
OG0005793	VIT_217s0000g03060.4, VIT_217s0000g03060.2, VIT_217s0000g03060.3, VIT_217s0000g03060.1	Aqcoe3G201900.7.p, Aqcoe3G201900.6.p, Aqcoe3G201900.4.p, Aqcoe3G201900.2.p, Aqcoe3G201900.5.p, Aqcoe3G201900.1.p, Aqcoe3G201900.3.p
OG0005824	VIT_216s0098g01200.1	Aqcoe7G002600.1.p, Aqcoe2G035700.1.p
OG0005825	VIT_213s0064g00020.1	Aqcoe1G037000.3.p, Aqcoe1G037000.6.p, Aqcoe1G037000.1.p, Aqcoe2G179900.1.p
OG0005826	VIT_205s0020g02090.9, VIT_205s0020g02090.8, VIT_205s0020g02090.7, VIT_205s0020g02090.5, VIT_205s0020g02090.3, VIT_205s0020g02090.10, VIT_205s0020g02090.4, VIT_205s0020g02090.1, VIT_205s0020g02090.6, VIT_205s0020g02090.2	Aqcoe2G317300.1.p
OG0005827	VIT_214s0060g00590.2, VIT_214s0060g00590.1	Aqcoe2G261000.2.p, Aqcoe2G261000.1.p, Aqcoe2G258100.1.p
OG0005828	VIT_206s0004g00530.1, VIT_206s0004g02050.1	Aqcoe2G010500.1.p, Aqcoe3G173400.1.p, Aqcoe3G173400.2.p, Aqcoe3G173400.3.p
OG0005829	VIT_214s0128g00420.1	Aqcoe2G338700.1.p, Aqcoe2G338800.1.p
OG0005830	VIT_213s0067g00940.2, VIT_213s0067g00940.1	Aqcoe2G093300.1.p
OG0005831	VIT_208s0040g03240.1, VIT_208s0040g03240.2, VIT_208s0040g03240.5, VIT_208s0040g03240.7, VIT_208s0040g03240.3, VIT_208s0040g03240.4	Aqcoe2G167500.1.p
OG0005832	VIT_204s0023g00430.1	Aqcoe2G427600.1.p
OG0005834	VIT_205s0136g00240.4, VIT_205s0136g00240.2, VIT_205s0136g00240.3, VIT_205s0136g00240.8, VIT_205s0136g00240.5, VIT_205s0136g00240.6, VIT_205s0136g00240.1, VIT_205s0136g00240.7	Aqcoe3G147900.1.p
OG0005836	VIT_203s0063g02550.2, VIT_203s0063g02550.1	Aqcoe2G123700.1.p
OG0005837	VIT_208s0007g03240.1, VIT_208s0007g03240.2, VIT_208s0007g03240.3	Aqcoe2G108500.1.p, Aqcoe2G108500.2.p, Aqcoe2G108500.4.p, Aqcoe2G108500.3.p
OG0005838	VIT_207s0104g00100.1, VIT_207s0104g00100.2, VIT_207s0104g00100.5, VIT_207s0104g00100.4, VIT_207s0104g00100.3	Aqcoe5G060100.1.p, Aqcoe2G335200.1.p
OG0005839	VIT_207s0005g01040.1	Aqcoe2G282200.1.p
OG0005840	VIT_205s0049g01560.1	Aqcoe2G382800.1.p, Aqcoe2G381000.1.p
OG0005841	VIT_205s0029g00070.1, VIT_205s0029g00070.2, VIT_205s0029g00070.5, VIT_205s0029g00070.3, VIT_205s0029g00070.4	Aqcoe2G398600.1.p
OG0005843	VIT_206s0061g00090.1, VIT_206s0061g00090.2, VIT_206s0061g00090.3	Aqcoe2G025000.1.p
OG0005844	VIT_208s0007g03130.1	Aqcoe2G122200.1.p
OG0005845	VIT_213s0139g00250.2, VIT_213s0139g00250.5, VIT_213s0139g00250.1, VIT_213s0139g00250.3, VIT_213s0139g00250.4, VIT_213s0139g00250.6	Aqcoe2G036500.2.p, Aqcoe2G036500.1.p
OG0005847	VIT_208s0007g07170.1, VIT_208s0007g07170.2	Aqcoe2G132100.1.p, Aqcoe1G451200.1.p
OG0005848	VIT_200s0207g00110.3, VIT_200s0207g00110.2, VIT_200s0207g00110.1	Aqcoe1G316700.3.p, Aqcoe1G316700.4.p, Aqcoe1G316700.1.p, Aqcoe1G316700.2.p
OG0005849	VIT_204s0023g00320.1, VIT_204s0023g00320.2, VIT_204s0023g00450.1	Aqcoe2G425700.1.p
OG0005850	VIT_211s0103g00120.3, VIT_211s0103g00120.5, VIT_211s0103g00120.4, VIT_211s0103g00120.1, VIT_211s0103g00120.2	Aqcoe7G032000.1.p, Aqcoe2G225500.1.p
OG0005851	VIT_213s0084g00270.1, VIT_207s0031g01510.1	Aqcoe2G047000.1.p
OG0005852	VIT_207s0141g00140.4, VIT_207s0141g00140.3, VIT_207s0141g00140.2, VIT_207s0141g00140.1	Aqcoe2G356700.1.p, Aqcoe2G356700.2.p
OG0005852	VIT_207s0141g00150.1	Aqcoe5G043100.1.p
OG0005853	VIT_202s0012g02660.1	Aqcoe2G273500.1.p, Aqcoe2G186100.1.p, Aqcoe2G421300.1.p
OG0005854	VIT_204s0023g00360.2, VIT_204s0023g00360.1	Aqcoe2G426400.1.p
OG0005855	VIT_205s0049g01840.1, VIT_205s0049g01840.2	Aqcoe2G383700.1.p
OG0005857	VIT_205s0049g00990.1, VIT_208s0007g00330.1	Aqcoe2G149900.1.p, Aqcoe2G149900.2.p, Aqcoe2G150000.1.p, Aqcoe1G461400.1.p
OG0005858	VIT_205s0029g01380.1	Aqcoe2G002900.1.p, Aqcoe2G002900.2.p, Aqcoe2G002900.3.p
OG0005859	VIT_214s0036g01200.1, VIT_203s0038g01920.1	Aqcoe2G114700.1.p
OG0005860	VIT_201s0010g01210.1, VIT_201s0010g01210.2	Aqcoe2G431000.1.p, Aqcoe1G191000.1.p, Aqcoe3G092000.1.p, Aqcoe3G092000.2.p
OG0005861	VIT_207s0005g02420.2, VIT_207s0005g02420.3, VIT_207s0005g02420.1, VIT_207s0005g02420.4	Aqcoe2G238600.2.p, Aqcoe2G238600.3.p, Aqcoe2G238600.1.p
OG0005862	VIT_206s0004g05050.4, VIT_206s0004g05050.6, VIT_206s0004g05050.5, VIT_206s0004g05050.2, VIT_206s0004g05050.3, VIT_206s0004g05050.1	Aqcoe2G223900.1.p, Aqcoe1G107400.1.p, Aqcoe1G107400.2.p, Aqcoe1G107400.3.p
OG0005863	VIT_215s0024g01090.1, VIT_206s0009g02790.1, VIT_206s0009g02790.2, VIT_206s0009g02790.3	Aqcoe2G043900.1.p, Aqcoe2G043900.2.p
OG0005864	VIT_200s0189g00050.1, VIT_205s0029g00220.1	Aqcoe2G396900.1.p
OG0005865	VIT_207s0185g00100.1, VIT_202s0012g02180.3, VIT_202s0012g02180.2, VIT_202s0012g02180.1	Aqcoe2G109700.4.p, Aqcoe2G109700.3.p, Aqcoe2G109700.2.p, Aqcoe2G109700.1.p
OG0005866	VIT_205s0020g01880.6, VIT_205s0020g01880.1, VIT_205s0020g01880.5, VIT_205s0020g01880.2, VIT_205s0020g01880.3, VIT_205s0020g01880.4	Aqcoe2G314000.2.p, Aqcoe2G314000.1.p
OG0005867	VIT_208s0040g02870.1	Aqcoe2G171000.1.p, Aqcoe2G171000.3.p, Aqcoe2G171000.6.p, Aqcoe2G171000.4.p, Aqcoe2G171000.5.p, Aqcoe2G171000.2.p
OG0005868	VIT_205s0049g01650.1, VIT_205s0049g01620.1	Aqcoe2G381100.1.p, Aqcoe2G381100.2.p, Aqcoe2G381100.3.p
OG0005869	VIT_205s0020g00460.2, VIT_205s0020g00460.3, VIT_205s0020g00460.1, VIT_205s0020g00460.4	Aqcoe2G257600.1.p
OG0005870	VIT_207s0005g00180.1	Aqcoe2G297100.1.p
OG0005871	VIT_205s0020g00750.3, VIT_205s0020g00750.2, VIT_205s0020g00750.1	Aqcoe2G251300.1.p
OG0005872	VIT_207s0151g00520.1	Aqcoe2G350400.1.p
OG0005872	VIT_205s0020g03860.1	Aqcoe5G050000.1.p
OG0005873	VIT_200s0261g00010.2, VIT_200s0261g00010.1, VIT_201s0011g00510.1	Aqcoe1G264000.4.p, Aqcoe2G085100.1.p, Aqcoe1G264000.6.p, Aqcoe1G264000.2.p, Aqcoe1G264000.7.p, Aqcoe1G264000.5.p, Aqcoe1G264000.1.p, Aqcoe1G264000.3.p
OG0005874	VIT_213s0084g00630.1	Aqcoe2G045100.1.p
OG0005875	VIT_216s0039g01440.1, VIT_216s0039g01430.2, VIT_216s0039g01430.1	Aqcoe2G168500.1.p, Aqcoe6G183500.1.p
OG0005876	VIT_202s0087g00640.1	Aqcoe2G354100.1.p
OG0005877	VIT_205s0029g00190.1	Aqcoe2G414600.1.p
OG0005878	VIT_207s0104g00090.2, VIT_207s0104g00090.1	Aqcoe2G335600.1.p
OG0005879	VIT_205s0049g01770.1	Aqcoe2G381800.1.p
OG0005880	VIT_204s0023g00370.1, VIT_204s0023g00370.2	Aqcoe2G426500.1.p
OG0005881	VIT_208s0007g00530.4, VIT_208s0007g00530.3, VIT_208s0007g00530.5, VIT_208s0007g00530.1, VIT_208s0007g00530.2	Aqcoe2G222500.1.p
OG0005882	VIT_218s0001g07830.1, VIT_218s0001g07830.4, VIT_218s0001g07830.2, VIT_218s0001g07830.3	Aqcoe2G329500.1.p, Aqcoe6G071200.1.p
OG0005883	VIT_213s0064g01330.3, VIT_213s0064g01330.2, VIT_213s0064g01330.5, VIT_213s0064g01330.4, VIT_213s0064g01330.1	Aqcoe2G012300.1.p, Aqcoe2G012300.2.p
OG0005884	VIT_200s0227g00160.2, VIT_200s0227g00160.1, VIT_200s0227g00160.4, VIT_200s0227g00160.3	Aqcoe3G422900.1.p, Aqcoe2G439000.1.p, Aqcoe4G171200.1.p, Aqcoe4G171200.2.p
OG0005885	VIT_207s0005g01460.5, VIT_207s0005g01460.1, VIT_207s0005g01460.2, VIT_207s0005g01460.3, VIT_207s0005g01460.4	Aqcoe2G275200.3.p, Aqcoe2G275200.1.p, Aqcoe2G275200.2.p
OG0005886	VIT_205s0020g02150.1	Aqcoe2G318900.1.p, Aqcoe5G070400.1.p
OG0005887	VIT_209s0002g02540.2, VIT_209s0002g02540.1	Aqcoe2G396400.1.p
OG0005888	VIT_213s0067g01250.1, VIT_213s0067g01240.1	Aqcoe1G414000.1.p
OG0005888	VIT_208s0105g00600.1	Aqcoe2G089300.1.p, Aqcoe2G089300.2.p
OG0005889	VIT_213s0067g01910.5, VIT_213s0067g01910.3, VIT_213s0067g01910.6, VIT_213s0067g01910.7, VIT_213s0067g01910.4, VIT_213s0067g01910.2, VIT_213s0067g01910.1	Aqcoe2G083900.1.p, Aqcoe2G083900.4.p, Aqcoe2G083900.5.p, Aqcoe2G083900.2.p, Aqcoe2G083900.3.p
OG0005890	VIT_201s0011g01640.1, VIT_201s0011g01640.2, VIT_201s0011g01640.3, VIT_216s0022g00380.1, VIT_201s0011g01640.4, VIT_201s0011g01640.7	Aqcoe5G102200.1.p, Aqcoe2G078100.4.p, Aqcoe2G078100.2.p, Aqcoe2G078100.3.p, Aqcoe2G078100.1.p
OG0005891	VIT_213s0019g04030.1	Aqcoe1G495500.1.p
OG0005892	VIT_202s0087g00420.2, VIT_202s0087g00420.3, VIT_202s0087g00420.1	Aqcoe2G215800.1.p, Aqcoe4G062600.1.p
OG0005893	VIT_203s0180g00280.1	Aqcoe6G306600.1.p
OG0005894	VIT_214s0060g00470.3, VIT_214s0060g00470.2	Aqcoe5G294100.1.p, Aqcoe5G452400.1.p, Aqcoe2G254400.1.p
OG0005895	VIT_206s0004g04550.1	Aqcoe1G462900.1.p, Aqcoe1G462900.2.p
OG0005896	VIT_214s0030g00630.1	Aqcoe2G317400.1.p
OG0005897	VIT_206s0004g08350.3, VIT_206s0004g08350.1, VIT_206s0004g08350.2	Aqcoe2G075800.1.p
OG0005898	VIT_213s0156g00640.2, VIT_213s0156g00640.1	Aqcoe2G008900.1.p, Aqcoe2G008900.3.p, Aqcoe2G008900.2.p
OG0005899	VIT_214s0081g00620.2, VIT_214s0081g00620.1	Aqcoe5G032900.1.p, Aqcoe2G368100.1.p
OG0005900	VIT_200s0394g00030.1	Aqcoe2G319000.1.p, Aqcoe2G319000.2.p, Aqcoe5G070300.1.p
OG0005901	VIT_214s0128g00220.1	Aqcoe2G333300.1.p, Aqcoe2G333300.2.p
OG0005902	VIT_204s0023g00780.2, VIT_204s0023g00780.1, VIT_205s0094g00150.2, VIT_205s0094g00150.1	Aqcoe2G435500.1.p
OG0005903	VIT_205s0094g01320.1, VIT_205s0094g01320.2	Aqcoe7G135100.1.p, Aqcoe2G438100.1.p, Aqcoe2G438100.2.p
OG0005904	VIT_218s0122g01020.3, VIT_218s0122g01020.2, VIT_218s0122g01020.5, VIT_218s0122g01020.1, VIT_218s0122g01020.4, VIT_218s0122g01020.6	Aqcoe6G170900.1.p
OG0005905	VIT_203s0063g02250.1	Aqcoe6G114900.1.p, Aqcoe6G115000.1.p
OG0005906	VIT_200s0332g00130.1, VIT_200s0246g00060.1	Aqcoe5G244800.1.p, Aqcoe6G262800.1.p
OG0005907	VIT_203s0038g03660.6, VIT_203s0038g03660.4, VIT_203s0038g03660.3, VIT_203s0038g03660.2, VIT_203s0038g03660.5, VIT_203s0038g03660.1	Aqcoe6G182600.2.p, Aqcoe6G182600.1.p
OG0005908	VIT_203s0038g00450.1, VIT_203s0038g00450.2	Aqcoe6G298700.2.p, Aqcoe6G298700.1.p
OG0005909	VIT_209s0070g00520.1, VIT_207s0141g00230.1	Aqcoe6G084500.1.p
OG0005910	VIT_218s0001g05040.1, VIT_200s0357g00100.1	Aqcoe6G061600.1.p
OG0005911	VIT_218s0001g03240.1	Aqcoe6G018900.1.p
OG0005912	VIT_207s0031g02560.3, VIT_207s0031g02560.2, VIT_207s0031g02560.1	Aqcoe6G033700.1.p
OG0005913	VIT_205s0094g01640.1	Aqcoe6G090400.1.p, Aqcoe6G090400.2.p
OG0005914	VIT_218s0001g09180.2, VIT_218s0001g09180.3, VIT_218s0001g09180.1	Aqcoe6G283800.3.p, Aqcoe6G283800.1.p, Aqcoe6G283800.2.p
OG0005915	VIT_218s0001g10590.3, VIT_218s0001g10590.2, VIT_218s0001g10590.1	Aqcoe6G142800.1.p, Aqcoe6G142800.2.p, Aqcoe6G142800.3.p, Aqcoe6G142800.4.p
OG0005916	VIT_212s0035g01830.5, VIT_212s0035g01830.4, VIT_212s0035g01830.2, VIT_212s0035g01830.1, VIT_212s0035g01830.3	Aqcoe6G003000.3.p, Aqcoe6G003000.4.p, Aqcoe6G003000.2.p, Aqcoe6G003000.1.p
OG0005917	VIT_211s0052g01130.5, VIT_211s0052g01130.1, VIT_211s0052g01130.2, VIT_211s0052g01130.4, VIT_211s0052g01130.3, VIT_211s0052g01130.6	Aqcoe6G087000.1.p
OG0005918	VIT_218s0001g04440.2, VIT_218s0001g04440.1, VIT_218s0001g04440.3, VIT_218s0001g04440.5, VIT_218s0001g04440.6, VIT_218s0001g04440.4	Aqcoe5G116700.2.p, Aqcoe5G116700.1.p, Aqcoe6G054400.1.p, Aqcoe6G054400.2.p
OG0005919	VIT_207s0031g01990.1	Aqcoe5G252700.1.p, Aqcoe6G043100.1.p
OG0005920	VIT_218s0086g00690.1	Aqcoe6G290300.2.p, Aqcoe6G290300.1.p, Aqcoe5G273000.1.p, Aqcoe5G273000.3.p, Aqcoe5G273000.5.p, Aqcoe5G273000.4.p, Aqcoe5G273000.2.p
OG0005921	VIT_203s0038g04350.1, VIT_218s0001g13090.1	Aqcoe6G129000.1.p
OG0005922	VIT_219s0027g00590.1	Aqcoe6G011600.2.p, Aqcoe6G011600.1.p
OG0005923	VIT_218s0089g01210.1, VIT_218s0089g01220.1	Aqcoe6G002700.1.p
OG0005924	VIT_218s0001g13000.1	Aqcoe6G154100.1.p
OG0005925	VIT_218s0001g11270.1	Aqcoe6G096400.1.p
OG0005926	VIT_200s1364g00010.1, VIT_200s0483g00030.1, VIT_200s0483g00040.1, VIT_203s0038g00360.1	Aqcoe6G093000.2.p, Aqcoe6G093000.1.p
OG0005927	VIT_214s0068g01100.1, VIT_201s0150g00040.1	Aqcoe6G019600.1.p
OG0005928	VIT_206s0004g08460.1, VIT_206s0004g08460.4, VIT_206s0004g08460.2	Aqcoe6G000700.1.p
OG0005929	VIT_203s0063g00680.1, VIT_203s0063g00680.2	Aqcoe6G145500.2.p, Aqcoe6G145500.3.p, Aqcoe6G145500.1.p, Aqcoe6G145500.4.p
OG0005930	VIT_200s0252g00010.5, VIT_200s0252g00010.4, VIT_200s0252g00010.1, VIT_200s0252g00010.2, VIT_200s0252g00010.3	Aqcoe1G038100.3.p, Aqcoe1G038100.1.p, Aqcoe1G038100.2.p, Aqcoe6G209800.1.p, Aqcoe6G209800.3.p, Aqcoe6G209800.2.p, Aqcoe6G210100.2.p, Aqcoe6G210100.1.p
OG0005931	VIT_212s0055g00910.1, VIT_218s0001g04730.1	Aqcoe6G056800.1.p
OG0005932	VIT_218s0001g11900.1, VIT_204s0023g01140.1, VIT_200s0274g00005.1	Aqcoe6G108700.1.p
OG0005933	VIT_212s0055g00780.1, VIT_212s0055g00780.4, VIT_212s0055g00780.2, VIT_212s0055g00780.3, VIT_212s0055g00780.5, VIT_212s0055g00780.9, VIT_212s0055g00780.8, VIT_212s0055g00780.7, VIT_212s0055g00780.6	Aqcoe6G032000.1.p
OG0005934	VIT_207s0031g01980.1, VIT_218s0072g00260.1	Aqcoe5G252800.2.p, Aqcoe5G252800.1.p, Aqcoe6G043200.1.p
OG0005935	VIT_208s0007g06290.1	Aqcoe6G238100.1.p, Aqcoe6G217200.1.p
OG0005935	VIT_210s0042g01260.1	Aqcoe1G017500.1.p
OG0005936	VIT_212s0055g01140.2, VIT_212s0055g01140.1	Aqcoe6G061100.1.p
OG0005937	VIT_208s0007g00730.4, VIT_208s0007g00730.3, VIT_208s0007g00730.1, VIT_208s0007g00730.2	Aqcoe6G066200.1.p, Aqcoe6G066200.2.p
OG0005938	VIT_200s0471g00020.1, VIT_218s0001g08785.1	Aqcoe6G269800.3.p, Aqcoe6G269800.2.p, Aqcoe6G269800.1.p
OG0005939	VIT_218s0001g08200.1	Aqcoe6G064800.2.p, Aqcoe6G064800.1.p, Aqcoe6G064800.3.p
OG0005940	VIT_218s0001g13610.1	Aqcoe6G245900.1.p, Aqcoe6G245900.2.p, Aqcoe6G245900.3.p
OG0005941	VIT_208s0040g02290.2, VIT_208s0040g02290.1, VIT_208s0040g02290.3, VIT_208s0040g02290.4, VIT_208s0040g02290.5	Aqcoe6G230800.1.p, Aqcoe6G230800.2.p
OG0005942	VIT_203s0038g03220.3, VIT_203s0038g03220.1, VIT_203s0038g03220.4, VIT_203s0038g03220.2, VIT_203s0038g03210.2, VIT_203s0038g03210.1	Aqcoe6G188700.1.p
OG0005943	VIT_203s0063g00540.1, VIT_211s0016g02460.1	Aqcoe6G182800.2.p, Aqcoe6G182800.1.p
OG0005944	VIT_213s0106g00540.1, VIT_204s0008g06160.4, VIT_204s0008g06160.5, VIT_204s0008g06160.3, VIT_204s0008g06160.1, VIT_204s0008g06160.2	Aqcoe7G371200.2.p, Aqcoe7G371200.1.p, Aqcoe6G119800.1.p
OG0005945	VIT_218s0001g09130.1	Aqcoe3G178300.1.p, Aqcoe5G101500.1.p
OG0005946	VIT_218s0001g02200.4, VIT_218s0001g02200.3, VIT_218s0001g02200.1, VIT_218s0001g02200.2	Aqcoe6G027200.9.p, Aqcoe6G027200.8.p, Aqcoe6G027200.2.p, Aqcoe6G027200.3.p, Aqcoe6G027200.4.p, Aqcoe6G027200.6.p, Aqcoe6G027200.7.p, Aqcoe6G027200.1.p, Aqcoe6G027200.5.p
OG0005947	VIT_218s0001g01130.1	Aqcoe6G215000.1.p
OG0005948	VIT_203s0038g03545.1	Aqcoe5G125200.1.p, Aqcoe5G125000.1.p
OG0005948	VIT_218s0001g00360.1	Aqcoe6G197600.1.p
OG0005949	VIT_203s0180g00320.1, VIT_203s0180g00200.1, VIT_203s0091g00040.1	Aqcoe6G306700.1.p, Aqcoe6G306800.1.p
OG0005950	VIT_218s0001g06970.1	Aqcoe6G072700.3.p, Aqcoe6G072700.1.p, Aqcoe6G072700.4.p, Aqcoe6G072700.6.p, Aqcoe6G072700.5.p, Aqcoe6G072700.2.p
OG0005952	VIT_204s0023g01870.1	Aqcoe5G190000.1.p
OG0005952	VIT_218s0001g12570.1	Aqcoe6G121300.1.p
OG0005953	VIT_207s0031g01340.1	Aqcoe6G055900.1.p
OG0005954	VIT_202s0025g04050.1, VIT_202s0025g04050.2	Aqcoe7G045300.1.p
OG0005955	VIT_207s0104g00810.1, VIT_207s0104g00810.3, VIT_207s0104g00810.4, VIT_207s0104g00810.2	Aqcoe6G104200.2.p, Aqcoe6G104200.1.p
OG0005956	VIT_212s0055g00790.1	Aqcoe6G036900.1.p, Aqcoe5G235400.1.p
OG0005957	VIT_207s0031g02130.1	Aqcoe6G172200.1.p
OG0005958	VIT_203s0091g00830.1	Aqcoe6G280800.1.p
OG0005959	VIT_218s0001g08580.1	Aqcoe5G095100.1.p, Aqcoe6G313600.1.p
OG0005960	VIT_200s0174g00150.2, VIT_200s0174g00150.3, VIT_200s0174g00150.4, VIT_200s0174g00150.1	Aqcoe4G236200.3.p, Aqcoe4G236200.1.p, Aqcoe4G236200.2.p
OG0005961	VIT_204s0008g03380.1	Aqcoe7G159700.1.p, Aqcoe7G159600.1.p, Aqcoe7G159600.2.p, Aqcoe4G271000.1.p, Aqcoe4G212100.1.p
OG0005962	VIT_219s0015g00280.2, VIT_219s0015g00280.3, VIT_219s0015g00280.1	Aqcoe4G312300.1.p
OG0005963	VIT_207s0005g01590.2, VIT_207s0005g01590.1, VIT_207s0005g01590.3	Aqcoe4G171000.1.p
OG0005964	VIT_200s0531g00040.1	Aqcoe4G309600.1.p, Aqcoe4G309600.2.p
OG0005965	VIT_201s0011g02880.1, VIT_219s0140g00100.1	Aqcoe1G190600.1.p
OG0005965	VIT_201s0011g01140.1	Aqcoe4G038600.1.p, Aqcoe4G038600.2.p
OG0005966	VIT_200s1255g00020.2, VIT_200s0921g00030.3, VIT_200s1255g00020.1, VIT_200s0921g00030.2, VIT_200s0921g00030.1	Aqcoe5G213500.1.p, Aqcoe4G222500.1.p
OG0005967	VIT_212s0059g01980.1, VIT_212s0059g01980.2	Aqcoe1G333200.1.p, Aqcoe1G333200.2.p
OG0005968	VIT_219s0014g02200.1	Aqcoe4G090300.1.p
OG0005969	VIT_219s0014g05090.1, VIT_200s0532g00030.1	Aqcoe4G248200.1.p
OG0005970	VIT_209s0002g06040.1	Aqcoe1G269000.1.p, Aqcoe1G269000.2.p, Aqcoe1G269000.3.p, Aqcoe1G269000.4.p, Aqcoe4G272600.1.p
OG0005971	VIT_211s0052g00890.2, VIT_211s0052g00890.1	Aqcoe7G319900.2.p, Aqcoe7G319900.1.p, Aqcoe4G257100.1.p
OG0005972	VIT_212s0057g01270.1, VIT_212s0057g01270.2, VIT_212s0057g01270.3	Aqcoe4G305000.2.p, Aqcoe4G305000.1.p
OG0005973	VIT_204s0044g02010.1, VIT_204s0044g02010.2	Aqcoe4G123200.2.p, Aqcoe4G123200.1.p
OG0005974	VIT_219s0014g03370.2, VIT_219s0014g03370.1	Aqcoe4G157800.1.p
OG0005975	VIT_212s0059g01580.1, VIT_200s0515g00030.1	Aqcoe4G293600.1.p
OG0005976	VIT_211s0052g00180.4, VIT_211s0052g00180.3, VIT_211s0052g00180.2, VIT_211s0052g00180.1	Aqcoe7G310100.1.p, Aqcoe0637s0002.1.p, Aqcoe1G045200.1.p
OG0005977	VIT_211s0037g00180.1	Aqcoe7G358100.1.p, Aqcoe7G358100.2.p
OG0005978	VIT_209s0018g02110.1	Aqcoe7G261700.1.p, Aqcoe7G261700.2.p
OG0005979	VIT_215s0048g00490.3, VIT_215s0048g00490.1, VIT_215s0048g00490.2	Aqcoe7G077300.5.p, Aqcoe7G077300.2.p, Aqcoe7G077300.1.p, Aqcoe7G077300.3.p, Aqcoe7G077300.4.p
OG0005980	VIT_211s0037g00860.1, VIT_211s0037g00860.2	Aqcoe7G345500.2.p, Aqcoe7G345500.1.p
OG0005981	VIT_216s0022g02030.1	Aqcoe7G062000.1.p
OG0005982	VIT_211s0016g03420.1	Aqcoe7G414000.1.p, Aqcoe7G413800.1.p
OG0005983	VIT_216s0100g00490.2, VIT_216s0100g00490.9, VIT_216s0100g00490.8, VIT_216s0100g00490.4, VIT_216s0100g00490.1, VIT_216s0100g00490.7, VIT_216s0100g00490.6, VIT_216s0100g00490.5, VIT_216s0100g00490.3	Aqcoe7G046800.1.p
OG0005984	VIT_207s0031g03120.1, VIT_207s0031g03120.2	Aqcoe7G309800.1.p, Aqcoe7G309800.4.p, Aqcoe7G309800.6.p, Aqcoe7G309800.3.p, Aqcoe7G309800.2.p, Aqcoe7G309800.5.p, Aqcoe7G284700.1.p
OG0005985	VIT_209s0002g04140.1, VIT_209s0002g04150.1	Aqcoe7G166800.1.p, Aqcoe7G166800.2.p
OG0005986	VIT_209s0002g00210.1	Aqcoe7G100700.1.p
OG0005987	VIT_209s0002g00220.1	Aqcoe7G442700.1.p
OG0005988	VIT_204s0008g00880.1	Aqcoe7G132200.1.p, Aqcoe7G132200.2.p
OG0005989	VIT_204s0008g01960.1	Aqcoe7G421700.1.p
OG0005990	VIT_201s0011g04640.2, VIT_201s0011g04640.1	Aqcoe3G403500.1.p
OG0005990	VIT_214s0006g01970.2, VIT_214s0006g01970.4, VIT_214s0006g01970.3, VIT_214s0006g01970.1	Aqcoe7G083600.2.p, Aqcoe7G083600.1.p
OG0005991	VIT_207s0129g00990.1, VIT_207s0129g00970.1, VIT_216s0050g01020.1	Aqcoe7G025500.1.p
OG0005992	VIT_204s0008g01430.6, VIT_204s0008g01430.2, VIT_204s0008g01430.4, VIT_204s0008g01430.5, VIT_204s0008g01430.3, VIT_204s0008g01430.1	Aqcoe7G422100.1.p, Aqcoe7G422200.1.p, Aqcoe7G422800.1.p
OG0005993	VIT_205s0094g01370.1, VIT_205s0094g01370.4, VIT_205s0094g01370.2, VIT_205s0094g01370.3	Aqcoe7G305700.2.p, Aqcoe7G305700.3.p, Aqcoe7G305700.1.p, Aqcoe1G441900.1.p
OG0005994	VIT_204s0008g00510.1, VIT_216s0013g01780.1, VIT_216s0013g01760.1	Aqcoe7G419300.1.p, Aqcoe7G419300.2.p, Aqcoe7G419300.3.p
OG0005995	VIT_202s0025g04410.1	Aqcoe7G046700.1.p
OG0005996	VIT_201s0010g03590.3, VIT_201s0010g03590.1, VIT_201s0010g03590.2	Aqcoe7G199700.1.p, Aqcoe7G199700.2.p, Aqcoe5G295900.5.p, Aqcoe5G295900.4.p, Aqcoe5G295900.1.p, Aqcoe5G295900.3.p, Aqcoe5G295900.2.p
OG0005997	VIT_202s0012g00750.2, VIT_202s0012g00750.1, VIT_202s0012g00750.3, VIT_202s0012g00750.5, VIT_202s0012g00750.4	Aqcoe3G253600.1.p
OG0005998	VIT_215s0048g00440.2, VIT_215s0048g00440.1, VIT_215s0048g00440.3, VIT_215s0048g00440.4	Aqcoe7G076000.1.p
OG0005999	VIT_218s0117g00230.4, VIT_218s0117g00230.6, VIT_218s0117g00230.1, VIT_218s0117g00230.5, VIT_218s0117g00230.3, VIT_218s0117g00230.2	Aqcoe7G293800.1.p
OG0006000	VIT_215s0046g00430.1, VIT_202s0025g01600.1	Aqcoe7G009600.1.p
OG0006001	VIT_209s0002g01150.1	Aqcoe7G428600.1.p
OG0006002	VIT_216s0022g00980.1, VIT_216s0022g00980.5, VIT_216s0022g00980.2, VIT_216s0022g00980.10, VIT_216s0022g00980.9, VIT_216s0022g00980.7, VIT_216s0022g00980.4, VIT_216s0022g00980.8, VIT_216s0022g00980.6, VIT_216s0022g00980.3	Aqcoe7G075500.1.p
OG0006003	VIT_211s0016g00790.1, VIT_209s0002g00930.1	Aqcoe7G109200.2.p, Aqcoe7G109200.1.p
OG0006004	VIT_215s0021g01940.2, VIT_215s0021g01940.1, VIT_215s0021g01940.3, VIT_215s0021g01940.6, VIT_215s0021g01940.5, VIT_215s0021g01940.4	Aqcoe7G089000.4.p, Aqcoe7G089000.3.p, Aqcoe7G089000.2.p, Aqcoe7G089000.1.p
OG0006005	VIT_211s0016g02020.2, VIT_211s0016g02020.7, VIT_211s0016g02020.1, VIT_211s0016g02020.5, VIT_211s0016g02020.4, VIT_211s0016g02020.6, VIT_211s0016g02020.3	Aqcoe7G276600.2.p, Aqcoe7G276600.6.p, Aqcoe7G276600.1.p, Aqcoe7G276600.5.p, Aqcoe7G276600.3.p, Aqcoe7G276600.4.p, Aqcoe7G276600.7.p
OG0006006	VIT_204s0008g03010.3, VIT_204s0008g03010.2, VIT_204s0008g03010.1	Aqcoe7G238900.3.p, Aqcoe7G238900.2.p, Aqcoe7G238900.1.p
OG0006007	VIT_211s0016g04610.3, VIT_211s0016g04610.1, VIT_211s0016g04610.2, VIT_211s0016g04610.4	Aqcoe7G204000.1.p, Aqcoe7G204000.2.p
OG0006008	VIT_204s0008g06670.1	Aqcoe1G344800.1.p, Aqcoe7G356500.1.p
OG0006009	VIT_211s0052g01710.4, VIT_211s0052g01710.1, VIT_211s0052g01710.3, VIT_211s0052g01710.2	Aqcoe7G329500.5.p, Aqcoe7G329500.1.p, Aqcoe7G329500.4.p, Aqcoe7G329500.2.p, Aqcoe7G329500.3.p
OG0006010	VIT_216s0022g02370.1	Aqcoe7G053400.1.p
OG0006011	VIT_211s0016g02210.2, VIT_211s0016g02210.1, VIT_204s0008g01290.1	Aqcoe7G128500.1.p
OG0006012	VIT_216s0100g00200.1, VIT_202s0025g04570.1	Aqcoe7G051400.1.p
OG0006013	VIT_218s0001g12760.1	Aqcoe5G231800.1.p, Aqcoe7G286700.1.p
OG0006014	VIT_209s0002g05710.1	Aqcoe7G205600.1.p
OG0006015	VIT_206s0004g00920.1	Aqcoe7G050700.2.p, Aqcoe7G050700.1.p
OG0006017	VIT_204s0008g05220.1	Aqcoe7G273000.1.p
OG0006018	VIT_216s0098g01790.1	Aqcoe7G007800.1.p, Aqcoe7G007800.2.p
OG0006019	VIT_215s0046g00420.1, VIT_215s0046g00420.2	Aqcoe7G009200.1.p
OG0006020	VIT_215s0024g00350.1	Aqcoe7G008500.3.p, Aqcoe7G008500.5.p, Aqcoe7G008500.4.p, Aqcoe7G008500.2.p, Aqcoe7G008500.1.p, Aqcoe7G008500.6.p
OG0006021	VIT_217s0000g02250.3, VIT_217s0000g02250.1, VIT_217s0000g02250.2	Aqcoe7G352100.2.p, Aqcoe7G352100.1.p
OG0006022	VIT_200s2117g00010.2, VIT_200s2117g00010.1	Aqcoe7G063600.1.p
OG0006023	VIT_211s0037g00480.2, VIT_211s0037g00480.1	Aqcoe7G353100.5.p, Aqcoe7G353100.4.p, Aqcoe7G353100.1.p, Aqcoe7G353100.2.p, Aqcoe7G353100.6.p, Aqcoe7G353100.3.p
OG0006024	VIT_206s0009g01520.1, VIT_200s0201g00086.1, VIT_203s0038g04695.1, VIT_203s0063g02210.1, VIT_219s0177g00366.1, VIT_202s0033g00010.1	Aqcoe7G093800.1.p
OG0006025	VIT_211s0118g00820.3, VIT_211s0118g00820.4, VIT_211s0118g00820.6, VIT_211s0118g00820.1, VIT_211s0118g00820.5, VIT_211s0118g00820.2	Aqcoe7G367900.1.p
OG0006026	VIT_211s0016g03230.2, VIT_211s0016g03230.1, VIT_211s0016g03230.3, VIT_211s0016g03230.4	Aqcoe7G409300.2.p, Aqcoe7G409300.1.p
OG0006027	VIT_211s0016g00630.5, VIT_211s0016g00630.9, VIT_211s0016g00630.6, VIT_211s0016g00630.2, VIT_211s0016g00630.7, VIT_211s0016g00630.10, VIT_211s0016g00630.8, VIT_211s0016g00630.3, VIT_211s0016g00630.4, VIT_211s0016g00630.1	Aqcoe7G107300.2.p, Aqcoe7G107300.1.p
OG0006028	VIT_205s0020g00360.3, VIT_205s0020g00200.1, VIT_205s0020g00080.1, VIT_205s0020g00360.4, VIT_205s0020g00360.1, VIT_205s0020g00360.2	Aqcoe7G048200.1.p
OG0006029	VIT_208s0007g01340.2, VIT_208s0007g01340.3, VIT_208s0007g01340.4, VIT_208s0007g01340.1	Aqcoe1G492700.2.p, Aqcoe1G492700.1.p, Aqcoe7G119400.1.p, Aqcoe7G119400.2.p
OG0006030	VIT_211s0016g03510.2, VIT_211s0016g03510.1, VIT_211s0016g03510.3	Aqcoe7G407100.1.p, Aqcoe7G407100.2.p
OG0006031	VIT_216s0022g02120.1, VIT_216s0022g02120.2	Aqcoe7G059300.1.p
OG0006032	VIT_204s0008g07070.2, VIT_204s0008g07070.3, VIT_204s0008g07070.1	Aqcoe7G358800.1.p
OG0006033	VIT_204s0008g04870.1	Aqcoe7G200400.1.p
OG0006034	VIT_211s0016g00370.2, VIT_211s0016g00370.1	Aqcoe7G102100.1.p
OG0006034	VIT_209s0002g00430.1	Aqcoe7G440500.1.p
OG0006035	VIT_205s0051g00730.2, VIT_205s0051g00730.6, VIT_205s0051g00730.1, VIT_205s0051g00730.3, VIT_205s0051g00730.5, VIT_205s0051g00730.4	Aqcoe7G292100.2.p, Aqcoe7G292100.1.p
OG0006036	VIT_209s0002g08940.2, VIT_209s0002g08940.1	Aqcoe7G360200.1.p
OG0006037	VIT_209s0002g07530.2, VIT_209s0002g07530.3, VIT_209s0002g07530.1, VIT_219s0027g01050.1	Aqcoe7G377200.1.p
OG0006038	VIT_211s0016g03580.1, VIT_211s0016g03580.2, VIT_211s0016g03580.3, VIT_204s0008g03590.1, VIT_204s0008g03590.2	Aqcoe7G167400.1.p
OG0006039	VIT_204s0008g06700.1, VIT_204s0008g06700.2	Aqcoe7G355500.1.p
OG0006040	VIT_211s0052g00300.3, VIT_211s0052g00300.2, VIT_211s0052g00300.1	Aqcoe7G262100.1.p, Aqcoe7G262100.2.p
OG0006041	VIT_204s0008g01310.1	Aqcoe7G130200.1.p
OG0006042	VIT_209s0002g01080.1, VIT_200s0265g00170.1	Aqcoe7G430400.1.p
OG0006043	VIT_211s0016g00290.1, VIT_209s0002g00320.1	Aqcoe7G442300.1.p
OG0006044	VIT_214s0083g01090.1, VIT_214s0083g01090.2	Aqcoe7G340500.3.p, Aqcoe7G340500.4.p, Aqcoe7G340500.1.p, Aqcoe7G340500.2.p, Aqcoe3G148800.1.p, Aqcoe3G148800.2.p
OG0006045	VIT_204s0008g04310.6, VIT_204s0008g04310.3, VIT_204s0008g04310.5, VIT_204s0008g04310.4, VIT_204s0008g04310.2, VIT_204s0008g04310.1	Aqcoe7G193100.1.p
OG0006046	VIT_208s0032g01140.2, VIT_208s0032g01140.1	Aqcoe1G077100.2.p, Aqcoe1G077100.1.p
OG0006047	VIT_219s0015g00130.1, VIT_200s0194g00120.1	Aqcoe1G385100.1.p
OG0006048	VIT_206s0061g00690.1	Aqcoe1G128200.3.p, Aqcoe1G128200.1.p, Aqcoe1G128200.2.p, Aqcoe1G220700.1.p
OG0006049	VIT_213s0019g00810.1	Aqcoe1G325600.1.p, Aqcoe1G467500.1.p, Aqcoe1G467500.2.p
OG0006050	VIT_219s0090g00630.4, VIT_219s0090g00630.2, VIT_219s0090g00630.3, VIT_219s0090g00630.5, VIT_219s0090g00630.6, VIT_219s0090g00630.1	Aqcoe1G230900.1.p
OG0006051	VIT_212s0028g03020.1	Aqcoe1G250900.2.p, Aqcoe1G250900.3.p, Aqcoe1G250900.4.p, Aqcoe1G250900.1.p
OG0006052	VIT_206s0009g03630.1	Aqcoe1G039400.1.p
OG0006052	VIT_208s0040g00820.1	Aqcoe3G123200.1.p
OG0006053	VIT_210s0003g03860.2, VIT_210s0003g03860.1	Aqcoe1G188000.1.p
OG0006054	VIT_219s0090g00920.3, VIT_219s0090g00920.5, VIT_219s0090g00920.1, VIT_219s0090g00920.10, VIT_219s0090g00920.7, VIT_219s0090g00920.2, VIT_219s0090g00920.4, VIT_219s0090g00920.6, VIT_219s0090g00920.8, VIT_219s0090g00920.9	Aqcoe1G298500.1.p
OG0006055	VIT_214s0060g01440.3, VIT_214s0060g01440.2, VIT_214s0060g01440.1, VIT_214s0060g01440.4, VIT_214s0060g01440.5	Aqcoe1G270400.3.p, Aqcoe1G270400.1.p, Aqcoe1G270400.2.p
OG0006056	VIT_208s0007g08680.1	Aqcoe1G025900.1.p
OG0006057	VIT_210s0116g01740.1	Aqcoe1G056400.2.p, Aqcoe1G056400.1.p
OG0006058	VIT_208s0058g00510.2, VIT_208s0058g00510.8, VIT_208s0058g00510.6, VIT_208s0058g00510.5, VIT_208s0058g00510.7, VIT_208s0058g00510.4, VIT_208s0058g00510.3, VIT_208s0058g00510.1	Aqcoe1G150100.1.p
OG0006059	VIT_213s0064g00870.8, VIT_213s0064g00870.6, VIT_213s0064g00870.5, VIT_213s0064g00870.4, VIT_213s0064g00870.7, VIT_213s0064g00870.9, VIT_213s0064g00870.3, VIT_213s0064g00870.2, VIT_213s0064g00870.1	Aqcoe1G032400.2.p, Aqcoe1G032400.1.p
OG0006060	VIT_208s0040g02440.1	Aqcoe1G489600.1.p, Aqcoe1G489600.2.p
OG0006061	VIT_206s0004g06050.1	Aqcoe1G084700.1.p, Aqcoe1G084800.1.p
OG0006062	VIT_206s0004g07130.1	Aqcoe1G152500.1.p
OG0006063	VIT_201s0011g01440.1	Aqcoe1G161200.1.p
OG0006064	VIT_210s0092g00170.2, VIT_210s0092g00170.3, VIT_210s0092g00170.1	Aqcoe1G183000.1.p
OG0006065	VIT_207s0130g00070.2, VIT_207s0130g00070.1	Aqcoe5G297200.4.p, Aqcoe5G297200.7.p, Aqcoe5G297200.6.p, Aqcoe5G297200.5.p, Aqcoe5G297200.2.p, Aqcoe5G297200.1.p, Aqcoe5G297200.3.p, Aqcoe1G360100.1.p
OG0006066	VIT_208s0105g00280.2, VIT_208s0105g00280.1, VIT_208s0105g00280.3	Aqcoe1G079600.1.p
OG0006067	VIT_212s0059g01750.1, VIT_212s0059g01790.1	Aqcoe1G320200.1.p, Aqcoe5G201300.1.p, Aqcoe5G201100.1.p, Aqcoe5G201500.1.p
OG0006068	VIT_202s0025g02330.1	Aqcoe5G280200.1.p, Aqcoe5G280200.6.p, Aqcoe5G280200.4.p, Aqcoe5G280200.5.p, Aqcoe5G280200.3.p, Aqcoe1G176300.1.p, Aqcoe5G280200.2.p, Aqcoe1G176300.2.p
OG0006069	VIT_219s0014g01860.4, VIT_219s0014g01860.6, VIT_219s0014g01860.3, VIT_219s0014g01860.2, VIT_219s0014g01860.5, VIT_219s0014g01860.1	Aqcoe1G246900.1.p, Aqcoe1G246900.3.p, Aqcoe1G246900.2.p, Aqcoe1G246900.4.p
OG0006070	VIT_206s0004g04040.1	Aqcoe1G475800.4.p, Aqcoe1G475800.1.p, Aqcoe1G475800.2.p, Aqcoe1G475800.3.p
OG0006071	VIT_211s0078g00440.3, VIT_211s0078g00440.1, VIT_211s0078g00440.5, VIT_211s0078g00440.2, VIT_211s0078g00440.4	Aqcoe1G492500.1.p
OG0006072	VIT_208s0032g00670.2, VIT_211s0065g00570.1, VIT_208s0032g00670.3, VIT_208s0032g00670.1, VIT_215s0045g00030.1, VIT_200s0285g00060.1, VIT_200s0352g00020.1, VIT_200s0319g00060.1, VIT_200s0327g00020.1	Aqcoe1G070800.1.p, Aqcoe1G070800.2.p
OG0006073	VIT_206s0004g03420.1	Aqcoe1G489800.1.p
OG0006075	VIT_219s0014g01190.6, VIT_219s0014g01190.3, VIT_219s0014g01190.2, VIT_219s0014g01190.1, VIT_219s0014g01190.4, VIT_219s0014g01190.5	Aqcoe1G221500.3.p, Aqcoe1G221500.1.p, Aqcoe1G221500.2.p, Aqcoe1G221500.4.p
OG0006076	VIT_208s0040g02280.2, VIT_208s0040g02280.3, VIT_208s0040g02280.1	Aqcoe1G492800.1.p
OG0006077	VIT_201s0150g00620.2, VIT_201s0150g00620.3, VIT_201s0150g00620.1, VIT_201s0150g00620.5, VIT_201s0150g00620.4	Aqcoe1G061800.1.p
OG0006078	VIT_208s0007g03470.7, VIT_208s0007g03470.3, VIT_208s0007g03470.6, VIT_208s0007g03470.5, VIT_208s0007g03470.4, VIT_208s0007g03470.2, VIT_208s0007g03470.1	Aqcoe1G448400.1.p
OG0006079	VIT_219s0085g00690.1	Aqcoe1G162200.1.p
OG0006080	VIT_208s0007g01980.1, VIT_202s0025g01490.1, VIT_202s0025g01490.2	Aqcoe1G429900.1.p
OG0006081	VIT_213s0019g03210.1, VIT_208s0007g01620.1	Aqcoe1G090100.1.p
OG0006082	VIT_210s0003g03010.1	Aqcoe1G197700.1.p, Aqcoe1G197700.2.p
OG0006083	VIT_208s0007g01460.6, VIT_208s0007g01460.4, VIT_208s0007g01460.2, VIT_208s0007g01460.1, VIT_208s0007g01460.3, VIT_208s0007g01460.5	Aqcoe1G093100.2.p, Aqcoe1G093100.1.p
OG0006084	VIT_202s0025g02400.3, VIT_202s0025g02400.1, VIT_202s0025g02400.2	Aqcoe1G086000.1.p, Aqcoe1G086000.2.p, Aqcoe5G465900.1.p, Aqcoe5G465900.2.p
OG0006085	VIT_212s0059g01700.2, VIT_212s0059g01700.3, VIT_212s0059g01700.1	Aqcoe1G318100.1.p, Aqcoe1G318000.1.p
OG0006086	VIT_213s0067g02210.1, VIT_213s0067g02210.2, VIT_208s0058g00820.1	Aqcoe1G337700.1.p
OG0006087	VIT_208s0056g00030.5, VIT_208s0056g00030.1, VIT_208s0056g00030.6, VIT_208s0056g00030.4, VIT_208s0056g00030.2, VIT_208s0056g00030.7, VIT_208s0056g00030.3	Aqcoe1G080700.2.p, Aqcoe1G080700.1.p
OG0006088	VIT_206s0004g06890.1	Aqcoe1G411500.3.p, Aqcoe1G411500.2.p, Aqcoe1G411500.4.p, Aqcoe1G411500.1.p
OG0006089	VIT_210s0116g01770.2, VIT_210s0116g01770.6, VIT_210s0116g01770.4, VIT_210s0116g01770.5, VIT_210s0116g01770.3, VIT_210s0116g01770.1	Aqcoe1G235400.3.p, Aqcoe1G235400.2.p, Aqcoe1G235400.1.p
OG0006090	VIT_208s0056g01420.1, VIT_208s0056g01440.1	Aqcoe1G062400.1.p
OG0006091	VIT_208s0007g00770.3, VIT_208s0007g00770.1, VIT_208s0007g00770.2	Aqcoe1G104100.1.p
OG0006092	VIT_206s0004g03270.7, VIT_206s0004g03270.6, VIT_206s0004g03270.4, VIT_206s0004g03270.3, VIT_206s0004g03270.5, VIT_206s0004g03270.2, VIT_206s0004g03270.1	Aqcoe1G491500.1.p
OG0006093	VIT_213s0019g04720.2, VIT_213s0019g04720.1, VIT_213s0019g04720.3	Aqcoe1G499600.3.p, Aqcoe1G499600.1.p, Aqcoe1G499600.2.p
OG0006094	VIT_212s0028g01050.1, VIT_212s0028g01050.3, VIT_212s0028g01050.2	Aqcoe1G170500.1.p
OG0006095	VIT_200s0259g00160.4, VIT_200s0259g00160.2, VIT_200s0259g00160.1, VIT_200s0259g00160.5, VIT_200s0259g00160.3	Aqcoe1G374400.4.p, Aqcoe1G374400.1.p, Aqcoe1G374400.5.p, Aqcoe1G374400.2.p, Aqcoe1G374400.3.p
OG0006096	VIT_210s0116g00460.1, VIT_200s0652g00030.1	Aqcoe1G317800.2.p, Aqcoe1G317800.1.p
OG0006097	VIT_209s0002g00620.3, VIT_209s0002g00620.6, VIT_209s0002g00620.4, VIT_209s0002g00620.1, VIT_209s0002g00620.2, VIT_209s0002g00620.5	Aqcoe1G040200.1.p, Aqcoe1G040000.1.p
OG0006098	VIT_206s0009g01860.3, VIT_206s0009g01860.2, VIT_206s0009g01860.1, VIT_206s0009g01860.4	Aqcoe1G039900.1.p
OG0006099	VIT_200s0904g00010.2, VIT_200s0904g00010.1	Aqcoe1G367900.1.p
OG0006100	VIT_208s0007g06700.5, VIT_208s0007g06700.3, VIT_208s0007g06700.6, VIT_208s0007g06700.2, VIT_208s0007g06700.4, VIT_208s0007g06700.1	Aqcoe1G014700.1.p, Aqcoe1G014700.2.p
OG0006101	VIT_213s0019g04520.1	Aqcoe1G138700.3.p, Aqcoe1G138700.2.p, Aqcoe1G138700.1.p
OG0006102	VIT_212s0028g03150.4, VIT_212s0028g03150.5, VIT_212s0028g03150.2, VIT_212s0028g03150.1, VIT_212s0028g03150.3	Aqcoe1G253600.1.p, Aqcoe1G253600.2.p
OG0006103	VIT_210s0042g01200.2, VIT_210s0042g01200.1, VIT_210s0042g01150.1, VIT_210s0042g01180.1, VIT_210s0042g01180.2	Aqcoe1G170900.1.p
OG0006104	VIT_200s0317g00100.2, VIT_200s0317g00100.1	Aqcoe3G092100.3.p, Aqcoe3G092100.1.p, Aqcoe1G191100.1.p
OG0006105	VIT_212s0059g01630.3, VIT_212s0059g01630.1, VIT_212s0059g01630.2, VIT_212s0059g01630.4	Aqcoe1G302500.1.p
OG0006106	VIT_200s0194g00260.1	Aqcoe1G384000.1.p
OG0006107	VIT_208s0007g03410.1, VIT_206s0080g00370.2, VIT_206s0080g00370.1, VIT_206s0080g00370.3	Aqcoe1G446100.1.p, Aqcoe1G446100.2.p
OG0006108	VIT_206s0004g06610.1	Aqcoe1G420600.1.p, Aqcoe1G420600.2.p
OG0006109	VIT_208s0058g01290.2, VIT_208s0058g01290.1	Aqcoe1G405200.2.p, Aqcoe1G405200.1.p
OG0006110	VIT_219s0085g00270.3, VIT_219s0085g00270.2, VIT_219s0085g00270.1	Aqcoe1G193900.1.p
OG0006110	VIT_219s0085g00270.4	Aqcoe1G193900.2.p
OG0006111	VIT_208s0007g07150.1	Aqcoe1G051900.1.p, Aqcoe1G051900.2.p
OG0006112	VIT_212s0059g02440.1	Aqcoe1G361900.2.p, Aqcoe1G361900.1.p
OG0006113	VIT_205s0049g01380.3, VIT_205s0049g01380.4, VIT_205s0049g01380.6, VIT_205s0049g01380.5, VIT_205s0049g01380.2, VIT_205s0049g01380.1, VIT_208s0056g01280.1	Aqcoe1G066600.2.p, Aqcoe1G066600.1.p
OG0006114	VIT_213s0067g01890.2, VIT_213s0067g01890.1, VIT_213s0067g01890.4, VIT_213s0067g01890.3	Aqcoe1G151200.1.p
OG0006115	VIT_208s0007g03690.3, VIT_208s0007g03690.2, VIT_208s0007g03690.1	Aqcoe1G449800.1.p, Aqcoe1G449800.2.p
OG0006116	VIT_202s0154g00140.1, VIT_200s0233g00060.1	Aqcoe5G419200.1.p, Aqcoe5G419200.3.p, Aqcoe5G419200.2.p, Aqcoe1G221200.1.p
OG0006117	VIT_201s0010g00020.1, VIT_201s0010g00020.2, VIT_201s0010g00020.5, VIT_201s0010g00020.4, VIT_201s0010g00020.3	Aqcoe1G158100.1.p, Aqcoe1G158100.2.p
OG0006118	VIT_213s0074g00150.2, VIT_213s0074g00150.3, VIT_213s0074g00150.1, VIT_213s0074g00150.5, VIT_213s0074g00150.4, VIT_213s0074g00150.6	Aqcoe1G115700.1.p, Aqcoe1G115700.3.p, Aqcoe1G115700.2.p
OG0006119	VIT_208s0007g08280.1	Aqcoe1G031800.1.p
OG0006120	VIT_218s0072g00220.1, VIT_218s0072g00210.1, VIT_218s0072g00200.1	Aqcoe1G415700.1.p
OG0006121	VIT_208s0007g01600.1, VIT_208s0007g01600.4, VIT_208s0007g01600.3, VIT_208s0007g01600.5, VIT_208s0007g01600.2	Aqcoe1G090500.1.p
OG0006123	VIT_206s0004g02330.1, VIT_201s0010g00595.1	Aqcoe1G031100.1.p
OG0006124	VIT_206s0004g01740.5, VIT_206s0004g01740.4, VIT_206s0004g01740.2, VIT_206s0004g01740.3, VIT_206s0004g01740.1	Aqcoe1G030200.1.p
OG0006125	VIT_208s0056g00640.1	Aqcoe1G499500.3.p, Aqcoe1G499500.1.p, Aqcoe1G499500.4.p, Aqcoe1G499500.6.p, Aqcoe1G499500.2.p, Aqcoe1G499500.5.p
OG0006126	VIT_207s0005g04920.1	Aqcoe5G008300.1.p
OG0006127	VIT_204s0044g00120.1	Aqcoe5G119800.1.p
OG0006128	VIT_202s0012g02520.2, VIT_202s0012g02520.3, VIT_202s0012g02520.1, VIT_218s0001g07160.1	Aqcoe5G064300.2.p, Aqcoe5G064300.1.p
OG0006129	VIT_208s0007g09020.1	Aqcoe5G004600.1.p
OG0006130	VIT_202s0025g02540.1	Aqcoe5G462400.1.p
OG0006131	VIT_214s0068g02120.1, VIT_217s0000g01490.1	Aqcoe5G360500.1.p
OG0006132	VIT_216s0098g00980.1	Aqcoe5G470600.1.p
OG0006133	VIT_218s0001g07230.1, VIT_218s0001g07230.2	Aqcoe5G162600.1.p, Aqcoe5G162600.2.p, Aqcoe5G162600.3.p
OG0006134	VIT_201s0137g00420.1	Aqcoe5G389700.1.p
OG0006135	VIT_207s0031g00820.3, VIT_207s0031g00820.1, VIT_207s0031g00820.5, VIT_207s0031g00820.2, VIT_207s0031g00820.4	Aqcoe5G155800.1.p
OG0006136	VIT_201s0011g06320.2, VIT_201s0011g06320.3, VIT_201s0011g06320.5, VIT_201s0011g06320.1, VIT_201s0011g06320.4	Aqcoe5G155600.6.p, Aqcoe5G155600.3.p, Aqcoe5G155600.4.p, Aqcoe5G155600.5.p, Aqcoe5G155600.7.p, Aqcoe5G155600.1.p, Aqcoe5G155600.2.p
OG0006137	VIT_202s0033g00360.1, VIT_201s0010g02760.2, VIT_201s0010g02760.1	Aqcoe5G369900.3.p, Aqcoe5G369900.4.p, Aqcoe5G369900.6.p, Aqcoe5G369900.1.p, Aqcoe5G369900.2.p, Aqcoe5G369900.5.p, Aqcoe5G369900.7.p
OG0006138	VIT_218s0001g12100.5, VIT_218s0001g12100.6, VIT_218s0001g12100.4, VIT_218s0001g12100.3, VIT_218s0001g12100.2, VIT_218s0001g12100.1	Aqcoe5G197700.1.p
OG0006139	VIT_217s0000g09900.1, VIT_201s0137g00200.1	Aqcoe5G382300.1.p
OG0006140	VIT_202s0025g01400.7, VIT_202s0025g01400.9, VIT_202s0025g01400.4, VIT_202s0025g01400.6, VIT_202s0025g01400.5, VIT_202s0025g01400.2, VIT_202s0025g01400.1, VIT_202s0025g01400.3, VIT_202s0025g01400.8	Aqcoe5G457200.1.p
OG0006141	VIT_200s0434g00080.2, VIT_200s0434g00080.3, VIT_200s0434g00080.1	Aqcoe5G214700.2.p, Aqcoe5G214700.1.p
OG0006142	VIT_204s0044g00300.1	Aqcoe5G249900.1.p
OG0006143	VIT_214s0066g00390.1	Aqcoe5G399000.2.p, Aqcoe5G399000.1.p
OG0006144	VIT_216s0098g01320.2, VIT_216s0098g01320.3, VIT_216s0098g01320.1, VIT_215s0046g00020.1, VIT_215s0046g00020.2, VIT_215s0046g00020.3	Aqcoe5G468800.3.p, Aqcoe5G468800.2.p, Aqcoe5G468800.4.p, Aqcoe5G468800.1.p
OG0006145	VIT_201s0011g01690.1	Aqcoe5G192300.1.p
OG0006146	VIT_205s0094g00370.1, VIT_205s0094g00370.3, VIT_205s0094g00370.2	Aqcoe5G110200.1.p
OG0006147	VIT_201s0150g00550.1, VIT_201s0150g00550.2	Aqcoe5G310200.1.p
OG0006148	VIT_218s0122g00510.1, VIT_218s0122g00510.2	Aqcoe5G112600.1.p
OG0006149	VIT_215s0048g00520.2, VIT_215s0048g00520.1	Aqcoe5G420400.1.p
OG0006150	VIT_214s0171g00290.1, VIT_214s0171g00300.2, VIT_214s0171g00300.3, VIT_214s0171g00300.1	Aqcoe3G189900.2.p, Aqcoe3G189900.1.p
OG0006150	VIT_217s0000g01790.3, VIT_217s0000g01790.2, VIT_217s0000g01790.1	Aqcoe5G371200.1.p
OG0006151	VIT_218s0001g13930.1	Aqcoe5G226900.2.p, Aqcoe5G226900.1.p
OG0006152	VIT_218s0001g07380.1	Aqcoe5G161100.1.p
OG0006153	VIT_203s0088g00670.2, VIT_203s0088g00670.1, VIT_207s0031g02890.1	Aqcoe5G096000.1.p, Aqcoe3G262800.1.p
OG0006154	VIT_207s0031g00700.3, VIT_207s0031g00700.2, VIT_207s0031g00700.1, VIT_205s0094g01240.3, VIT_205s0094g01240.2, VIT_205s0094g01240.1	Aqcoe5G152300.1.p
OG0006155	VIT_201s0010g03300.4, VIT_201s0010g03300.6, VIT_201s0010g03300.5, VIT_201s0010g03300.2, VIT_201s0010g03300.1, VIT_201s0010g03300.3	Aqcoe5G360700.3.p, Aqcoe5G360700.1.p, Aqcoe5G360700.2.p
OG0006156	VIT_215s0046g01620.2, VIT_215s0046g01620.1	Aqcoe5G440300.1.p
OG0006157	VIT_215s0048g01790.4, VIT_215s0048g01790.6, VIT_215s0048g01790.2, VIT_215s0048g01790.5, VIT_215s0048g01790.1, VIT_215s0048g01790.3	Aqcoe5G429000.1.p, Aqcoe5G425900.1.p
OG0006158	VIT_206s0004g00960.1, VIT_202s0087g00750.1	Aqcoe5G334800.1.p
OG0006159	VIT_210s0003g03920.2, VIT_210s0003g03920.3, VIT_210s0003g03920.1	Aqcoe5G103200.1.p
OG0006160	VIT_201s0011g04420.1	Aqcoe5G414100.1.p
OG0006161	VIT_217s0000g01540.1	Aqcoe5G036400.1.p
OG0006162	VIT_218s0001g10780.1, VIT_218s0001g10780.2	Aqcoe5G156200.3.p, Aqcoe5G156200.1.p, Aqcoe5G156200.4.p, Aqcoe5G156200.2.p
OG0006163	VIT_214s0060g01560.2, VIT_214s0060g01560.1	Aqcoe5G305800.1.p, Aqcoe5G305800.2.p
OG0006164	VIT_210s0003g04000.1, VIT_210s0003g04000.2	Aqcoe5G415400.2.p, Aqcoe5G415400.1.p, Aqcoe5G415400.3.p, Aqcoe5G415400.5.p, Aqcoe5G415400.4.p
OG0006165	VIT_216s0050g02500.1	Aqcoe5G450000.1.p
OG0006166	VIT_214s0219g00130.1	Aqcoe5G381100.1.p, Aqcoe3G130500.1.p
OG0006167	VIT_200s0820g00010.3, VIT_200s0820g00010.2, VIT_200s0820g00010.1, VIT_200s0768g00010.1	Aqcoe5G166200.1.p, Aqcoe5G166200.2.p
OG0006168	VIT_204s0043g00270.1, VIT_204s0043g00270.3, VIT_204s0043g00270.2	Aqcoe5G031100.2.p, Aqcoe5G031100.1.p
OG0006169	VIT_212s0035g01820.1, VIT_218s0089g01010.1	Aqcoe5G216600.1.p
OG0006170	VIT_207s0031g02850.4, VIT_207s0031g02850.5, VIT_207s0031g02850.2, VIT_207s0031g02850.1, VIT_207s0031g02850.3	Aqcoe5G258800.1.p, Aqcoe5G258800.2.p
OG0006171	VIT_217s0000g01080.1	Aqcoe5G349600.1.p
OG0006172	VIT_203s0091g00700.1, VIT_203s0091g00700.2, VIT_219s0093g00100.1, VIT_219s0093g00070.1, VIT_202s0087g00310.1	Aqcoe5G103700.2.p, Aqcoe5G103700.3.p, Aqcoe5G103700.1.p
OG0006173	VIT_214s0036g01030.2, VIT_214s0036g01030.1	Aqcoe5G021000.1.p
OG0006174	VIT_209s0002g02270.3, VIT_209s0002g02270.6, VIT_209s0002g02270.5, VIT_209s0002g02270.7, VIT_209s0002g02270.1, VIT_209s0002g02270.4, VIT_209s0002g02270.2	Aqcoe5G036100.5.p, Aqcoe5G036100.4.p, Aqcoe5G036100.3.p, Aqcoe5G036100.2.p, Aqcoe5G036100.1.p
OG0006175	VIT_210s0042g01230.1, VIT_212s0034g01840.1	Aqcoe5G089300.1.p
OG0006176	VIT_217s0000g09980.1	Aqcoe3G132200.2.p, Aqcoe3G132200.1.p, Aqcoe0015s0011.1.p, Aqcoe5G381600.1.p
OG0006177	VIT_203s0038g00760.1	Aqcoe5G177400.1.p
OG0006178	VIT_214s0060g01740.1, VIT_214s0060g01740.2, VIT_214s0060g01740.3	Aqcoe5G089700.2.p, Aqcoe5G089700.1.p
OG0006179	VIT_218s0001g07660.4, VIT_218s0001g07660.6, VIT_218s0001g07660.2, VIT_218s0001g07660.3, VIT_218s0001g07660.5, VIT_218s0001g07660.7, VIT_218s0001g07660.1	Aqcoe5G166700.1.p
OG0006180	VIT_216s0098g01650.1, VIT_216s0098g01650.2, VIT_216s0098g01650.4, VIT_216s0098g01650.5, VIT_216s0098g01650.3	Aqcoe5G466700.2.p, Aqcoe5G466700.1.p
OG0006181	VIT_200s0125g00260.6, VIT_200s0125g00260.5, VIT_200s0125g00260.4, VIT_200s0125g00260.3, VIT_200s0125g00260.7, VIT_200s0125g00260.2, VIT_200s0125g00260.1	Aqcoe5G379100.1.p
OG0006182	VIT_218s0001g09170.2, VIT_218s0001g09170.1	Aqcoe5G101100.1.p
OG0006183	VIT_201s0010g03940.2, VIT_201s0010g03940.1, VIT_201s0010g03940.3	Aqcoe5G350300.1.p, Aqcoe5G350300.2.p
OG0006184	VIT_205s0020g03060.1	Aqcoe5G058400.1.p, Aqcoe5G058400.5.p, Aqcoe5G058400.3.p, Aqcoe5G058400.2.p, Aqcoe5G058400.4.p
OG0006185	VIT_217s0000g02750.1	Aqcoe3G018400.1.p
OG0006186	VIT_217s0000g01010.1, VIT_217s0000g01070.1	Aqcoe3G143400.1.p, Aqcoe3G410800.1.p
OG0006187	VIT_210s0042g00170.1	Aqcoe3G008000.1.p
OG0006188	VIT_201s0011g04670.4, VIT_201s0011g04670.3, VIT_201s0011g04670.1, VIT_201s0011g04670.2	Aqcoe3G403000.1.p
OG0006189	VIT_209s0018g01180.2, VIT_209s0018g01180.1	Aqcoe3G227600.2.p, Aqcoe3G227600.1.p, Aqcoe3G229400.2.p, Aqcoe3G229400.1.p, Aqcoe3G229400.3.p
OG0006190	VIT_216s0039g00280.2, VIT_216s0039g00280.1	Aqcoe3G442500.1.p
OG0006192	VIT_211s0016g00100.1, VIT_211s0016g00100.2, VIT_211s0016g00100.3, VIT_211s0016g00100.6, VIT_211s0016g00100.5, VIT_211s0016g00100.4	Aqcoe3G071700.1.p, Aqcoe3G071700.2.p
OG0006193	VIT_206s0004g00450.2, VIT_206s0004g00450.1	Aqcoe3G216200.1.p, Aqcoe3G216200.2.p
OG0006194	VIT_214s0108g00940.6, VIT_214s0108g00940.4, VIT_214s0108g00940.3, VIT_214s0108g00940.1, VIT_214s0108g00940.5, VIT_214s0108g00940.2	Aqcoe3G340900.2.p, Aqcoe3G340900.1.p
OG0006195	VIT_214s0108g01310.1	Aqcoe3G058400.1.p, Aqcoe3G058600.1.p
OG0006196	VIT_214s0006g02720.1, VIT_214s0006g02720.3, VIT_214s0006g02720.2	Aqcoe3G402200.1.p, Aqcoe3G402200.2.p
OG0006197	VIT_201s0026g00720.1	Aqcoe3G109100.2.p, Aqcoe3G109100.3.p, Aqcoe3G109100.1.p
OG0006197	VIT_201s0026g00670.1	Aqcoe3G304700.1.p
OG0006198	VIT_201s0011g06260.3, VIT_201s0011g06260.2, VIT_201s0011g06260.1	Aqcoe3G419700.1.p
OG0006199	VIT_214s0066g01070.2, VIT_214s0066g01070.6, VIT_214s0066g01070.5, VIT_214s0066g01070.1, VIT_214s0066g01070.9, VIT_214s0066g01070.7, VIT_214s0066g01070.8, VIT_214s0066g01070.3, VIT_214s0066g01070.4	Aqcoe3G124100.1.p
OG0006200	VIT_214s0066g01700.1	Aqcoe3G110000.1.p, Aqcoe3G303100.1.p, Aqcoe3G303100.4.p, Aqcoe3G303100.2.p, Aqcoe3G303100.3.p
OG0006201	VIT_202s0012g01320.1	Aqcoe3G233700.1.p
OG0006202	VIT_204s0079g00760.2, VIT_204s0079g00760.1	Aqcoe3G426400.2.p, Aqcoe3G426400.1.p
OG0006203	VIT_212s0057g00670.3, VIT_212s0057g00670.2, VIT_212s0057g00670.1, VIT_212s0057g00670.5, VIT_212s0057g00670.4	Aqcoe3G266400.1.p
OG0006204	VIT_201s0011g01080.5, VIT_201s0011g01080.6, VIT_201s0011g01080.3, VIT_201s0011g01080.2, VIT_201s0011g01080.1, VIT_201s0011g01080.4	Aqcoe3G418500.1.p
OG0006205	VIT_201s0010g00460.1	Aqcoe3G356500.1.p
OG0006206	VIT_205s0020g02930.1, VIT_205s0020g02930.2, VIT_216s0050g00450.2, VIT_216s0050g00450.1	Aqcoe3G342400.1.p, Aqcoe3G342400.2.p
OG0006207	VIT_217s0000g03610.1, VIT_217s0000g03610.2	Aqcoe3G401600.1.p
OG0006208	VIT_217s0053g00120.1, VIT_210s0042g00950.1, VIT_210s0042g00950.2	Aqcoe3G438900.1.p
OG0006209	VIT_217s0000g06680.1, VIT_217s0000g06680.2, VIT_201s0010g00510.1	Aqcoe3G355300.2.p, Aqcoe3G355300.1.p, Aqcoe3G354600.1.p, Aqcoe3G354600.2.p
OG0006210	VIT_201s0137g00220.2, VIT_201s0137g00220.7	Aqcoe3G134600.6.p, Aqcoe3G134600.2.p, Aqcoe3G134600.5.p, Aqcoe3G134600.4.p, Aqcoe3G134600.1.p, Aqcoe3G134600.3.p
OG0006211	VIT_217s0000g05510.1	Aqcoe3G097300.1.p, Aqcoe3G321900.2.p, Aqcoe3G321900.3.p, Aqcoe3G321900.1.p
OG0006212	VIT_201s0011g03930.1	Aqcoe3G027300.1.p
OG0006213	VIT_214s0006g01080.1, VIT_217s0000g02010.1	Aqcoe3G416100.1.p, Aqcoe3G005900.1.p
OG0006214	VIT_201s0026g02690.1, VIT_217s0000g06380.1	Aqcoe3G339200.1.p, Aqcoe3G339200.2.p, Aqcoe3G345500.1.p, Aqcoe3G345400.1.p
OG0006215	VIT_212s0057g01340.2, VIT_212s0057g01340.1	Aqcoe3G427500.1.p, Aqcoe3G427500.2.p
OG0006216	VIT_217s0000g07200.2, VIT_217s0000g07210.1, VIT_217s0000g07200.1	Aqcoe3G364800.1.p
OG0006217	VIT_209s0002g07070.1	Aqcoe3G382400.1.p
OG0006218	VIT_201s0010g00820.1	Aqcoe3G071300.2.p, Aqcoe3G071300.1.p
OG0006219	VIT_215s0046g01740.5, VIT_215s0046g01740.1, VIT_215s0046g01740.3, VIT_215s0046g01740.2, VIT_215s0046g01740.4	Aqcoe3G061300.1.p, Aqcoe3G061300.2.p
OG0006220	VIT_201s0026g00230.2, VIT_201s0026g00230.3, VIT_201s0026g00230.1	Aqcoe3G293000.2.p, Aqcoe3G293000.1.p, Aqcoe3G272700.1.p
OG0006221	VIT_201s0026g00190.1, VIT_217s0000g08080.1	Aqcoe3G298000.1.p
OG0006222	VIT_208s0007g08830.1	Aqcoe3G012200.1.p
OG0006223	VIT_213s0047g00170.5, VIT_213s0047g00170.6, VIT_213s0047g00170.1, VIT_213s0047g00170.2, VIT_213s0047g00170.4, VIT_213s0047g00170.3	Aqcoe3G444900.2.p, Aqcoe3G444900.1.p, Aqcoe3G444900.3.p
OG0006225	VIT_214s0006g02690.1, VIT_214s0006g02690.2	Aqcoe3G029100.1.p
OG0006226	VIT_200s0220g00010.1, VIT_200s0220g00010.2, VIT_200s0220g00010.4, VIT_200s0220g00010.3	Aqcoe3G073900.4.p, Aqcoe3G073900.3.p, Aqcoe3G073900.2.p, Aqcoe3G073900.1.p
OG0006227	VIT_217s0000g08520.4, VIT_217s0000g08520.3, VIT_217s0000g08520.1, VIT_217s0000g08520.5, VIT_217s0000g08520.2	Aqcoe3G287400.1.p, Aqcoe3G287400.2.p
OG0006228	VIT_212s0057g01530.1	Aqcoe3G045300.1.p
OG0006229	VIT_204s0044g00530.1, VIT_204s0044g00530.3, VIT_204s0044g00530.4, VIT_204s0044g00530.2	Aqcoe3G245100.1.p, Aqcoe3G245100.2.p
OG0006230	VIT_201s0011g05370.1	Aqcoe3G416400.2.p, Aqcoe3G416400.1.p, Aqcoe3G416400.3.p
OG0006231	VIT_201s0011g05330.4, VIT_201s0011g05330.3	Aqcoe3G416700.1.p
OG0006232	VIT_200s0174g00200.1, VIT_200s0174g00200.3, VIT_200s0174g00200.4, VIT_200s0174g00200.2	Aqcoe3G441700.3.p, Aqcoe3G441700.1.p, Aqcoe3G441700.2.p
OG0006233	VIT_217s0000g04670.1	Aqcoe3G384600.1.p, Aqcoe3G074700.1.p, Aqcoe3G074700.2.p
OG0006234	VIT_214s0083g00440.2, VIT_214s0083g00440.3, VIT_214s0083g00440.1	Aqcoe3G387900.2.p, Aqcoe3G387900.1.p
OG0006235	VIT_208s0007g04980.1	Aqcoe3G160400.4.p, Aqcoe3G160400.3.p, Aqcoe3G160400.1.p, Aqcoe3G160400.5.p, Aqcoe3G160400.2.p
OG0006236	VIT_201s0026g00090.1, VIT_201s0026g00100.1	Aqcoe3G294600.1.p
OG0006237	VIT_202s0012g02700.2, VIT_202s0012g02700.3, VIT_202s0012g02700.1, VIT_202s0012g02700.4	Aqcoe3G172700.3.p, Aqcoe3G172700.5.p, Aqcoe3G172700.4.p, Aqcoe3G172700.2.p, Aqcoe3G172700.1.p
OG0006238	VIT_201s0127g00500.2, VIT_201s0127g00500.1	Aqcoe3G287700.4.p, Aqcoe3G287700.1.p, Aqcoe3G287700.2.p, Aqcoe3G287700.3.p
OG0006239	VIT_219s0027g00600.4, VIT_219s0027g00600.2, VIT_219s0027g00600.1, VIT_219s0027g00600.3	Aqcoe3G017400.1.p
OG0006240	VIT_208s0007g07610.3, VIT_208s0007g07610.1, VIT_208s0007g07610.2	Aqcoe3G344000.1.p
OG0006241	VIT_218s0001g04540.1, VIT_218s0001g04540.2	Aqcoe3G031100.2.p, Aqcoe3G031100.1.p
OG0006242	VIT_213s0019g03660.1	Aqcoe3G149600.1.p
OG0006243	VIT_217s0000g06590.1	Aqcoe3G350700.2.p, Aqcoe3G350700.1.p
OG0006244	VIT_214s0066g00410.4, VIT_214s0066g00410.2, VIT_214s0066g00410.1, VIT_214s0066g00410.3	Aqcoe3G143900.2.p, Aqcoe3G143900.1.p
OG0006245	VIT_201s0011g00450.2, VIT_201s0011g00450.1, VIT_201s0011g00450.3, VIT_201s0011g00450.4, VIT_201s0011g00450.6, VIT_201s0011g00450.5	Aqcoe3G371400.2.p, Aqcoe3G371400.3.p, Aqcoe3G371400.1.p, Aqcoe3G371400.5.p, Aqcoe3G371400.4.p
OG0006246	VIT_217s0000g06000.1, VIT_214s0108g00480.4, VIT_214s0108g00480.2, VIT_214s0108g00480.1, VIT_214s0108g00480.3	Aqcoe3G334900.1.p
OG0006247	VIT_217s0000g03430.1	Aqcoe3G030300.1.p
OG0006248	VIT_215s0021g02050.1, VIT_215s0021g02050.2	Aqcoe3G275400.1.p
OG0006250	VIT_216s0013g00130.1, VIT_216s0013g00130.2, VIT_216s0013g00130.5, VIT_216s0013g00130.4, VIT_216s0013g00130.3	Aqcoe3G236300.3.p, Aqcoe3G236300.4.p, Aqcoe3G236300.1.p, Aqcoe3G236300.2.p
OG0006251	VIT_217s0000g07730.1, VIT_214s0066g01870.1	Aqcoe3G306800.1.p
OG0006252	VIT_214s0006g02940.1, VIT_214s0006g02930.1, VIT_210s0003g05120.1, VIT_201s0011g02870.5, VIT_201s0011g02870.4, VIT_201s0011g02870.6, VIT_201s0011g02870.3, VIT_201s0011g02870.2, VIT_201s0011g02870.1	Aqcoe3G048200.1.p, Aqcoe3G048200.2.p, Aqcoe3G048200.4.p, Aqcoe3G048200.3.p
OG0006253	VIT_207s0031g02330.1, VIT_207s0031g02330.2, VIT_207s0130g00490.1, VIT_207s0130g00490.2	Aqcoe3G311000.1.p
OG0006254	VIT_217s0000g00120.3, VIT_201s0150g00180.2, VIT_201s0150g00180.1, VIT_217s0000g00120.4, VIT_217s0000g00120.1, VIT_217s0000g00120.2	Aqcoe3G206700.1.p
OG0006255	VIT_202s0012g01280.1	Aqcoe3G233200.1.p
OG0006256	VIT_217s0000g03790.1, VIT_201s0011g03420.1	Aqcoe3G040900.1.p
OG0006296	VIT_215s0048g01760.2, VIT_215s0048g01760.1	Aqcoe7G060900.1.p, Aqcoe7G060900.2.p, Aqcoe2G181900.1.p, Aqcoe0729s0001.1.p
OG0006297	VIT_207s0104g01360.2, VIT_207s0104g01360.1	Aqcoe2G310900.1.p
OG0006298	VIT_207s0005g02530.1, VIT_207s0005g02520.2, VIT_207s0005g02520.1	Aqcoe2G241100.2.p, Aqcoe2G241100.1.p
OG0006299	VIT_213s0067g00230.1, VIT_213s0067g00230.3, VIT_213s0067g00230.2	Aqcoe2G100000.1.p, Aqcoe2G100000.2.p
OG0006300	VIT_205s0077g01330.1	Aqcoe2G278400.1.p
OG0006301	VIT_219s0140g00210.1, VIT_201s0150g00060.1	Aqcoe2G395900.1.p
OG0006302	VIT_206s0080g00160.1	Aqcoe1G449700.1.p
OG0006303	VIT_205s0029g00240.2, VIT_205s0029g00240.1	Aqcoe2G404200.2.p, Aqcoe2G404200.1.p, Aqcoe2G404100.1.p
OG0006304	VIT_212s0035g01160.1, VIT_218s0001g06880.1	Aqcoe2G297600.1.p
OG0006305	VIT_206s0004g06350.1, VIT_206s0004g06350.2, VIT_213s0067g00450.1	Aqcoe2G099100.1.p
OG0006306	VIT_213s0064g00580.7, VIT_213s0064g00580.2, VIT_213s0064g00580.1, VIT_213s0064g00580.4	Aqcoe2G017700.2.p, Aqcoe2G017700.1.p
OG0006307	VIT_208s0007g01940.2, VIT_208s0007g01940.1	Aqcoe2G101700.1.p
OG0006308	VIT_213s0019g01010.1	Aqcoe2G032700.3.p, Aqcoe2G032700.4.p, Aqcoe2G032700.1.p, Aqcoe2G032700.2.p
OG0006309	VIT_207s0104g00230.1, VIT_207s0104g00230.2, VIT_207s0104g00230.3	Aqcoe2G222000.1.p
OG0006310	VIT_209s0054g01020.1	Aqcoe2G303500.1.p, Aqcoe2G303500.3.p, Aqcoe2G303500.2.p
OG0006310	VIT_218s0001g02270.1	Aqcoe6G026600.1.p
OG0006312	VIT_205s0020g03520.1	Aqcoe2G346000.1.p
OG0006313	VIT_208s0040g02450.2, VIT_208s0040g02450.1	Aqcoe2G178400.1.p, Aqcoe2G178400.2.p
OG0006314	VIT_206s0004g08280.1, VIT_216s0039g00200.1	Aqcoe2G074400.1.p
OG0006315	VIT_205s0020g02350.2, VIT_205s0020g02350.4, VIT_205s0020g02350.3, VIT_205s0020g02350.1	Aqcoe2G323200.2.p, Aqcoe2G323200.1.p
OG0006316	VIT_213s0019g01470.1	Aqcoe2G147500.1.p, Aqcoe2G147500.3.p, Aqcoe2G147500.6.p, Aqcoe2G147500.5.p, Aqcoe2G147500.4.p, Aqcoe2G147500.2.p
OG0006317	VIT_208s0007g05120.1	Aqcoe2G045300.1.p
OG0006318	VIT_213s0074g00590.1, VIT_213s0074g00590.2	Aqcoe2G129400.4.p, Aqcoe2G129400.3.p, Aqcoe2G129400.2.p, Aqcoe2G129400.1.p, Aqcoe1G455400.1.p
OG0006319	VIT_205s0077g00450.2, VIT_205s0077g00450.4, VIT_205s0077g00450.3, VIT_205s0077g00450.1	Aqcoe2G256900.1.p
OG0006320	VIT_211s0037g00250.4, VIT_211s0037g00250.5, VIT_211s0037g00250.1, VIT_211s0037g00250.2, VIT_211s0037g00250.3	Aqcoe2G343500.2.p, Aqcoe2G343500.1.p
OG0006321	VIT_204s0008g02170.1	Aqcoe7G432400.1.p, Aqcoe7G432400.2.p, Aqcoe2G139000.1.p
OG0006321	VIT_216s0098g01460.1	Aqcoe4G279400.1.p
OG0006322	VIT_205s0062g01080.1, VIT_205s0062g01080.2, VIT_205s0062g01080.3, VIT_205s0062g01080.5	Aqcoe2G427400.1.p
OG0006323	VIT_213s0074g00100.3, VIT_213s0074g00100.2, VIT_213s0074g00100.1	Aqcoe2G164700.1.p, Aqcoe2G164700.2.p
OG0006324	VIT_208s0056g00800.2, VIT_208s0056g00800.3, VIT_208s0056g00800.1	Aqcoe1G001900.1.p, Aqcoe1G001900.3.p, Aqcoe1G001900.2.p, Aqcoe2G001000.1.p
OG0006325	VIT_206s0061g00040.1, VIT_206s0061g00040.4, VIT_206s0061g00040.2	Aqcoe2G028900.1.p
OG0006326	VIT_207s0104g00770.1, VIT_207s0104g00770.2	Aqcoe5G066300.2.p, Aqcoe5G066300.3.p, Aqcoe5G066300.1.p, Aqcoe2G322800.1.p
OG0006327	VIT_208s0007g08550.1, VIT_208s0007g08550.2	Aqcoe5G030900.2.p, Aqcoe5G030900.1.p, Aqcoe5G030900.3.p, Aqcoe2G286400.2.p, Aqcoe2G286400.1.p
OG0006328	VIT_200s0245g00070.1, VIT_205s0029g00470.1, VIT_205s0029g00470.2, VIT_205s0029g00470.5, VIT_205s0029g00470.4, VIT_205s0029g00470.3	Aqcoe2G406000.1.p
OG0006329	VIT_219s0085g00910.1	Aqcoe2G420500.1.p
OG0006330	VIT_217s0000g06250.1	Aqcoe3G339800.1.p, Aqcoe2G368000.1.p
OG0006331	VIT_202s0087g00690.1	Aqcoe2G403800.1.p
OG0006332	VIT_218s0001g00670.2, VIT_218s0001g00670.1	Aqcoe2G105900.1.p, Aqcoe6G227700.2.p, Aqcoe6G227700.1.p, Aqcoe6G227700.3.p
OG0006333	VIT_214s0060g00060.1	Aqcoe2G183600.1.p
OG0006334	VIT_215s0048g01910.1	Aqcoe7G226100.1.p
OG0006334	VIT_201s0010g00665.1	Aqcoe7G227700.1.p, Aqcoe2G191200.1.p
OG0006335	VIT_216s0098g00370.1	Aqcoe4G135500.1.p, Aqcoe2G091300.1.p, Aqcoe7G142400.1.p, Aqcoe7G010200.1.p, Aqcoe5G460700.1.p
OG0006336	VIT_205s0077g01190.1	Aqcoe2G276300.1.p, Aqcoe2G276300.2.p
OG0006337	VIT_213s0139g00150.2, VIT_213s0139g00150.4, VIT_213s0139g00150.1, VIT_213s0139g00150.5, VIT_213s0139g00150.3	Aqcoe2G036800.1.p
OG0006338	VIT_205s0020g03980.2, VIT_205s0020g03980.1, VIT_205s0020g03980.3	Aqcoe2G351600.1.p, Aqcoe2G351600.2.p, Aqcoe5G049100.1.p
OG0006339	VIT_213s0064g00010.1	Aqcoe2G023900.5.p, Aqcoe2G023900.2.p, Aqcoe2G023900.3.p, Aqcoe2G023900.1.p, Aqcoe2G023900.4.p
OG0006340	VIT_214s0030g01960.1	Aqcoe2G353100.1.p
OG0006340	VIT_205s0020g04130.1, VIT_205s0020g04130.2	Aqcoe5G046600.1.p
OG0006341	VIT_205s0077g02320.1, VIT_205s0077g02320.3	Aqcoe2G293100.1.p
OG0006342	VIT_206s0061g00560.1	Aqcoe2G208300.2.p, Aqcoe2G208300.1.p, Aqcoe1G130600.1.p
OG0006343	VIT_205s0020g00870.5, VIT_205s0020g00870.1, VIT_205s0020g00870.2, VIT_205s0020g00870.3, VIT_205s0020g00870.4	Aqcoe2G249300.4.p, Aqcoe2G249300.1.p, Aqcoe2G249300.3.p, Aqcoe2G249300.2.p
OG0006344	VIT_207s0104g00660.1	Aqcoe2G325100.1.p
OG0006345	VIT_214s0128g00390.1, VIT_205s0020g02900.1	Aqcoe2G337400.1.p, Aqcoe5G059400.1.p
OG0006346	VIT_213s0067g03260.1	Aqcoe2G074600.1.p, Aqcoe2G074600.2.p, Aqcoe1G501100.1.p
OG0006347	VIT_208s0007g04380.1	Aqcoe1G119900.1.p
OG0006348	VIT_214s0060g02370.1, VIT_214s0060g02370.2, VIT_214s0060g02370.4, VIT_214s0060g02370.3, VIT_214s0060g02370.5, VIT_214s0060g02370.6	Aqcoe2G303200.1.p
OG0006349	VIT_208s0007g05920.1, VIT_208s0007g05920.2, VIT_208s0007g05920.3	Aqcoe2G181100.4.p, Aqcoe2G181100.2.p, Aqcoe2G181100.3.p, Aqcoe2G181100.1.p
OG0006350	VIT_213s0019g03430.1, VIT_208s0007g01930.1	Aqcoe2G101900.1.p
OG0006351	VIT_206s0004g00650.1	Aqcoe1G054300.1.p
OG0006351	VIT_206s0004g00610.1, VIT_206s0004g00620.1	Aqcoe1G054200.1.p, Aqcoe2G058900.1.p
OG0006352	VIT_214s0060g01380.1, VIT_214s0060g01380.2	Aqcoe2G279300.1.p
OG0006353	VIT_205s0020g02940.2, VIT_205s0020g02940.3, VIT_205s0020g02940.1	Aqcoe2G337900.1.p, Aqcoe2G337900.2.p
OG0006354	VIT_208s0007g07360.1, VIT_206s0004g00405.1	Aqcoe2G050200.1.p
OG0006355	VIT_205s0094g00070.1, VIT_205s0094g00070.2	Aqcoe2G435600.3.p, Aqcoe2G435600.2.p, Aqcoe2G435600.1.p
OG0006356	VIT_216s0100g00370.1	Aqcoe7G050000.2.p, Aqcoe7G050000.1.p, Aqcoe2G310700.2.p, Aqcoe2G310700.1.p
OG0006357	VIT_215s0046g01110.1	Aqcoe7G014300.2.p, Aqcoe7G014300.1.p, Aqcoe7G012200.1.p
OG0006358	VIT_213s0067g02090.1	Aqcoe2G081400.1.p
OG0006359	VIT_206s0061g00070.1, VIT_206s0061g00070.3, VIT_206s0061g00070.2	Aqcoe2G029500.1.p
OG0006360	VIT_208s0007g02190.1	Aqcoe2G097400.1.p
OG0006361	VIT_208s0007g05790.1	Aqcoe2G032800.1.p
OG0006362	VIT_215s0045g01250.1, VIT_211s0065g00700.1, VIT_211s0065g01160.1, VIT_211s0065g01040.1	Aqcoe2G420700.1.p
OG0006363	VIT_206s0009g02710.1, VIT_218s0001g12360.1	Aqcoe7G403600.1.p, Aqcoe2G204900.1.p, Aqcoe2G204800.2.p, Aqcoe2G204800.1.p, Aqcoe5G194500.1.p
OG0006364	VIT_205s0020g03370.5, VIT_205s0020g03370.2, VIT_205s0020g03370.4, VIT_205s0020g03370.1, VIT_205s0020g03370.3	Aqcoe2G344400.2.p, Aqcoe2G344400.1.p
OG0006365	VIT_208s0007g02270.1	Aqcoe1G422000.1.p, Aqcoe2G095600.1.p
OG0006366	VIT_205s0094g00100.5, VIT_205s0094g00100.3, VIT_205s0094g00100.1, VIT_205s0094g00100.4, VIT_205s0094g00100.2, VIT_205s0094g00100.6	Aqcoe2G435700.1.p, Aqcoe2G435700.2.p
OG0006367	VIT_208s0007g03400.1	Aqcoe3G276600.1.p, Aqcoe2G141700.2.p, Aqcoe2G141700.1.p, Aqcoe2G141700.3.p, Aqcoe2G141700.4.p, Aqcoe2G141700.5.p
OG0006368	VIT_207s0005g02120.3, VIT_207s0005g02120.2, VIT_207s0005g02120.1	Aqcoe2G261300.1.p, Aqcoe2G261300.2.p
OG0006369	VIT_213s0067g01900.1, VIT_213s0067g01900.5, VIT_213s0067g01900.2, VIT_213s0067g01900.3, VIT_213s0067g01900.4, VIT_213s0067g01900.6, VIT_213s0067g01900.7	Aqcoe2G084100.1.p, Aqcoe2G084100.2.p
OG0006370	VIT_208s0007g07200.2, VIT_208s0007g07200.3, VIT_208s0007g07200.4, VIT_208s0007g07200.1	Aqcoe2G058400.1.p, Aqcoe2G058400.2.p
OG0006371	VIT_206s0009g02170.2, VIT_206s0009g02170.3, VIT_206s0009g02170.4, VIT_206s0009g02170.5, VIT_206s0009g02170.6, VIT_206s0009g02170.1	Aqcoe2G005300.1.p
OG0006372	VIT_218s0001g15280.1, VIT_218s0001g15280.2	Aqcoe6G037800.1.p
OG0006373	VIT_203s0180g00120.2, VIT_203s0180g00120.1, VIT_203s0180g00120.4, VIT_203s0180g00120.3	Aqcoe6G309500.1.p
OG0006374	VIT_203s0063g02510.1	Aqcoe6G118500.1.p, Aqcoe6G118600.1.p, Aqcoe5G193300.1.p
OG0006375	VIT_212s0035g01700.1, VIT_212s0035g01700.2	Aqcoe6G006200.3.p, Aqcoe6G006200.2.p, Aqcoe6G006200.1.p, Aqcoe6G006200.4.p, Aqcoe6G006400.1.p
OG0006376	VIT_218s0001g11640.1, VIT_218s0001g11640.5, VIT_218s0001g11640.6, VIT_218s0001g11640.2, VIT_218s0001g11640.4, VIT_218s0001g11640.3	Aqcoe6G103800.1.p
OG0006377	VIT_218s0001g02250.1	Aqcoe6G048200.2.p, Aqcoe6G048200.1.p
OG0006378	VIT_200s1764g00020.1	Aqcoe1G097300.1.p, Aqcoe1G097300.3.p, Aqcoe1G097300.2.p, Aqcoe6G249400.1.p, Aqcoe6G192200.1.p, Aqcoe7G062800.1.p, Aqcoe7G062800.2.p
OG0006379	VIT_203s0091g00720.1	Aqcoe6G285200.1.p
OG0006380	VIT_213s0074g00260.1, VIT_211s0016g00420.1	Aqcoe6G288300.1.p
OG0006381	VIT_207s0031g01490.4, VIT_207s0031g01490.3, VIT_207s0031g01490.2, VIT_207s0031g01490.5, VIT_207s0031g01490.1	Aqcoe6G053000.2.p, Aqcoe6G053000.1.p
OG0006382	VIT_218s0001g03130.1	Aqcoe6G019700.1.p
OG0006383	VIT_218s0001g02260.2, VIT_218s0001g02260.1	Aqcoe6G026800.1.p, Aqcoe6G026800.2.p
OG0006384	VIT_218s0001g03020.3, VIT_218s0001g03020.2, VIT_218s0001g03020.1	Aqcoe6G020400.2.p, Aqcoe6G020400.1.p
OG0006385	VIT_218s0001g02550.1, VIT_218s0001g02550.3, VIT_218s0001g02550.2	Aqcoe3G382900.1.p, Aqcoe6G308600.2.p, Aqcoe6G308600.1.p
OG0006386	VIT_207s0031g02740.1	Aqcoe6G020200.1.p
OG0006387	VIT_204s0023g01620.1, VIT_204s0023g01620.2	Aqcoe6G117600.1.p, Aqcoe6G117600.2.p, Aqcoe5G193800.2.p, Aqcoe5G193800.1.p
OG0006388	VIT_207s0031g01010.1, VIT_207s0031g01040.1, VIT_207s0031g01070.1, VIT_207s0031g01130.1, VIT_207s0031g01090.1	Aqcoe6G059000.1.p, Aqcoe3G029200.1.p
OG0006389	VIT_204s0023g01830.1	Aqcoe6G120600.1.p
OG0006390	VIT_204s0044g01720.3, VIT_204s0044g01720.2, VIT_204s0044g01720.1	Aqcoe6G321100.1.p
OG0006391	VIT_210s0071g01020.2, VIT_210s0071g01020.3, VIT_210s0071g01020.1, VIT_210s0071g01020.4	Aqcoe6G289100.1.p
OG0006392	VIT_207s0129g00680.1	Aqcoe6G302900.1.p
OG0006392	VIT_200s0202g00060.1, VIT_200s0193g00030.1	Aqcoe4G297800.1.p
OG0006393	VIT_207s0129g00380.1	Aqcoe6G289200.1.p
OG0006394	VIT_218s0001g07550.1	Aqcoe6G093800.1.p
OG0006395	VIT_218s0001g02160.1, VIT_218s0001g02190.1	Aqcoe6G027400.1.p, Aqcoe6G027400.2.p
OG0006396	VIT_207s0129g01080.1, VIT_207s0129g01080.2, VIT_207s0129g01080.4, VIT_207s0129g01080.3	Aqcoe6G309100.1.p
OG0006397	VIT_215s0024g00700.1, VIT_201s0113g00440.1	Aqcoe6G036800.1.p
OG0006398	VIT_210s0003g05040.1, VIT_210s0003g05040.2, VIT_210s0003g05040.3	Aqcoe1G181300.1.p, Aqcoe1G181300.3.p, Aqcoe6G234300.1.p, Aqcoe1G181300.2.p
OG0006399	VIT_218s0001g14660.1, VIT_218s0001g14660.5, VIT_218s0001g14660.4	Aqcoe6G224900.1.p, Aqcoe6G224900.3.p, Aqcoe6G224900.4.p
OG0006400	VIT_211s0016g00170.3, VIT_211s0016g00170.1, VIT_211s0016g00170.2	Aqcoe6G286100.1.p
OG0006401	VIT_200s0984g00010.1	Aqcoe6G151500.2.p, Aqcoe6G151500.1.p
OG0006402	VIT_218s0001g13880.1, VIT_218s0001g13880.2	Aqcoe6G243100.1.p, Aqcoe6G243100.2.p
OG0006403	VIT_212s0035g01920.1, VIT_212s0035g01920.2	Aqcoe6G002200.1.p
OG0006404	VIT_218s0001g08980.1	Aqcoe6G274200.3.p, Aqcoe6G274200.2.p, Aqcoe6G274200.1.p, Aqcoe6G323700.1.p
OG0006405	VIT_218s0001g14500.1	Aqcoe6G212200.1.p, Aqcoe1G269100.1.p
OG0006406	VIT_208s0040g01700.1, VIT_208s0040g01700.2	Aqcoe7G235300.1.p, Aqcoe7G135400.1.p, Aqcoe7G235000.1.p, Aqcoe7G135400.2.p
OG0006407	VIT_218s0001g00110.1, VIT_218s0001g00110.2, VIT_218s0001g00110.3, VIT_218s0001g00110.4	Aqcoe6G189100.1.p
OG0006408	VIT_204s0044g01660.1	Aqcoe6G030900.1.p
OG0006409	VIT_209s0002g09190.1, VIT_206s0004g00140.1	Aqcoe6G034600.4.p, Aqcoe6G034600.1.p, Aqcoe6G034600.2.p, Aqcoe6G034600.3.p
OG0006410	VIT_204s0023g01080.1	Aqcoe6G108200.1.p
OG0006411	VIT_218s0001g10750.1	Aqcoe6G145300.1.p
OG0006412	VIT_207s0031g01750.1	Aqcoe6G047500.1.p
OG0006413	VIT_212s0059g01970.1	Aqcoe1G331700.1.p, Aqcoe6G136500.7.p, Aqcoe6G136500.9.p, Aqcoe6G136500.6.p, Aqcoe6G136500.2.p, Aqcoe6G136500.10.p, Aqcoe6G136500.5.p, Aqcoe6G136500.3.p, Aqcoe6G136500.8.p, Aqcoe6G136500.4.p, Aqcoe6G136500.1.p
OG0006414	VIT_218s0001g05580.1	Aqcoe6G085500.1.p
OG0006415	VIT_212s0035g01870.1, VIT_212s0035g01870.2	Aqcoe6G002500.1.p
OG0006416	VIT_203s0088g00490.1, VIT_203s0088g00490.2, VIT_203s0088g00490.3	Aqcoe6G161500.1.p
OG0006417	VIT_209s0018g01900.1	Aqcoe6G248600.1.p, Aqcoe0018s0005.1.p
OG0006418	VIT_218s0001g11390.1, VIT_218s0001g11390.3, VIT_218s0001g11390.2	Aqcoe6G101700.1.p
OG0006419	VIT_218s0001g14380.1	Aqcoe6G029500.2.p, Aqcoe6G029500.1.p
OG0006420	VIT_207s0031g01360.3, VIT_207s0031g01360.2, VIT_207s0031g01360.1	Aqcoe5G116500.1.p, Aqcoe6G054200.2.p, Aqcoe6G054200.1.p, Aqcoe6G054200.3.p, Aqcoe5G116500.2.p
OG0006421	VIT_203s0038g04190.1	Aqcoe6G328200.1.p, Aqcoe1G429100.1.p
OG0006422	VIT_218s0001g03000.1	Aqcoe6G021000.1.p
OG0006423	VIT_218s0001g12290.1	Aqcoe6G114100.2.p, Aqcoe6G114100.1.p
OG0006424	VIT_218s0001g00500.4, VIT_218s0001g00500.3, VIT_218s0001g00500.7, VIT_218s0001g00500.8, VIT_218s0001g00500.6, VIT_218s0001g00500.5, VIT_218s0001g00500.1, VIT_218s0001g00500.2	Aqcoe6G232300.1.p
OG0006425	VIT_203s0088g01170.2, VIT_203s0088g01170.3, VIT_203s0088g01170.4, VIT_203s0088g01170.1	Aqcoe6G313400.2.p, Aqcoe6G313400.1.p, Aqcoe6G313400.3.p
OG0006426	VIT_218s0001g08360.1, VIT_218s0001g08360.6, VIT_218s0001g08360.5, VIT_218s0001g08360.3, VIT_218s0001g08360.4, VIT_218s0001g08360.2	Aqcoe6G163200.1.p
OG0006427	VIT_204s0023g02440.5, VIT_204s0023g02440.1, VIT_204s0023g02440.2, VIT_204s0023g02440.3, VIT_204s0023g02440.6, VIT_204s0023g02440.4	Aqcoe6G128100.4.p, Aqcoe6G128100.2.p, Aqcoe6G128100.1.p, Aqcoe6G128100.3.p
OG0006428	VIT_204s0008g02210.2, VIT_204s0008g02210.1	Aqcoe7G107900.2.p, Aqcoe7G107900.3.p, Aqcoe7G107900.1.p, Aqcoe7G107900.4.p, Aqcoe6G231000.1.p
OG0006429	VIT_203s0038g00460.1, VIT_218s0001g13530.4, VIT_218s0001g13530.5	Aqcoe5G180200.1.p, Aqcoe5G180200.2.p
OG0006430	VIT_203s0063g01880.2, VIT_203s0063g01880.1, VIT_203s0063g01880.3	Aqcoe6G104400.1.p
OG0006431	VIT_200s0304g00030.1	Aqcoe6G157900.1.p
OG0006431	VIT_218s0001g05400.1	Aqcoe5G315500.2.p, Aqcoe5G315500.1.p
OG0006432	VIT_212s0028g03770.1	Aqcoe4G108200.1.p, Aqcoe4G108200.2.p
OG0006433	VIT_219s0014g02090.6, VIT_219s0014g02090.3, VIT_219s0014g02090.4, VIT_219s0014g02090.7, VIT_219s0014g02090.5, VIT_219s0014g02090.1, VIT_219s0014g02090.2	Aqcoe4G075900.1.p, Aqcoe4G074600.1.p, Aqcoe4G088500.1.p, Aqcoe4G074700.1.p
OG0006434	VIT_210s0003g01050.3, VIT_210s0003g01050.2, VIT_210s0003g01050.1	Aqcoe4G057100.1.p, Aqcoe7G271100.1.p
OG0006435	VIT_219s0014g02920.1, VIT_210s0597g00040.1	Aqcoe4G117100.1.p
OG0006436	VIT_211s0103g00220.1	Aqcoe7G289700.1.p, Aqcoe4G133500.1.p, Aqcoe4G133900.1.p, Aqcoe4G133400.1.p, Aqcoe4G133800.2.p, Aqcoe4G133800.1.p, Aqcoe4G106500.1.p
OG0006437	VIT_208s0007g00070.1, VIT_208s0007g00070.2, VIT_219s0014g04770.1, VIT_219s0014g04770.2	Aqcoe4G253700.1.p, Aqcoe4G253600.1.p, Aqcoe4G253800.1.p, Aqcoe4G253300.1.p, Aqcoe1G370700.1.p
OG0006438	VIT_213s0064g00370.3, VIT_213s0064g00370.1, VIT_213s0064g00370.2, VIT_213s0064g00370.5, VIT_213s0064g00370.4	Aqcoe4G003500.1.p, Aqcoe4G033500.1.p, Aqcoe4G003500.2.p
OG0006439	VIT_219s0090g00390.1	Aqcoe4G224000.1.p, Aqcoe7G215500.1.p
OG0006440	VIT_219s0138g00120.1	Aqcoe4G035800.2.p, Aqcoe4G035800.3.p, Aqcoe4G035800.4.p, Aqcoe4G035800.1.p
OG0006441	VIT_212s0028g03130.2, VIT_212s0028g03130.1	Aqcoe3G256400.1.p, Aqcoe3G256400.2.p, Aqcoe4G162200.1.p, Aqcoe4G162200.2.p
OG0006442	VIT_204s0043g00140.1, VIT_204s0043g00140.2, VIT_204s0043g00140.5, VIT_204s0043g00140.3, VIT_204s0043g00140.4	Aqcoe4G004400.2.p, Aqcoe4G004400.1.p
OG0006443	VIT_210s0003g01000.1, VIT_219s0014g01640.2	Aqcoe4G058500.1.p, Aqcoe1G283200.1.p
OG0006444	VIT_212s0057g00440.3, VIT_212s0057g00440.1, VIT_212s0057g00440.2, VIT_212s0057g00440.4	Aqcoe4G274800.1.p, Aqcoe4G274800.2.p
OG0006445	VIT_210s0116g00820.1, VIT_210s0116g00820.2	Aqcoe4G236300.3.p, Aqcoe4G236300.1.p, Aqcoe4G236300.2.p
OG0006446	VIT_201s0011g05650.1	Aqcoe4G038400.1.p
OG0006447	VIT_210s0116g01900.1	Aqcoe4G164100.1.p, Aqcoe4G235300.1.p
OG0006448	VIT_219s0014g03850.3, VIT_219s0014g03850.1, VIT_219s0014g03850.2, VIT_203s0017g00940.1, VIT_212s0134g00510.1	Aqcoe4G264400.1.p
OG0006449	VIT_211s0065g00290.1, VIT_204s0008g02830.1	Aqcoe4G048800.1.p
OG0006450	VIT_208s0040g00530.2, VIT_208s0040g00530.1	Aqcoe4G106200.2.p, Aqcoe4G106200.4.p, Aqcoe4G106200.3.p, Aqcoe4G106200.5.p, Aqcoe4G106200.1.p
OG0006451	VIT_219s0093g00470.1	Aqcoe4G090700.1.p
OG0006452	VIT_208s0007g07960.1, VIT_208s0007g07960.2, VIT_208s0007g07960.3	Aqcoe4G238200.2.p, Aqcoe4G238200.1.p
OG0006453	VIT_209s0002g00360.1, VIT_209s0002g00360.2, VIT_209s0002g00360.3	Aqcoe7G441400.1.p, Aqcoe7G441400.2.p, Aqcoe4G001200.1.p
OG0006454	VIT_219s0014g00980.1	Aqcoe4G027900.1.p
OG0006455	VIT_204s0023g02120.1, VIT_204s0023g02120.2, VIT_204s0023g02120.3	Aqcoe4G208400.1.p, Aqcoe5G232400.1.p
OG0006456	VIT_216s0039g01770.2, VIT_216s0039g01770.1	Aqcoe1G268200.1.p, Aqcoe3G218100.1.p, Aqcoe3G218200.1.p, Aqcoe3G232700.1.p, Aqcoe3G218300.1.p, Aqcoe4G139500.1.p, Aqcoe3G217900.1.p
OG0006457	VIT_210s0003g00520.1	Aqcoe4G071400.1.p, Aqcoe4G071400.2.p, Aqcoe4G071400.3.p
OG0006458	VIT_200s0375g00020.1, VIT_219s0014g03230.1	Aqcoe4G148600.1.p
OG0006459	VIT_200s0187g00220.2, VIT_200s0187g00170.2, VIT_200s0187g00220.3, VIT_200s0187g00220.1, VIT_200s0187g00170.1	Aqcoe4G280700.1.p
OG0006460	VIT_201s0011g01110.4, VIT_201s0011g01110.1, VIT_201s0011g01110.2, VIT_201s0011g01110.3	Aqcoe4G001100.1.p
OG0006461	VIT_213s0019g04430.1, VIT_213s0019g04430.2, VIT_213s0019g04430.3, VIT_213s0019g04430.5, VIT_213s0019g04430.4	Aqcoe4G237000.1.p
OG0006462	VIT_205s0102g00240.1, VIT_205s0102g00240.2, VIT_205s0102g00240.3	Aqcoe7G020100.1.p, Aqcoe7G020200.1.p
OG0006463	VIT_216s0050g00630.1	Aqcoe5G441000.1.p, Aqcoe7G033200.2.p, Aqcoe7G033200.3.p, Aqcoe7G033200.1.p
OG0006464	VIT_209s0002g04750.1, VIT_209s0002g04750.4, VIT_209s0002g04750.2, VIT_209s0002g04750.3	Aqcoe7G186700.1.p
OG0006465	VIT_218s0072g00860.3, VIT_218s0072g00860.2, VIT_218s0072g00860.1	Aqcoe7G093700.3.p, Aqcoe7G093700.1.p, Aqcoe7G093700.2.p
OG0006466	VIT_200s0282g00020.2, VIT_200s0282g00020.5, VIT_200s0282g00020.1, VIT_200s0282g00020.3, VIT_200s0282g00020.4	Aqcoe7G008900.1.p
OG0006467	VIT_211s0016g00200.1	Aqcoe7G313200.2.p, Aqcoe7G313200.1.p
OG0006468	VIT_202s0025g02560.1	Aqcoe7G404900.1.p, Aqcoe7G002400.1.p
OG0006469	VIT_216s0022g02410.1, VIT_216s0022g02410.5, VIT_216s0022g02410.3, VIT_216s0022g02410.7, VIT_216s0022g02410.6, VIT_216s0022g02410.9, VIT_216s0022g02410.8, VIT_216s0022g02410.4, VIT_216s0022g02410.2	Aqcoe7G052100.1.p
OG0006470	VIT_206s0009g02410.2, VIT_206s0009g02410.1	Aqcoe7G203200.1.p
OG0006471	VIT_211s0016g03710.6, VIT_211s0016g03710.2, VIT_211s0016g03710.7, VIT_211s0016g03710.3, VIT_211s0016g03710.1, VIT_211s0016g03710.8, VIT_211s0016g03710.4, VIT_211s0016g03710.5	Aqcoe7G170600.1.p, Aqcoe7G170600.2.p
OG0006472	VIT_202s0025g00400.4, VIT_202s0025g00400.5, VIT_202s0025g00400.3, VIT_202s0025g00400.2, VIT_202s0025g00400.1	Aqcoe7G020500.1.p, Aqcoe7G020500.2.p
OG0006473	VIT_204s0008g00600.7, VIT_204s0008g00600.6, VIT_204s0008g00600.8, VIT_204s0008g00600.3, VIT_204s0008g00600.2, VIT_204s0008g00600.5, VIT_204s0008g00600.4, VIT_204s0008g00600.1	Aqcoe7G143800.3.p, Aqcoe7G143800.1.p, Aqcoe7G143800.2.p
OG0006474	VIT_215s0048g01730.2, VIT_215s0048g01730.1	Aqcoe7G059400.2.p, Aqcoe7G059400.1.p
OG0006475	VIT_209s0002g00100.1, VIT_209s0002g00100.3, VIT_209s0002g00100.2, VIT_209s0002g00100.4	Aqcoe7G099400.2.p, Aqcoe7G099400.1.p, Aqcoe7G099400.3.p
OG0006476	VIT_218s0001g14510.1	Aqcoe7G018900.1.p
OG0006477	VIT_208s0007g08180.3, VIT_208s0007g08180.2, VIT_208s0007g08180.1	Aqcoe7G189100.2.p, Aqcoe7G189100.3.p, Aqcoe7G189100.1.p
OG0006479	VIT_216s0022g01240.1	Aqcoe7G074200.1.p, Aqcoe7G074200.2.p
OG0006480	VIT_211s0016g02620.1, VIT_211s0016g02620.2, VIT_211s0016g02620.3	Aqcoe7G414900.1.p, Aqcoe7G414900.2.p, Aqcoe1G227000.1.p, Aqcoe1G350900.1.p, Aqcoe1G351300.1.p
OG0006481	VIT_211s0149g00190.3, VIT_211s0149g00190.1, VIT_211s0149g00190.2	Aqcoe7G366200.1.p, Aqcoe7G366400.1.p
OG0006482	VIT_204s0043g00790.1	Aqcoe7G050400.2.p, Aqcoe7G050400.1.p
OG0006483	VIT_204s0008g04370.1	Aqcoe7G191800.2.p, Aqcoe7G191800.1.p
OG0006484	VIT_207s0104g00970.1, VIT_207s0104g00960.1	Aqcoe7G270600.1.p
OG0006484	VIT_214s0030g00450.1	Aqcoe5G069200.1.p
OG0006485	VIT_211s0016g02510.1, VIT_211s0016g02510.3, VIT_211s0016g02510.2, VIT_204s0008g00850.3, VIT_204s0008g00850.5, VIT_204s0008g00850.2, VIT_204s0008g00850.4, VIT_204s0008g00850.1	Aqcoe7G429600.1.p
OG0006486	VIT_204s0008g00910.2, VIT_204s0008g00910.1, VIT_204s0008g00910.3, VIT_204s0008g00910.4	Aqcoe7G129400.1.p, Aqcoe7G129400.2.p, Aqcoe7G129400.3.p
OG0006487	VIT_211s0037g00040.1, VIT_211s0037g00040.5, VIT_211s0037g00040.6, VIT_211s0037g00040.4, VIT_211s0037g00040.3, VIT_211s0037g00040.2	Aqcoe7G314200.1.p
OG0006488	VIT_209s0002g05080.1, VIT_209s0002g05010.1, VIT_209s0002g08880.1, VIT_209s0002g08860.1	Aqcoe7G192700.1.p
OG0006489	VIT_215s0021g02130.4, VIT_215s0021g02130.3, VIT_215s0021g02130.2, VIT_215s0021g02130.6, VIT_215s0021g02130.1, VIT_215s0021g02130.10, VIT_215s0021g02130.8, VIT_215s0021g02130.7, VIT_215s0021g02130.9, VIT_215s0021g02130.5	Aqcoe7G090400.1.p
OG0006490	VIT_216s0050g02490.7, VIT_216s0050g02490.5, VIT_216s0050g02490.1, VIT_216s0050g02490.4, VIT_216s0050g02490.6, VIT_216s0050g02490.3, VIT_216s0050g02490.2	Aqcoe7G015700.2.p, Aqcoe7G015700.1.p
OG0006491	VIT_211s0118g00220.2, VIT_211s0118g00220.1, VIT_211s0118g00220.3	Aqcoe7G224800.1.p, Aqcoe7G224800.2.p, Aqcoe7G224800.3.p
OG0006492	VIT_205s0020g03970.3, VIT_211s0016g04160.1, VIT_211s0016g04160.3, VIT_211s0016g04160.2, VIT_211s0016g04170.1	Aqcoe7G189000.1.p
OG0006493	VIT_211s0037g00840.1	Aqcoe7G221400.1.p, Aqcoe7G221400.2.p
OG0006494	VIT_209s0002g03470.3, VIT_209s0002g03470.1, VIT_209s0002g03470.2	Aqcoe7G420600.1.p, Aqcoe7G420600.2.p
OG0006495	VIT_202s0025g04840.3, VIT_202s0025g04840.2, VIT_202s0025g04840.1	Aqcoe7G058000.9.p, Aqcoe7G058000.6.p, Aqcoe7G058000.4.p, Aqcoe7G058000.8.p, Aqcoe7G058000.7.p, Aqcoe7G058000.1.p, Aqcoe7G058000.5.p, Aqcoe7G058000.2.p, Aqcoe7G058000.3.p
OG0006496	VIT_211s0016g03690.1	Aqcoe7G169400.2.p, Aqcoe7G169400.1.p
OG0006497	VIT_215s0021g01850.1, VIT_205s0029g00360.1, VIT_215s0021g01850.2	Aqcoe7G188800.1.p
OG0006498	VIT_209s0002g00300.5, VIT_209s0002g00300.2, VIT_209s0002g00300.1, VIT_209s0002g00300.4, VIT_209s0002g00300.3, VIT_209s0002g00300.6	Aqcoe7G101000.1.p
OG0006499	VIT_204s0069g00920.1, VIT_204s0069g00920.2, VIT_211s0052g00450.2, VIT_211s0052g00450.1	Aqcoe7G205700.1.p, Aqcoe7G308900.1.p
OG0006500	VIT_211s0016g02900.1	Aqcoe7G145200.1.p, Aqcoe7G145200.2.p
OG0006501	VIT_204s0008g05970.1	Aqcoe7G364100.1.p
OG0006502	VIT_215s0048g01230.1	Aqcoe7G052900.2.p, Aqcoe7G052900.1.p
OG0006503	VIT_200s0370g00050.3, VIT_200s0370g00050.4, VIT_200s0370g00050.2, VIT_200s0370g00050.1	Aqcoe7G152600.1.p, Aqcoe7G223200.1.p
OG0006504	VIT_211s0016g00540.1	Aqcoe7G437300.1.p
OG0006505	VIT_209s0002g06550.2, VIT_209s0002g06550.1, VIT_211s0016g05130.4, VIT_211s0016g05130.1	Aqcoe7G277400.1.p
OG0006506	VIT_204s0008g03610.3, VIT_204s0008g03610.1, VIT_204s0008g03610.2	Aqcoe7G164800.2.p, Aqcoe7G164800.1.p
OG0006507	VIT_209s0054g00790.4, VIT_209s0054g00790.3, VIT_209s0054g00790.2, VIT_209s0054g00790.1	Aqcoe7G287800.1.p, Aqcoe7G287800.2.p
OG0006508	VIT_211s0016g05600.5, VIT_211s0016g05600.6, VIT_211s0016g05600.3, VIT_211s0016g05600.2, VIT_211s0016g05600.1, VIT_211s0016g05600.4	Aqcoe7G384400.1.p
OG0006509	VIT_201s0011g02190.2, VIT_201s0011g02190.3, VIT_201s0011g02190.1, VIT_201s0011g02190.4	Aqcoe7G045200.1.p
OG0006510	VIT_202s0025g02640.2, VIT_202s0025g02640.3, VIT_202s0025g02640.1	Aqcoe7G001100.4.p, Aqcoe7G001100.1.p, Aqcoe7G001100.3.p, Aqcoe7G001100.2.p
OG0006511	VIT_215s0048g01340.1, VIT_215s0048g01340.2	Aqcoe7G055100.2.p, Aqcoe7G055100.3.p, Aqcoe7G055100.1.p
OG0006512	VIT_209s0054g00110.1	Aqcoe7G262400.1.p
OG0006513	VIT_216s0022g01340.9, VIT_216s0022g01340.3, VIT_216s0022g01340.5, VIT_216s0022g01340.1, VIT_216s0022g01340.2, VIT_216s0022g01340.10, VIT_216s0022g01340.7, VIT_216s0022g01340.6, VIT_216s0022g01340.8, VIT_216s0022g01340.4	Aqcoe7G073900.1.p, Aqcoe7G073900.2.p
OG0006514	VIT_205s0102g00100.6, VIT_205s0102g00100.2, VIT_205s0102g00100.1, VIT_205s0102g00100.3, VIT_205s0102g00100.4	Aqcoe7G133800.1.p, Aqcoe7G133800.2.p
OG0006515	VIT_216s0050g01440.1	Aqcoe7G020900.1.p
OG0006516	VIT_211s0016g05790.2, VIT_211s0016g05790.1, VIT_211s0016g05800.1, VIT_211s0016g05800.2	Aqcoe7G382100.1.p, Aqcoe7G382100.2.p
OG0006517	VIT_201s0113g00030.1, VIT_214s0030g01830.1, VIT_214s0030g01830.2	Aqcoe7G254200.2.p, Aqcoe7G254200.1.p
OG0006518	VIT_211s0065g00360.1, VIT_211s0065g00360.2	Aqcoe7G237900.1.p, Aqcoe7G237900.2.p
OG0006519	VIT_215s0048g00240.3, VIT_215s0048g00240.1, VIT_215s0048g00240.2, VIT_215s0048g00240.4	Aqcoe7G082000.1.p
OG0006520	VIT_209s0002g03990.1, VIT_209s0002g03990.2, VIT_209s0002g03990.3	Aqcoe7G161100.1.p, Aqcoe7G161100.2.p
OG0006521	VIT_216s0050g00820.1, VIT_216s0050g00820.2	Aqcoe7G029300.2.p, Aqcoe7G029300.1.p
OG0006522	VIT_204s0008g05920.1, VIT_204s0008g05920.2	Aqcoe7G363400.1.p
OG0006523	VIT_211s0016g02126.1, VIT_204s0008g01250.1	Aqcoe7G127400.1.p
OG0006524	VIT_211s0016g05240.3, VIT_211s0016g05240.4, VIT_211s0016g05240.2, VIT_211s0016g05240.1, VIT_211s0016g05240.7	Aqcoe7G268200.3.p, Aqcoe7G268200.2.p, Aqcoe7G268200.1.p
OG0006525	VIT_202s0025g02520.3, VIT_202s0025g02520.5, VIT_202s0025g02520.6, VIT_202s0025g02520.4, VIT_202s0025g02520.2, VIT_202s0025g02520.1	Aqcoe7G002800.1.p
OG0006526	VIT_212s0059g01160.1	Aqcoe7G164400.1.p
OG0006527	VIT_209s0002g06510.4, VIT_209s0002g06510.1, VIT_209s0002g06510.2	Aqcoe7G276500.2.p, Aqcoe7G276500.1.p
OG0006528	VIT_202s0025g02750.1	Aqcoe7G000700.2.p, Aqcoe7G000700.1.p
OG0006529	VIT_204s0008g01080.1, VIT_204s0008g01080.2	Aqcoe7G125200.2.p, Aqcoe7G125200.1.p
OG0006530	VIT_217s0000g03210.1	Aqcoe3G024500.1.p
OG0006530	VIT_211s0118g00640.1	Aqcoe7G372900.1.p
OG0006531	VIT_209s0018g00600.2, VIT_209s0018g00600.1	Aqcoe7G356100.1.p
OG0006532	VIT_211s0016g04420.1	Aqcoe7G194200.1.p
OG0006533	VIT_211s0016g04940.2, VIT_211s0016g04940.1, VIT_211s0016g04940.3	Aqcoe7G279000.2.p, Aqcoe7G279000.1.p
OG0006534	VIT_202s0241g00140.1	Aqcoe7G071800.1.p
OG0006535	VIT_215s0048g00350.1	Aqcoe7G072600.1.p
OG0006536	VIT_216s0022g01560.2, VIT_216s0022g01560.1	Aqcoe7G072100.1.p
OG0006537	VIT_209s0002g04610.1, VIT_211s0016g04040.1, VIT_211s0016g04040.2	Aqcoe7G181600.1.p
OG0006538	VIT_200s0333g00070.1	Aqcoe7G308800.2.p, Aqcoe7G308800.1.p
OG0006539	VIT_211s0016g03130.3, VIT_211s0016g03130.1	Aqcoe7G151200.1.p
OG0006540	VIT_208s0040g01530.1	Aqcoe1G136300.1.p
OG0006541	VIT_216s0013g01645.1, VIT_219s0015g01710.1, VIT_209s0054g00130.1, VIT_203s0132g00430.1, VIT_208s0032g01060.1, VIT_218s0072g01095.1, VIT_208s0007g00340.2, VIT_217s0053g01040.1, VIT_208s0007g00340.1	Aqcoe1G461200.1.p, Aqcoe1G461300.1.p
OG0006542	VIT_206s0061g01020.4, VIT_206s0061g01020.6, VIT_206s0061g01020.1, VIT_206s0061g01020.7, VIT_206s0061g01020.5, VIT_206s0061g01020.3, VIT_206s0061g01020.2	Aqcoe1G120400.2.p, Aqcoe1G120400.1.p
OG0006543	VIT_206s0004g04350.1, VIT_206s0004g04350.2, VIT_206s0004g04350.4, VIT_206s0004g04350.6	Aqcoe1G468000.1.p
OG0006543	VIT_206s0004g04350.3, VIT_206s0004g04350.5	Aqcoe1G468100.1.p
OG0006544	VIT_208s0007g03320.2, VIT_208s0007g03320.1, VIT_208s0007g03320.3	Aqcoe1G055700.1.p
OG0006545	VIT_209s0054g01080.1, VIT_201s0011g01300.1, VIT_201s0011g01300.2	Aqcoe1G162400.1.p, Aqcoe1G162400.2.p
OG0006546	VIT_210s0042g00940.1	Aqcoe1G166200.1.p, Aqcoe1G166200.2.p, Aqcoe3G426500.1.p
OG0006547	VIT_208s0040g00520.1, VIT_208s0040g00520.3, VIT_208s0040g00520.2, VIT_206s0009g01210.2, VIT_206s0009g01210.1	Aqcoe1G011600.1.p
OG0006548	VIT_208s0007g01590.1, VIT_208s0007g01570.1, VIT_208s0007g01570.2	Aqcoe1G090700.3.p, Aqcoe1G090700.1.p, Aqcoe1G090700.2.p
OG0006549	VIT_208s0007g08580.1	Aqcoe1G025500.1.p
OG0006550	VIT_206s0009g00440.1, VIT_206s0009g00440.2	Aqcoe1G079000.1.p
OG0006551	VIT_214s0108g01530.1	Aqcoe1G131700.1.p, Aqcoe1G131700.2.p
OG0006552	VIT_210s0116g00970.4, VIT_210s0116g00970.2, VIT_210s0116g00970.1, VIT_210s0116g00970.3	Aqcoe1G328900.1.p, Aqcoe1G300300.1.p, Aqcoe1G328900.2.p
OG0006553	VIT_213s0074g00620.1	Aqcoe1G454500.4.p, Aqcoe1G454500.6.p, Aqcoe1G454500.1.p, Aqcoe1G454500.3.p, Aqcoe1G454500.5.p, Aqcoe1G454500.2.p
OG0006554	VIT_211s0037g00420.1	Aqcoe1G493400.1.p
OG0006555	VIT_216s0039g02650.2, VIT_216s0039g02650.1, VIT_216s0039g02650.3, VIT_216s0039g02650.5, VIT_216s0039g02650.4, VIT_216s0039g02650.6	Aqcoe1G438500.1.p
OG0006556	VIT_213s0067g03320.1	Aqcoe1G486400.1.p
OG0006557	VIT_219s0015g00950.3, VIT_219s0015g00950.4, VIT_219s0015g00950.5, VIT_219s0015g00950.2, VIT_219s0015g00950.1	Aqcoe1G243900.3.p, Aqcoe1G243900.4.p, Aqcoe1G243900.1.p, Aqcoe1G243900.2.p, Aqcoe1G243900.6.p, Aqcoe1G243900.5.p
OG0006558	VIT_219s0015g01400.3, VIT_219s0015g01400.1, VIT_219s0015g01400.4, VIT_219s0015g01400.2	Aqcoe1G376700.1.p
OG0006559	VIT_206s0009g01085.1, VIT_208s0056g01550.3, VIT_208s0056g01550.1, VIT_208s0056g01550.2	Aqcoe3G102600.1.p, Aqcoe3G102600.2.p, Aqcoe1G066500.1.p, Aqcoe1G066500.2.p
OG0006560	VIT_213s0019g00260.1, VIT_213s0019g00260.4, VIT_213s0019g00260.2, VIT_213s0019g00260.5, VIT_213s0019g00260.3	Aqcoe1G473200.1.p, Aqcoe1G473200.2.p
OG0006561	VIT_206s0061g00780.1	Aqcoe1G124500.1.p
OG0006562	VIT_208s0007g03850.2, VIT_208s0007g03850.1, VIT_206s0061g01330.3, VIT_206s0061g01330.2, VIT_206s0061g01330.1	Aqcoe1G316300.1.p
OG0006563	VIT_208s0040g03130.3, VIT_208s0040g03130.2, VIT_208s0040g03130.1	Aqcoe1G485500.2.p, Aqcoe1G485500.3.p, Aqcoe1G485500.1.p
OG0006564	VIT_208s0058g00880.1	Aqcoe1G395500.1.p
OG0006565	VIT_206s0004g07340.1, VIT_206s0009g00340.3, VIT_206s0009g00340.5, VIT_206s0009g00340.2, VIT_206s0009g00340.1, VIT_206s0009g00340.4	Aqcoe1G078700.1.p, Aqcoe1G078700.3.p, Aqcoe1G078700.2.p
OG0006566	VIT_206s0004g05990.1	Aqcoe1G085600.1.p
OG0006567	VIT_219s0027g00210.2, VIT_219s0027g00210.4, VIT_219s0027g00210.5, VIT_219s0027g00210.6, VIT_219s0027g00210.3, VIT_219s0027g00210.1	Aqcoe1G182500.1.p
OG0006568	VIT_217s0000g00230.2, VIT_217s0000g00230.1, VIT_217s0000g00230.3, VIT_217s0000g00230.4	Aqcoe1G018000.1.p
OG0006569	VIT_219s0014g01490.1	Aqcoe1G288900.1.p, Aqcoe1G288900.2.p
OG0006570	VIT_203s0097g00590.1	Aqcoe1G006700.1.p
OG0006571	VIT_216s0022g01800.1	Aqcoe1G183800.1.p
OG0006572	VIT_212s0028g00590.6, VIT_212s0028g00590.5, VIT_212s0028g00590.2, VIT_212s0028g00590.1, VIT_212s0028g00590.4, VIT_212s0028g00590.3	Aqcoe1G192900.2.p, Aqcoe1G192900.1.p
OG0006573	VIT_206s0061g00430.1	Aqcoe1G134400.2.p, Aqcoe1G134400.3.p, Aqcoe1G134400.1.p
OG0006574	VIT_211s0065g00710.3, VIT_211s0065g00710.1, VIT_211s0065g00710.2	Aqcoe1G002100.4.p, Aqcoe1G002100.3.p, Aqcoe1G002100.2.p, Aqcoe1G002100.1.p
OG0006575	VIT_206s0004g04580.2, VIT_206s0004g04580.1	Aqcoe1G462100.1.p
OG0006576	VIT_208s0007g00740.1, VIT_208s0007g00740.2	Aqcoe1G104700.1.p
OG0006577	VIT_213s0019g04190.4, VIT_213s0019g04190.2, VIT_213s0019g04190.1, VIT_213s0019g04190.3	Aqcoe1G145400.1.p
OG0006578	VIT_211s0149g00070.1, VIT_211s0149g00070.2	Aqcoe1G130300.1.p, Aqcoe5G058600.1.p
OG0006579	VIT_218s0075g00185.1, VIT_218s0075g00185.2, VIT_218s0075g00185.5, VIT_218s0075g00185.6, VIT_218s0075g00185.3, VIT_218s0075g00185.4, VIT_218s0075g00185.9, VIT_218s0075g00185.8, VIT_218s0075g00185.11	Aqcoe1G066400.2.p, Aqcoe1G066400.1.p
OG0006580	VIT_207s0151g00260.1, VIT_207s0151g00090.1	Aqcoe1G331200.1.p, Aqcoe1G331300.1.p, Aqcoe5G406000.1.p
OG0006581	VIT_208s0056g00040.1, VIT_208s0056g00040.2	Aqcoe1G156300.1.p
OG0006582	VIT_208s0007g02740.1, VIT_208s0007g02770.1, VIT_208s0007g02770.3, VIT_208s0007g02770.2, VIT_208s0007g02760.1	Aqcoe1G436700.1.p
OG0006583	VIT_206s0009g01150.1, VIT_206s0009g01150.2	Aqcoe1G010300.1.p
OG0006584	VIT_206s0004g03990.3, VIT_206s0004g03990.1, VIT_206s0004g03990.2	Aqcoe1G478300.2.p, Aqcoe1G478300.1.p
OG0006585	VIT_219s0093g00105.1, VIT_206s0004g05950.2, VIT_206s0004g05950.1	Aqcoe1G086600.1.p
OG0006586	VIT_208s0032g00960.4, VIT_208s0032g00960.7, VIT_208s0032g00960.5, VIT_208s0032g00960.6, VIT_216s0022g00565.1, VIT_208s0032g00960.8, VIT_208s0032g00960.2, VIT_208s0032g00960.1, VIT_208s0032g00960.3	Aqcoe1G214200.1.p
OG0006587	VIT_208s0007g01490.3, VIT_208s0007g01490.1, VIT_208s0007g01490.2	Aqcoe1G092100.1.p
OG0006588	VIT_206s0004g06690.4, VIT_206s0004g06690.3, VIT_206s0004g06690.7, VIT_206s0004g06690.6, VIT_206s0004g06690.2, VIT_206s0004g06690.5, VIT_206s0004g06690.1	Aqcoe1G419200.1.p
OG0006589	VIT_206s0004g00470.1, VIT_208s0007g07270.1	Aqcoe1G056200.1.p
OG0006590	VIT_206s0004g06935.1	Aqcoe1G410200.1.p
OG0006591	VIT_206s0004g07020.1, VIT_206s0004g07020.2, VIT_208s0058g00260.1	Aqcoe1G147300.2.p, Aqcoe1G147300.1.p
OG0006592	VIT_219s0085g00260.1	Aqcoe1G169500.1.p
OG0006593	VIT_210s0003g03795.1, VIT_210s0003g03780.2, VIT_210s0003g03780.4, VIT_210s0003g03780.1, VIT_210s0003g03780.3	Aqcoe1G188800.2.p, Aqcoe1G188800.4.p, Aqcoe1G188800.3.p, Aqcoe1G188800.1.p, Aqcoe1G188800.5.p
OG0006594	VIT_206s0004g06120.1	Aqcoe1G431400.1.p, Aqcoe1G431400.2.p
OG0006595	VIT_206s0004g05890.1, VIT_208s0007g01680.1, VIT_208s0007g01680.7	Aqcoe1G088100.1.p
OG0006596	VIT_208s0007g02290.1, VIT_208s0007g02290.2, VIT_206s0009g00580.1	Aqcoe1G079700.2.p, Aqcoe1G079700.1.p
OG0006597	VIT_206s0004g07200.1, VIT_201s0010g03520.1, VIT_213s0067g01880.1	Aqcoe1G151400.1.p
OG0006599	VIT_200s0250g00020.4, VIT_200s0250g00020.3, VIT_200s0250g00020.1, VIT_200s0250g00020.2	Aqcoe1G120800.1.p, Aqcoe1G120800.2.p
OG0006600	VIT_210s0042g01130.1	Aqcoe1G170400.1.p
OG0006601	VIT_213s0074g00190.1	Aqcoe1G115400.1.p
OG0006602	VIT_203s0091g00530.1, VIT_209s0054g00640.1	Aqcoe1G080600.1.p
OG0006603	VIT_212s0057g00700.1, VIT_212s0057g00700.3, VIT_212s0057g00700.2	Aqcoe1G387500.1.p
OG0006604	VIT_206s0004g04080.3, VIT_206s0004g04080.2, VIT_206s0004g04080.1	Aqcoe1G474200.2.p, Aqcoe1G474200.1.p, Aqcoe1G474200.6.p, Aqcoe1G474200.4.p, Aqcoe1G474200.3.p, Aqcoe1G474200.5.p
OG0006605	VIT_212s0028g03284.1	Aqcoe1G376000.1.p
OG0006606	VIT_215s0024g01280.1, VIT_216s0115g00330.1, VIT_206s0009g03170.3, VIT_206s0009g03170.2, VIT_206s0009g03170.1	Aqcoe1G046900.2.p, Aqcoe1G046900.3.p, Aqcoe1G046900.1.p, Aqcoe1G046900.4.p
OG0006607	VIT_212s0059g02080.1, VIT_208s0007g03230.1	Aqcoe1G444300.1.p
OG0006608	VIT_213s0019g03860.1	Aqcoe1G491000.1.p
OG0006609	VIT_203s0017g02290.3, VIT_203s0017g02290.1, VIT_203s0017g02290.2, VIT_203s0017g02290.4	Aqcoe1G158700.2.p, Aqcoe1G158700.1.p
OG0006610	VIT_212s0057g01480.2, VIT_212s0057g01480.1, VIT_212s0057g01480.4	Aqcoe1G375500.1.p
OG0006611	VIT_213s0067g02570.1	Aqcoe1G400400.1.p, Aqcoe1G400400.3.p, Aqcoe1G400400.2.p, Aqcoe1G400400.4.p
OG0006612	VIT_214s0006g02810.1, VIT_214s0006g02810.2, VIT_214s0006g02810.5, VIT_214s0006g02810.4, VIT_214s0006g02810.3	Aqcoe1G414200.1.p
OG0006613	VIT_208s0040g00120.2, VIT_208s0040g00120.3, VIT_208s0040g00120.1	Aqcoe1G026600.1.p, Aqcoe1G026600.2.p, Aqcoe5G305300.2.p, Aqcoe5G305300.1.p, Aqcoe5G305300.3.p, Aqcoe5G305300.7.p, Aqcoe5G305300.4.p, Aqcoe5G305300.6.p, Aqcoe5G305300.5.p
OG0006614	VIT_206s0004g05140.1, VIT_206s0004g05140.2	Aqcoe1G104200.1.p, Aqcoe1G104200.2.p
OG0006615	VIT_206s0009g01710.2, VIT_208s0056g01150.1	Aqcoe1G010000.1.p
OG0006616	VIT_200s0283g00070.1	Aqcoe1G408900.1.p
OG0006617	VIT_217s0000g00990.4, VIT_217s0000g00990.3, VIT_217s0000g00990.2, VIT_217s0000g00990.1, VIT_217s0000g00990.5, VIT_217s0000g00990.6	Aqcoe5G347700.1.p
OG0006618	VIT_202s0025g03960.2, VIT_202s0025g03960.1, VIT_202s0025g03960.3	Aqcoe5G433100.1.p, Aqcoe5G433400.1.p
OG0006619	VIT_218s0001g15640.1, VIT_218s0001g15650.1, VIT_218s0001g15660.1, VIT_218s0001g15660.2	Aqcoe5G191900.1.p, Aqcoe5G192000.1.p, Aqcoe5G195300.1.p, Aqcoe5G190700.1.p, Aqcoe5G191800.1.p
OG0006620	VIT_214s0030g01710.1, VIT_214s0030g01710.2, VIT_214s0030g01710.9, VIT_214s0030g01710.8, VIT_214s0030g01710.7, VIT_214s0030g01710.6, VIT_214s0030g01710.4, VIT_214s0030g01710.3, VIT_214s0030g01710.5	Aqcoe5G055900.1.p
OG0006621	VIT_215s0048g00930.1	Aqcoe3G174000.1.p, Aqcoe5G047900.2.p, Aqcoe5G047900.1.p
OG0006622	VIT_205s0077g01060.1	Aqcoe5G305100.4.p, Aqcoe5G305100.3.p, Aqcoe5G305100.2.p, Aqcoe5G305100.5.p, Aqcoe5G305100.1.p
OG0006623	VIT_204s0023g03560.4, VIT_204s0023g03560.2, VIT_204s0023g03560.1, VIT_204s0023g03560.3, VIT_204s0023g03560.6, VIT_204s0023g03560.8, VIT_204s0023g03560.7, VIT_204s0023g03560.5	Aqcoe5G211100.2.p, Aqcoe5G211100.1.p
OG0006624	VIT_218s0117g00130.1, VIT_218s0117g00130.3, VIT_218s0117g00130.2	Aqcoe5G304800.1.p
OG0006625	VIT_204s0044g00610.3, VIT_204s0044g00614.1, VIT_204s0044g00610.2, VIT_204s0044g00610.1, VIT_204s0044g00610.4	Aqcoe5G246900.1.p
OG0006626	VIT_216s0050g02570.1	Aqcoe5G456700.1.p, Aqcoe5G456700.2.p
OG0006627	VIT_202s0025g01160.1	Aqcoe5G449500.1.p
OG0006628	VIT_205s0049g00120.1	Aqcoe5G032200.3.p, Aqcoe5G032200.1.p, Aqcoe5G032200.4.p, Aqcoe5G032200.5.p, Aqcoe5G032200.2.p
OG0006629	VIT_217s0000g01250.4, VIT_217s0000g01250.3, VIT_217s0000g01250.2, VIT_217s0000g01250.1, VIT_217s0000g01250.5, VIT_217s0000g01250.6	Aqcoe5G351700.1.p
OG0006630	VIT_205s0020g02390.1	Aqcoe5G064900.3.p, Aqcoe5G064900.2.p, Aqcoe5G064900.5.p, Aqcoe5G064900.1.p, Aqcoe5G064900.4.p
OG0006631	VIT_218s0041g00690.1, VIT_218s0041g00690.2	Aqcoe5G269000.2.p, Aqcoe5G269000.1.p
OG0006632	VIT_201s0150g00020.1, VIT_201s0150g00020.2	Aqcoe5G324000.2.p, Aqcoe5G324000.4.p, Aqcoe5G324000.1.p, Aqcoe5G324000.3.p
OG0006633	VIT_214s0068g01760.3, VIT_214s0068g01760.4, VIT_214s0068g01760.1, VIT_214s0068g01760.2	Aqcoe5G350700.1.p, Aqcoe5G350600.1.p
OG0006634	VIT_218s0001g11710.1, VIT_200s0207g00210.1	Aqcoe5G203500.1.p
OG0006635	VIT_201s0010g02360.7, VIT_201s0010g02360.9, VIT_201s0010g02360.1, VIT_201s0010g02360.5, VIT_201s0010g02360.3, VIT_201s0010g02360.6, VIT_201s0010g02360.8, VIT_201s0010g02360.4, VIT_201s0010g02360.2	Aqcoe5G375900.1.p
OG0006636	VIT_218s0041g00360.2, VIT_218s0041g00360.1, VIT_209s0018g00220.1, VIT_218s0041g00360.3	Aqcoe5G300200.1.p
OG0006637	VIT_218s0072g00770.1, VIT_218s0072g00770.2	Aqcoe5G247400.1.p, Aqcoe5G247400.2.p
OG0006638	VIT_216s0098g00680.1	Aqcoe5G476500.3.p, Aqcoe5G476500.1.p, Aqcoe5G476500.4.p, Aqcoe5G476500.2.p
OG0006639	VIT_201s0010g03060.2, VIT_201s0010g03060.1, VIT_214s0171g00120.1, VIT_201s0010g03080.1	Aqcoe5G362400.1.p, Aqcoe3G193300.1.p
OG0006640	VIT_204s0023g01410.1, VIT_209s0002g01630.3, VIT_209s0002g01630.2, VIT_209s0002g01630.1	Aqcoe5G475100.1.p
OG0006641	VIT_211s0016g02470.5, VIT_211s0016g02470.3, VIT_211s0016g02470.7, VIT_211s0016g02470.2, VIT_211s0016g02470.6, VIT_211s0016g02470.4, VIT_211s0016g02470.1	Aqcoe5G284000.1.p, Aqcoe5G284000.2.p, Aqcoe5G284000.3.p
OG0006642	VIT_218s0001g13910.1	Aqcoe5G226800.1.p
OG0006643	VIT_207s0031g01330.1, VIT_207s0031g01330.3, VIT_207s0031g01330.2	Aqcoe5G224200.2.p, Aqcoe5G224200.1.p
OG0006644	VIT_207s0151g01110.1, VIT_207s0151g01110.3, VIT_207s0151g01110.2	Aqcoe5G057800.1.p
OG0006645	VIT_205s0102g01140.1, VIT_205s0102g01140.4, VIT_205s0102g01140.3, VIT_205s0102g01140.2, VIT_205s0102g01150.1, VIT_205s0102g01150.2, VIT_205s0102g01150.4, VIT_205s0102g01150.3	Aqcoe5G000500.2.p, Aqcoe5G000500.3.p, Aqcoe5G000500.1.p
OG0006646	VIT_204s0043g00380.3, VIT_204s0043g00380.7, VIT_204s0043g00380.9, VIT_204s0043g00380.6, VIT_204s0043g00380.8, VIT_204s0043g00380.5, VIT_204s0043g00380.4, VIT_204s0043g00380.1, VIT_204s0043g00380.2	Aqcoe5G011200.1.p, Aqcoe5G011200.2.p
OG0006647	VIT_203s0038g00630.1	Aqcoe5G179100.1.p, Aqcoe5G179100.2.p
OG0006648	VIT_215s0046g03410.5, VIT_215s0046g03410.9, VIT_215s0046g03410.7, VIT_215s0046g03410.8, VIT_215s0046g03410.4, VIT_215s0046g03410.6, VIT_215s0046g03410.2, VIT_215s0046g03410.3, VIT_215s0046g03410.1	Aqcoe5G433900.1.p, Aqcoe5G434100.1.p
OG0006649	VIT_207s0005g00740.1, VIT_207s0005g00740.3	Aqcoe5G092200.1.p
OG0006650	VIT_215s0046g01500.1, VIT_218s0001g03220.1	Aqcoe5G442400.1.p
OG0006651	VIT_202s0025g01330.2, VIT_202s0025g01330.1, VIT_202s0025g01330.3	Aqcoe5G454900.2.p, Aqcoe5G454900.1.p
OG0006652	VIT_218s0001g03570.1, VIT_212s0034g01230.1	Aqcoe5G278000.1.p
OG0006653	VIT_217s0000g03005.2, VIT_217s0000g03005.1, VIT_217s0000g03005.3	Aqcoe5G414600.1.p
OG0006654	VIT_205s0049g01820.1	Aqcoe5G017400.1.p, Aqcoe5G017400.2.p, Aqcoe5G017400.3.p
OG0006655	VIT_217s0000g00310.1, VIT_201s0150g00030.1, VIT_201s0150g00030.2	Aqcoe5G324100.2.p, Aqcoe5G324100.1.p
OG0006656	VIT_204s0023g00140.4, VIT_204s0023g00140.2, VIT_204s0023g00140.1, VIT_204s0023g00140.3	Aqcoe5G047800.1.p
OG0006657	VIT_204s0023g01580.2, VIT_204s0023g01580.4, VIT_204s0023g01580.3, VIT_204s0023g01580.1	Aqcoe5G194900.1.p
OG0006658	VIT_200s0229g00180.1, VIT_200s0229g00180.3, VIT_200s0229g00180.2	Aqcoe5G410700.1.p
OG0006659	VIT_200s0207g00240.1, VIT_200s0207g00240.2, VIT_200s0207g00240.3, VIT_200s0207g00240.4	Aqcoe5G204400.2.p, Aqcoe5G204400.1.p
OG0006660	VIT_214s0068g02190.1, VIT_214s0068g02190.4, VIT_214s0068g02190.2, VIT_214s0068g02190.3	Aqcoe5G361300.1.p
OG0006661	VIT_203s0088g01260.1, VIT_203s0088g01260.3, VIT_203s0088g01260.2	Aqcoe5G219900.1.p
OG0006662	VIT_205s0049g02090.1	Aqcoe5G014400.1.p, Aqcoe5G014400.2.p, Aqcoe5G014400.3.p
OG0006663	VIT_201s0026g02640.2, VIT_201s0026g02640.3, VIT_201s0026g02640.1	Aqcoe5G445400.1.p
OG0006664	VIT_205s0077g02380.1	Aqcoe5G088200.1.p
OG0006665	VIT_207s0005g02710.3, VIT_207s0005g02710.4, VIT_207s0005g02710.2, VIT_207s0005g02710.1	Aqcoe5G291800.1.p, Aqcoe5G291800.2.p
OG0006666	VIT_207s0255g00120.1	Aqcoe5G205200.3.p, Aqcoe5G205200.1.p, Aqcoe5G205200.4.p, Aqcoe5G205200.2.p, Aqcoe5G205200.5.p
OG0006667	VIT_218s0072g00910.3, VIT_218s0072g00910.2, VIT_218s0072g00910.4, VIT_218s0072g00910.5, VIT_218s0072g00910.6, VIT_218s0072g00910.1	Aqcoe5G303900.1.p, Aqcoe5G303900.3.p, Aqcoe5G303900.2.p
OG0006668	VIT_205s0020g01850.1	Aqcoe5G316000.1.p, Aqcoe5G075900.1.p
OG0006669	VIT_218s0001g08300.1, VIT_218s0001g08300.2, VIT_218s0001g08300.3, VIT_203s0088g00400.1, VIT_203s0088g00400.2, VIT_203s0088g00400.3	Aqcoe5G314100.2.p, Aqcoe5G314100.1.p
OG0006670	VIT_201s0244g00110.2, VIT_201s0244g00110.1	Aqcoe5G339100.3.p, Aqcoe5G339100.6.p, Aqcoe5G339100.5.p, Aqcoe5G339100.4.p, Aqcoe5G339100.1.p, Aqcoe5G339100.2.p
OG0006671	VIT_201s0010g03920.2, VIT_201s0010g03920.1	Aqcoe5G350800.1.p
OG0006672	VIT_215s0046g01890.3, VIT_215s0046g01890.1, VIT_215s0046g01890.2, VIT_215s0046g01890.6	Aqcoe5G437400.1.p, Aqcoe5G437400.2.p
OG0006673	VIT_207s0005g05000.1, VIT_207s0005g04990.1	Aqcoe5G005400.1.p
OG0006674	VIT_214s0030g01360.2, VIT_214s0030g01360.1, VIT_206s0004g00050.2, VIT_206s0004g00050.1	Aqcoe5G072300.1.p, Aqcoe5G072300.2.p
OG0006675	VIT_218s0001g14580.1, VIT_208s0040g00875.1	Aqcoe5G212300.4.p, Aqcoe5G212300.2.p, Aqcoe5G212300.3.p, Aqcoe5G212300.1.p, Aqcoe5G212300.5.p
OG0006676	VIT_207s0151g00660.1, VIT_207s0151g00660.2	Aqcoe5G050900.1.p, Aqcoe5G050900.2.p
OG0006677	VIT_200s2349g00010.1, VIT_218s0001g07320.1	Aqcoe5G162000.1.p
OG0006678	VIT_211s0037g00990.1	Aqcoe5G117600.1.p
OG0006679	VIT_218s0001g08210.4, VIT_218s0001g08210.1, VIT_218s0001g08210.6, VIT_218s0001g08210.2, VIT_218s0001g08210.3, VIT_218s0001g08210.5	Aqcoe5G315300.2.p, Aqcoe5G315300.1.p
OG0006680	VIT_203s0063g02030.1	Aqcoe5G200900.1.p
OG0006681	VIT_219s0014g05420.1, VIT_219s0014g05420.2, VIT_219s0014g05420.3, VIT_201s0137g00350.1	Aqcoe5G385100.1.p
OG0006682	VIT_214s0219g00080.2, VIT_214s0219g00080.3, VIT_214s0219g00080.1	Aqcoe5G378900.1.p
OG0006683	VIT_204s0159g00050.1	Aqcoe5G013800.1.p
OG0006684	VIT_214s0036g00850.1	Aqcoe5G022200.1.p
OG0006685	VIT_218s0001g12550.1, VIT_203s0063g02640.1	Aqcoe5G190400.1.p
OG0006686	VIT_215s0048g01290.1, VIT_215s0048g01280.1	Aqcoe5G422400.1.p
OG0006687	VIT_218s0089g01170.1	Aqcoe5G016800.1.p
OG0006688	VIT_212s0034g01430.2, VIT_212s0034g01430.1	Aqcoe5G261600.1.p
OG0006689	VIT_207s0129g00150.1, VIT_207s0129g00070.1	Aqcoe5G101700.1.p
OG0006690	VIT_218s0001g01080.1	Aqcoe5G214800.1.p
OG0006691	VIT_200s0225g00130.1	Aqcoe5G404100.1.p, Aqcoe5G404100.2.p
OG0006692	VIT_207s0005g01650.2, VIT_207s0005g01650.1	Aqcoe5G221300.3.p, Aqcoe5G221300.4.p, Aqcoe5G221300.5.p, Aqcoe5G221300.6.p, Aqcoe5G221300.2.p, Aqcoe5G221300.1.p
OG0006693	VIT_217s0000g09850.1, VIT_217s0000g09850.2, VIT_217s0000g09850.4, VIT_217s0000g09850.3	Aqcoe5G382900.1.p, Aqcoe5G382900.2.p
OG0006694	VIT_204s0008g01340.6, VIT_204s0008g01340.5, VIT_204s0008g01340.2, VIT_204s0008g01340.1, VIT_204s0008g01340.4, VIT_204s0008g01340.3	Aqcoe5G154900.2.p, Aqcoe5G154900.1.p
OG0006695	VIT_200s0875g00010.1, VIT_200s0875g00010.2, VIT_200s0568g00030.1, VIT_200s0875g00010.3	Aqcoe5G063400.1.p
OG0006696	VIT_208s0007g01070.1, VIT_208s0007g01090.1	Aqcoe5G300600.1.p
OG0006697	VIT_204s0044g01220.1, VIT_204s0044g01220.2, VIT_204s0044g01220.6, VIT_204s0044g01220.3, VIT_204s0044g01220.4, VIT_204s0044g01220.5	Aqcoe5G234900.1.p
OG0006698	VIT_204s0159g00040.1, VIT_204s0159g00040.2	Aqcoe3G413600.1.p, Aqcoe3G413500.1.p, Aqcoe3G413700.1.p
OG0006699	VIT_217s0000g09350.1, VIT_217s0000g09350.2, VIT_219s0027g00890.1	Aqcoe3G141700.3.p, Aqcoe3G141700.4.p, Aqcoe3G141700.2.p, Aqcoe3G141700.1.p
OG0006700	VIT_214s0006g02730.1, VIT_201s0011g03780.1	Aqcoe3G031300.1.p
OG0006701	VIT_214s0219g00150.1	Aqcoe3G129600.1.p
OG0006702	VIT_216s0013g01540.6, VIT_216s0013g01540.2, VIT_216s0013g01540.3, VIT_216s0013g01540.4, VIT_216s0013g01540.1, VIT_216s0013g01540.5	Aqcoe3G255500.1.p
OG0006703	VIT_212s0034g01020.1, VIT_212s0034g01020.5, VIT_212s0034g01020.3, VIT_212s0034g01020.2, VIT_212s0034g01020.4	Aqcoe3G340600.1.p, Aqcoe3G340600.3.p, Aqcoe3G340600.2.p, Aqcoe3G340600.4.p
OG0006704	VIT_217s0000g05450.2, VIT_217s0000g05450.1, VIT_217s0000g05450.3	Aqcoe3G098800.1.p
OG0006705	VIT_214s0066g02280.1	Aqcoe3G102900.1.p, Aqcoe3G102900.5.p, Aqcoe3G102900.4.p, Aqcoe3G102900.3.p, Aqcoe3G102900.2.p
OG0006706	VIT_214s0006g02970.2, VIT_214s0006g02970.1	Aqcoe3G039800.1.p
OG0006707	VIT_201s0011g02940.2, VIT_201s0011g02940.1	Aqcoe3G395700.1.p
OG0006709	VIT_202s0109g00130.1, VIT_218s0001g13810.1, VIT_211s0037g01326.1, VIT_215s0021g00890.1	Aqcoe3G246400.1.p
OG0006710	VIT_217s0000g05830.1, VIT_217s0000g05830.2, VIT_217s0000g05830.3	Aqcoe3G330400.1.p, Aqcoe3G330400.2.p, Aqcoe3G087000.1.p, Aqcoe3G087000.2.p
OG0006711	VIT_203s0091g01180.1, VIT_217s0000g02510.5, VIT_217s0000g02510.4, VIT_217s0000g02510.3, VIT_217s0000g02510.2, VIT_217s0000g02510.1	Aqcoe3G013400.2.p, Aqcoe3G013400.1.p, Aqcoe3G183900.1.p
OG0006712	VIT_214s0066g02530.1, VIT_214s0066g02530.3, VIT_214s0066g02530.2	Aqcoe3G096600.1.p
OG0006713	VIT_215s0021g01300.1	Aqcoe3G260900.1.p
OG0006714	VIT_208s0040g00280.5, VIT_208s0040g00280.1, VIT_208s0040g00280.2, VIT_208s0040g00280.3, VIT_208s0040g00280.4	Aqcoe3G156000.1.p
OG0006715	VIT_214s0066g00720.3, VIT_214s0066g00720.4, VIT_214s0066g00720.1, VIT_214s0066g00720.2	Aqcoe3G202300.6.p, Aqcoe3G202300.5.p, Aqcoe3G202300.1.p, Aqcoe3G202300.2.p, Aqcoe3G202300.7.p, Aqcoe3G202300.4.p, Aqcoe3G202300.3.p
OG0006716	VIT_212s0059g01350.2, VIT_212s0059g01350.1, VIT_218s0075g00570.1	Aqcoe3G004700.1.p
OG0006717	VIT_214s0006g01030.1	Aqcoe3G416300.1.p
OG0006718	VIT_214s0083g00810.1	Aqcoe3G070000.1.p
OG0006719	VIT_217s0000g03970.3, VIT_217s0000g03970.4, VIT_217s0000g03970.2, VIT_217s0000g03970.1	Aqcoe3G399100.1.p, Aqcoe3G399100.2.p
OG0006720	VIT_217s0000g05140.1, VIT_217s0000g05140.2, VIT_217s0000g05140.3, VIT_217s0000g05140.5, VIT_217s0000g05140.6, VIT_217s0000g05140.4	Aqcoe3G368000.1.p
OG0006721	VIT_216s0039g02130.2, VIT_216s0039g02130.4, VIT_216s0039g02130.1, VIT_216s0039g02130.3, VIT_216s0039g02130.5	Aqcoe3G213800.1.p
OG0006722	VIT_216s0039g01820.1	Aqcoe3G166600.2.p, Aqcoe3G166600.1.p, Aqcoe3G166600.4.p, Aqcoe3G166600.3.p, Aqcoe3G166600.5.p, Aqcoe3G166600.6.p
OG0006723	VIT_201s0026g00990.1, VIT_209s0018g01940.1	Aqcoe3G103300.1.p
OG0006724	VIT_214s0083g00530.3, VIT_214s0083g00530.1, VIT_214s0083g00530.4, VIT_214s0083g00530.2	Aqcoe3G076400.1.p
OG0006725	VIT_211s0065g00560.1, VIT_211s0065g00500.1	Aqcoe3G275000.1.p, Aqcoe3G275000.2.p
OG0006726	VIT_217s0000g04870.1	Aqcoe3G067500.1.p, Aqcoe3G377600.2.p, Aqcoe3G377600.3.p, Aqcoe3G377600.1.p
OG0006727	VIT_201s0011g00300.2, VIT_201s0011g00300.1	Aqcoe3G367700.1.p, Aqcoe3G367700.3.p, Aqcoe3G367700.2.p, Aqcoe3G367700.4.p
OG0006728	VIT_217s0000g01680.2, VIT_217s0000g01680.1, VIT_214s0171g00160.1, VIT_214s0171g00160.2	Aqcoe3G191800.1.p
OG0006729	VIT_214s0083g01150.1	Aqcoe3G063200.1.p
OG0006730	VIT_201s0011g00050.1, VIT_201s0011g00050.2, VIT_201s0011g00050.3	Aqcoe3G376100.1.p
OG0006731	VIT_214s0006g01420.1, VIT_214s0006g01420.2, VIT_214s0006g01420.3	Aqcoe3G012100.1.p
OG0006732	VIT_217s0000g05480.4, VIT_217s0000g05480.2, VIT_217s0000g05480.3, VIT_217s0000g05480.1	Aqcoe3G098700.1.p
OG0006733	VIT_202s0012g00460.1, VIT_202s0012g00460.5, VIT_202s0012g00460.6, VIT_202s0012g00460.3, VIT_202s0012g00460.7, VIT_202s0012g00460.2	Aqcoe3G246300.4.p, Aqcoe3G246300.1.p, Aqcoe3G246300.2.p
OG0006734	VIT_201s0011g04620.1	Aqcoe3G020000.2.p, Aqcoe3G020000.1.p
OG0006735	VIT_201s0010g01220.3, VIT_201s0010g01220.2, VIT_201s0010g01220.1	Aqcoe3G433600.2.p, Aqcoe3G433600.3.p, Aqcoe3G263100.1.p, Aqcoe3G263100.2.p, Aqcoe3G433600.1.p
OG0006736	VIT_216s0039g02010.3, VIT_216s0039g02010.2, VIT_216s0039g02010.1, VIT_219s0014g00550.3, VIT_219s0014g00550.2, VIT_219s0014g00550.1	Aqcoe3G171300.1.p
OG0006737	VIT_217s0000g04150.8, VIT_217s0000g04150.4, VIT_217s0000g04150.5, VIT_217s0000g04150.6, VIT_217s0000g04150.2, VIT_217s0000g04150.3, VIT_217s0000g04150.7, VIT_217s0000g04150.1, VIT_201s0011g02960.2, VIT_201s0011g02960.1	Aqcoe3G049100.1.p
OG0006738	VIT_216s0039g01490.1, VIT_216s0039g01490.3, VIT_216s0039g01490.2	Aqcoe3G231300.1.p, Aqcoe3G231300.2.p
OG0006739	VIT_217s0000g04510.1, VIT_217s0000g04510.6, VIT_217s0000g04510.7, VIT_217s0000g04510.5, VIT_217s0000g04510.2, VIT_217s0000g04510.3	Aqcoe3G388200.2.p, Aqcoe3G388200.3.p, Aqcoe3G388200.1.p
OG0006740	VIT_202s0012g01100.2, VIT_202s0012g01100.1	Aqcoe3G236700.1.p
OG0006741	VIT_214s0108g00350.1	Aqcoe3G331800.1.p
OG0006742	VIT_202s0012g02220.1	Aqcoe3G172000.1.p
OG0006743	VIT_210s0003g04530.1	Aqcoe3G032600.2.p, Aqcoe3G032600.1.p
OG0006744	VIT_200s0194g00200.1, VIT_200s0194g00200.2, VIT_200s0194g00200.4, VIT_200s0194g00200.3, VIT_212s0057g00960.3, VIT_212s0057g00960.2, VIT_212s0057g00960.1	Aqcoe3G194000.2.p, Aqcoe3G194000.1.p
OG0006745	VIT_215s0107g00450.1, VIT_215s0107g00470.1	Aqcoe3G174200.1.p, Aqcoe3G174200.2.p, Aqcoe3G174200.3.p
OG0006746	VIT_217s0000g08240.2, VIT_217s0000g08240.1	Aqcoe3G120100.3.p, Aqcoe3G120100.4.p, Aqcoe3G120100.1.p, Aqcoe3G120100.2.p
OG0006747	VIT_213s0019g03870.1, VIT_213s0019g03870.5, VIT_213s0019g03870.3, VIT_213s0019g03870.2, VIT_213s0019g03870.4	Aqcoe3G093100.1.p
OG0006748	VIT_214s0006g02760.5, VIT_214s0006g02760.3, VIT_214s0006g02760.4, VIT_214s0006g02760.1, VIT_214s0006g02760.2, VIT_204s0069g00250.1	Aqcoe3G031600.1.p
OG0006749	VIT_217s0000g09750.3, VIT_217s0000g09750.2, VIT_217s0000g09750.1	Aqcoe3G137100.1.p
OG0006750	VIT_205s0062g00940.2, VIT_205s0062g00940.1	Aqcoe3G261000.1.p, Aqcoe3G261000.2.p
OG0006751	VIT_201s0011g03490.1, VIT_214s0006g02990.1	Aqcoe3G039900.1.p
OG0006752	VIT_216s0013g00290.1, VIT_216s0013g00290.3, VIT_216s0013g00290.2, VIT_216s0013g00350.1, VIT_216s0013g00290.4, VIT_216s0013g00370.1	Aqcoe3G260500.2.p, Aqcoe3G260500.1.p
OG0006753	VIT_217s0000g10080.2, VIT_217s0000g10080.3, VIT_217s0000g10080.1	Aqcoe3G131200.1.p
OG0006754	VIT_214s0108g01250.1, VIT_217s0000g06630.1	Aqcoe3G352000.1.p
OG0006755	VIT_214s0066g01030.2, VIT_214s0066g01030.1, VIT_214s0066g01030.6, VIT_214s0066g01030.3, VIT_214s0066g01030.4	Aqcoe3G429000.1.p, Aqcoe3G429000.3.p, Aqcoe3G429000.2.p
OG0006756	VIT_214s0066g01900.3, VIT_214s0066g01900.1, VIT_214s0066g01900.2	Aqcoe3G104900.2.p, Aqcoe3G104900.1.p
OG0006757	VIT_216s0039g00010.1	Aqcoe3G444200.2.p, Aqcoe3G444200.3.p, Aqcoe3G444200.1.p
OG0006758	VIT_216s0039g02150.3, VIT_216s0039g02150.4, VIT_216s0039g02150.1, VIT_216s0039g02150.2	Aqcoe3G211300.4.p, Aqcoe3G211300.2.p, Aqcoe3G211300.3.p, Aqcoe3G211300.1.p
OG0006759	VIT_201s0026g02250.3, VIT_201s0026g02250.2, VIT_201s0026g02250.1	Aqcoe3G102000.5.p, Aqcoe3G102000.3.p, Aqcoe3G102000.1.p, Aqcoe3G102000.2.p, Aqcoe3G102000.4.p
OG0006760	VIT_201s0026g01430.4, VIT_201s0026g01430.2, VIT_201s0026g01430.1, VIT_201s0026g01430.3	Aqcoe3G097900.2.p, Aqcoe3G097900.1.p
OG0006761	VIT_214s0006g01740.1, VIT_214s0006g01740.3, VIT_214s0006g01740.4, VIT_214s0006g01740.2	Aqcoe3G408000.1.p
OG0006762	VIT_217s0000g08220.3, VIT_217s0000g08220.2, VIT_217s0000g08220.1, VIT_217s0000g08220.4, VIT_211s0078g00150.1	Aqcoe3G292500.1.p, Aqcoe3G292500.2.p
OG0006763	VIT_217s0000g00600.1	Aqcoe3G412800.1.p
OG0006764	VIT_201s0011g05350.1	Aqcoe3G007200.1.p
OG0006765	VIT_210s0071g00980.2, VIT_210s0071g00980.1, VIT_210s0071g00980.3	Aqcoe3G010400.8.p, Aqcoe3G010400.6.p, Aqcoe3G010400.5.p, Aqcoe3G010400.7.p, Aqcoe3G010400.1.p, Aqcoe3G010400.3.p, Aqcoe3G010400.2.p, Aqcoe3G010400.4.p
OG0006766	VIT_218s0001g13950.4, VIT_218s0001g13950.1, VIT_218s0001g13950.5, VIT_218s0001g13950.2, VIT_218s0001g13950.3	Aqcoe3G076300.1.p
OG0006767	VIT_214s0083g00590.3, VIT_214s0083g00590.2, VIT_214s0083g00590.4, VIT_214s0083g00590.1	Aqcoe3G075100.1.p
OG0006768	VIT_201s0127g00350.1	Aqcoe3G283400.1.p
OG0006769	VIT_201s0011g04480.1, VIT_201s0011g04480.2, VIT_214s0006g02220.1	Aqcoe3G404600.1.p
OG0006770	VIT_201s0026g02550.1, VIT_201s0026g02550.2	Aqcoe3G342000.1.p
OG0006771	VIT_201s0011g06140.1	Aqcoe3G409400.1.p
OG0006772	VIT_201s0026g01660.1, VIT_201s0026g01660.2, VIT_201s0026g01660.4	Aqcoe3G327300.1.p
OG0006773	VIT_201s0026g02350.2, VIT_201s0026g02350.1	Aqcoe3G337300.4.p, Aqcoe3G337300.3.p, Aqcoe3G337300.2.p, Aqcoe3G337300.1.p
OG0006774	VIT_217s0000g08210.1	Aqcoe3G292600.1.p
OG0006775	VIT_217s0000g05750.1	Aqcoe3G327700.1.p, Aqcoe3G327700.3.p, Aqcoe3G327700.4.p, Aqcoe3G327700.5.p, Aqcoe3G327700.2.p
OG0006776	VIT_214s0006g02520.1, VIT_214s0006g02520.2	Aqcoe3G024900.1.p, Aqcoe3G024900.2.p
OG0006777	VIT_216s0039g02450.1	Aqcoe3G183300.1.p
OG0006834	VIT_201s0011g00790.1	Aqcoe2G007300.1.p
OG0006835	VIT_207s0005g05420.1, VIT_205s0051g00540.1	Aqcoe2G395500.1.p
OG0006836	VIT_206s0080g00970.1, VIT_206s0080g00970.2	Aqcoe2G158200.1.p
OG0006837	VIT_202s0012g01540.1	Aqcoe2G053700.1.p
OG0006838	VIT_207s0104g00890.1	Aqcoe2G320100.1.p, Aqcoe5G069000.1.p, Aqcoe7G191600.1.p
OG0006839	VIT_213s0074g00760.1, VIT_208s0007g03630.1	Aqcoe2G132200.1.p
OG0006840	VIT_207s0104g00130.1, VIT_207s0104g00130.2	Aqcoe2G334300.1.p
OG0006842	VIT_214s0066g01320.2, VIT_214s0066g01320.1	Aqcoe3G292900.1.p, Aqcoe2G362000.1.p
OG0006843	VIT_206s0004g05580.1	Aqcoe2G163600.1.p
OG0006844	VIT_208s0007g01290.1, VIT_213s0019g02450.1	Aqcoe2G233200.1.p
OG0006845	VIT_206s0009g02670.1, VIT_206s0009g02660.1	Aqcoe2G048800.1.p
OG0006846	VIT_208s0040g01360.1, VIT_208s0040g01360.4, VIT_208s0040g01360.2, VIT_208s0040g01360.3	Aqcoe5G295700.1.p
OG0006847	VIT_208s0007g08950.2, VIT_208s0007g08950.1	Aqcoe1G033200.1.p, Aqcoe2G412400.1.p
OG0006848	VIT_200s1897g00010.1, VIT_214s0060g00010.1	Aqcoe2G105500.1.p
OG0006849	VIT_214s0128g00180.1, VIT_205s0020g02680.1, VIT_205s0020g02680.2	Aqcoe2G332500.1.p
OG0006850	VIT_211s0118g00720.3, VIT_211s0118g00720.4, VIT_211s0118g00720.1, VIT_211s0118g00720.2	Aqcoe2G404600.2.p, Aqcoe2G404600.1.p
OG0006851	VIT_203s0017g01240.1	Aqcoe6G203700.2.p, Aqcoe6G203700.1.p, Aqcoe6G203700.3.p, Aqcoe2G260600.1.p, Aqcoe2G260600.2.p, Aqcoe2G260500.1.p, Aqcoe2G260300.1.p, Aqcoe2G260300.2.p, Aqcoe2G382300.1.p, Aqcoe2G260800.1.p
OG0006852	VIT_204s0043g01010.1, VIT_204s0043g01010.3, VIT_204s0043g01010.2	Aqcoe2G401800.2.p, Aqcoe2G401800.4.p, Aqcoe2G401800.3.p, Aqcoe2G401800.1.p
OG0006853	VIT_206s0009g03740.1, VIT_206s0009g03740.3, VIT_206s0009g03740.2	Aqcoe2G034800.2.p, Aqcoe2G034800.1.p
OG0006855	VIT_208s0007g06340.1	Aqcoe2G007700.1.p
OG0006856	VIT_207s0005g03380.1	Aqcoe2G373800.1.p
OG0006857	VIT_205s0020g01120.1	Aqcoe2G049000.1.p, Aqcoe2G049000.2.p
OG0006858	VIT_204s0008g05590.1	Aqcoe7G383200.2.p, Aqcoe7G383200.1.p, Aqcoe1G408300.1.p, Aqcoe7G308400.1.p, Aqcoe4G182900.1.p, Aqcoe2G084000.1.p
OG0006859	VIT_207s0141g00210.1, VIT_207s0141g00210.2	Aqcoe2G357600.1.p, Aqcoe2G357500.1.p, Aqcoe2G357000.1.p, Aqcoe5G043600.1.p
OG0006861	VIT_205s0020g00860.1, VIT_205s0020g00860.2	Aqcoe2G249600.4.p, Aqcoe2G249600.6.p, Aqcoe2G249600.1.p, Aqcoe2G249600.3.p, Aqcoe2G249600.2.p, Aqcoe2G249600.5.p
OG0006862	VIT_205s0062g01040.1, VIT_205s0062g01040.2	Aqcoe2G419400.2.p, Aqcoe2G419400.1.p
OG0006863	VIT_205s0020g02160.1	Aqcoe2G319400.1.p
OG0006864	VIT_207s0104g00280.1	Aqcoe5G061800.1.p
OG0006865	VIT_205s0029g00355.1	Aqcoe2G404800.1.p
OG0006866	VIT_210s0071g00680.2, VIT_210s0071g00680.1	Aqcoe1G074100.1.p, Aqcoe2G122800.1.p, Aqcoe2G122800.2.p, Aqcoe3G157900.1.p
OG0006867	VIT_213s0158g00080.1, VIT_213s0158g00070.1, VIT_213s0158g00050.1	Aqcoe2G023600.1.p, Aqcoe2G023700.1.p
OG0006868	VIT_214s0060g00910.2, VIT_214s0060g00910.3, VIT_214s0060g00910.1	Aqcoe2G266200.1.p, Aqcoe2G266200.2.p
OG0006869	VIT_208s0007g04310.1, VIT_208s0007g04310.2	Aqcoe2G161300.1.p, Aqcoe2G248800.1.p
OG0006870	VIT_213s0019g03400.1	Aqcoe1G431100.1.p, Aqcoe2G102800.1.p
OG0006871	VIT_213s0019g00040.1	Aqcoe2G176900.1.p
OG0006872	VIT_205s0062g00220.2, VIT_205s0062g00220.3, VIT_205s0062g00220.4, VIT_205s0062g00220.1	Aqcoe2G423400.1.p
OG0006873	VIT_213s0019g03960.4, VIT_213s0019g03960.2, VIT_213s0019g03960.1, VIT_213s0019g03960.3	Aqcoe2G203600.1.p, Aqcoe2G203600.2.p
OG0006874	VIT_205s0102g00710.1	Aqcoe2G014900.1.p
OG0006875	VIT_207s0005g00590.1	Aqcoe2G292100.1.p
OG0006876	VIT_208s0007g05800.1	Aqcoe2G032500.1.p
OG0006877	VIT_206s0004g04600.1, VIT_206s0004g04600.2	Aqcoe2G149800.1.p, Aqcoe1G461900.1.p
OG0006878	VIT_218s0001g07440.1, VIT_218s0001g07440.2, VIT_204s0069g00960.1, VIT_204s0069g00960.2	Aqcoe2G121600.1.p
OG0006879	VIT_202s0087g00250.1, VIT_202s0087g00240.1	Aqcoe3G170400.1.p, Aqcoe2G135200.1.p, Aqcoe6G123200.1.p, Aqcoe3G175800.1.p
OG0006880	VIT_202s0025g02150.1, VIT_202s0025g02150.2	Aqcoe2G116400.1.p
OG0006881	VIT_205s0102g00080.2, VIT_205s0102g00080.1, VIT_205s0102g00080.3	Aqcoe2G431800.1.p
OG0006882	VIT_208s0032g00800.3, VIT_208s0032g00800.5, VIT_208s0032g00800.7, VIT_208s0032g00800.4, VIT_208s0032g00800.1, VIT_208s0032g00800.2	Aqcoe2G070200.1.p
OG0006883	VIT_200s0179g00330.1	Aqcoe2G355500.1.p
OG0006884	VIT_216s0039g00370.2, VIT_216s0039g00370.1, VIT_216s0039g00370.5, VIT_216s0039g00370.3, VIT_216s0039g00370.4	Aqcoe2G412800.1.p, Aqcoe2G412800.2.p, Aqcoe2G414200.1.p, Aqcoe1081s0001.1.p, Aqcoe2G414200.2.p
OG0006885	VIT_206s0080g01050.1, VIT_206s0080g01050.3, VIT_206s0080g01050.2	Aqcoe2G113100.2.p, Aqcoe2G113100.1.p, Aqcoe1G435800.1.p
OG0006886	VIT_204s0044g01280.1	Aqcoe7G363100.1.p
OG0006886	VIT_204s0044g01280.4, VIT_204s0044g01280.3, VIT_204s0044g01280.2	Aqcoe2G213700.1.p
OG0006887	VIT_206s0004g03250.1	Aqcoe2G144900.1.p, Aqcoe2G144900.2.p
OG0006888	VIT_205s0029g01140.4, VIT_205s0029g01140.3, VIT_205s0029g01140.2, VIT_205s0029g01140.1, VIT_218s0089g00410.3, VIT_218s0089g00410.7, VIT_218s0089g00410.6, VIT_218s0089g00490.1	Aqcoe2G402400.1.p, Aqcoe5G366300.1.p
OG0006889	VIT_205s0049g01230.1	Aqcoe2G377300.1.p, Aqcoe2G377300.2.p, Aqcoe1G120000.1.p, Aqcoe1G120000.2.p
OG0006890	VIT_206s0004g03290.3, VIT_206s0004g03290.1, VIT_206s0004g03290.2, VIT_206s0004g03290.4	Aqcoe2G186900.1.p, Aqcoe6G140700.2.p, Aqcoe6G140700.4.p, Aqcoe6G140700.1.p, Aqcoe6G140700.3.p
OG0006891	VIT_204s0023g00870.1, VIT_204s0023g00870.2	Aqcoe2G432900.1.p, Aqcoe2G432900.2.p
OG0006892	VIT_211s0016g05390.1	Aqcoe7G387800.1.p
OG0006893	VIT_213s0019g00820.1, VIT_213s0019g00790.1	Aqcoe2G035200.3.p, Aqcoe2G035200.1.p, Aqcoe2G035200.4.p, Aqcoe2G035200.2.p
OG0006894	VIT_207s0031g01350.1, VIT_207s0031g01350.2	Aqcoe2G396600.3.p, Aqcoe2G396600.2.p, Aqcoe2G396600.1.p
OG0006895	VIT_213s0067g03820.1	Aqcoe2G172600.1.p
OG0006896	VIT_207s0005g01430.3, VIT_207s0005g01430.1, VIT_207s0005g01430.4, VIT_207s0005g01430.2, VIT_207s0005g01430.5	Aqcoe2G275800.1.p, Aqcoe2G275800.2.p
OG0006897	VIT_212s0059g01290.1, VIT_212s0059g01290.3	Aqcoe1G354600.2.p, Aqcoe1G354600.1.p, Aqcoe2G215300.3.p, Aqcoe2G215300.1.p, Aqcoe2G215300.2.p
OG0006898	VIT_213s0019g00700.1	Aqcoe2G392900.4.p, Aqcoe2G392900.3.p, Aqcoe2G392900.2.p, Aqcoe2G392900.1.p
OG0006899	VIT_215s0046g01120.4, VIT_215s0046g01120.2, VIT_215s0046g01120.1, VIT_215s0046g01120.3, VIT_215s0046g01120.5, VIT_215s0048g02730.1	Aqcoe2G155100.1.p, Aqcoe6G238900.1.p
OG0006900	VIT_205s0051g00910.1, VIT_205s0051g00910.2	Aqcoe2G400700.1.p
OG0006901	VIT_205s0062g01220.2, VIT_205s0062g01220.1	Aqcoe2G408800.4.p, Aqcoe2G408800.2.p, Aqcoe2G408800.3.p, Aqcoe2G408800.1.p
OG0006902	VIT_205s0077g01030.1, VIT_205s0077g01030.2, VIT_205s0077g01030.3	Aqcoe1G228700.1.p, Aqcoe1G228700.2.p, Aqcoe4G174100.1.p
OG0006903	VIT_205s0020g02960.1	Aqcoe1G293100.2.p, Aqcoe1G293100.1.p, Aqcoe2G338500.1.p, Aqcoe2G338500.2.p
OG0006904	VIT_208s0007g07090.3, VIT_208s0007g07090.1	Aqcoe2G052500.1.p
OG0006905	VIT_207s0151g00730.1	Aqcoe2G221300.1.p, Aqcoe7G104600.1.p, Aqcoe7G104600.2.p, Aqcoe7G104600.3.p, Aqcoe5G358800.1.p, Aqcoe2G221300.2.p, Aqcoe6G309200.1.p
OG0006906	VIT_207s0005g04240.1, VIT_205s0049g01870.1	Aqcoe2G103400.1.p
OG0006907	VIT_206s0080g01090.1	Aqcoe2G112400.1.p
OG0006908	VIT_207s0005g00130.1, VIT_200s0261g00055.1, VIT_207s0005g00130.4, VIT_207s0005g00130.2, VIT_207s0005g00130.3	Aqcoe2G297500.1.p
OG0006909	VIT_205s0077g01120.1, VIT_207s0005g01500.1	Aqcoe7G305000.1.p, Aqcoe2G273800.1.p
OG0006910	VIT_205s0094g00410.1	Aqcoe1G360700.1.p, Aqcoe2G114200.3.p, Aqcoe2G114200.2.p, Aqcoe2G114200.1.p, Aqcoe5G002100.1.p
OG0006911	VIT_205s0102g00300.4, VIT_205s0102g00300.3, VIT_205s0102g00300.2, VIT_205s0102g00300.1	Aqcoe2G429800.2.p, Aqcoe2G429800.1.p
OG0006912	VIT_212s0059g01570.4, VIT_212s0059g01570.3, VIT_212s0059g01570.2, VIT_212s0059g01570.1	Aqcoe2G389300.1.p
OG0006913	VIT_213s0019g02090.2, VIT_213s0019g02090.1	Aqcoe2G230800.1.p, Aqcoe2G230800.2.p
OG0006914	VIT_207s0151g00860.1	Aqcoe2G425800.3.p, Aqcoe2G425800.2.p, Aqcoe2G425800.1.p, Aqcoe2G425800.4.p
OG0006915	VIT_213s0084g00820.1, VIT_213s0084g00820.2	Aqcoe2G041400.1.p, Aqcoe2G041400.2.p
OG0006916	VIT_218s0041g01360.2, VIT_218s0041g01360.3, VIT_218s0041g01360.1	Aqcoe2G222900.1.p, Aqcoe2G222900.2.p
OG0006917	VIT_205s0029g00050.2, VIT_205s0029g00050.1	Aqcoe2G399200.1.p, Aqcoe2G399200.2.p
OG0006918	VIT_205s0020g00940.1, VIT_205s0020g00940.2	Aqcoe2G246700.1.p, Aqcoe2G246700.2.p
OG0006919	VIT_213s0067g01190.1, VIT_213s0067g01200.1	Aqcoe5G446200.1.p, Aqcoe5G446100.1.p, Aqcoe3G301400.2.p, Aqcoe3G301400.1.p, Aqcoe5G445900.1.p, Aqcoe2G251600.1.p
OG0006920	VIT_210s0042g00580.3, VIT_210s0042g00580.1, VIT_210s0042g00580.2, VIT_210s0042g00580.4	Aqcoe2G005800.1.p, Aqcoe5G310800.1.p
OG0006921	VIT_218s0072g01080.4, VIT_218s0072g01080.3, VIT_218s0072g01080.2, VIT_218s0072g01080.1	Aqcoe2G322300.2.p, Aqcoe2G322300.1.p
OG0006922	VIT_204s0008g05770.1, VIT_209s0070g00140.1	Aqcoe2G289700.1.p, Aqcoe7G246200.1.p
OG0006923	VIT_206s0009g02530.1, VIT_206s0009g02530.2	Aqcoe7G332000.3.p, Aqcoe7G332000.2.p, Aqcoe7G332000.1.p, Aqcoe2G051300.1.p, Aqcoe1G163700.1.p, Aqcoe7G333800.1.p, Aqcoe7G331900.1.p, Aqcoe2G051300.2.p
OG0006924	VIT_214s0030g02240.1, VIT_214s0030g02240.2, VIT_214s0030g02240.3	Aqcoe2G438400.2.p, Aqcoe2G438400.1.p
OG0006925	VIT_207s0104g00590.1, VIT_207s0104g00590.2	Aqcoe5G062900.3.p, Aqcoe5G062900.2.p, Aqcoe5G062900.1.p, Aqcoe2G327700.1.p
OG0006926	VIT_205s0020g03840.1, VIT_205s0020g03840.2	Aqcoe2G350200.1.p
OG0006927	VIT_206s0004g05220.1	Aqcoe2G227800.2.p, Aqcoe2G227800.1.p
OG0006928	VIT_205s0029g00110.1	Aqcoe2G398000.1.p, Aqcoe0088s0004.1.p
OG0006929	VIT_208s0007g04230.3, VIT_208s0007g04230.2, VIT_208s0007g04230.1	Aqcoe1G118000.1.p, Aqcoe2G163200.1.p
OG0006930	VIT_213s0019g04680.2, VIT_213s0019g04680.1	Aqcoe2G203000.1.p
OG0006931	VIT_206s0009g03470.1	Aqcoe2G039700.1.p
OG0006932	VIT_213s0064g00090.1, VIT_213s0047g00782.1	Aqcoe2G049400.1.p, Aqcoe3G431500.1.p
OG0006933	VIT_208s0007g05900.3, VIT_208s0007g05900.2, VIT_208s0007g05900.1	Aqcoe2G029300.1.p
OG0006934	VIT_215s0046g00950.1, VIT_215s0046g00950.2, VIT_215s0046g00950.3	Aqcoe2G049600.1.p
OG0006935	VIT_208s0056g00250.1, VIT_204s0079g00050.1	Aqcoe2G073600.1.p
OG0006936	VIT_207s0031g02390.4, VIT_207s0031g02390.2, VIT_207s0031g02390.1, VIT_207s0031g02390.3	Aqcoe6G033500.1.p, Aqcoe6G033500.2.p
OG0006937	VIT_215s0046g01960.1, VIT_215s0046g01980.1, VIT_215s0046g01970.1, VIT_215s0046g01950.1	Aqcoe6G091500.1.p, Aqcoe6G091600.1.p
OG0006938	VIT_203s0038g04000.1, VIT_218s0122g00790.1	Aqcoe6G164200.1.p, Aqcoe5G113800.1.p
OG0006939	VIT_203s0038g04040.2, VIT_203s0038g04040.1	Aqcoe6G163400.1.p
OG0006940	VIT_200s0525g00040.2, VIT_200s0525g00040.1	Aqcoe6G317700.2.p, Aqcoe6G317700.1.p, Aqcoe6G315800.1.p
OG0006941	VIT_204s0043g00250.1, VIT_204s0043g00250.2, VIT_204s0043g00250.3	Aqcoe6G086700.1.p, Aqcoe7G135300.1.p, Aqcoe6G003700.1.p
OG0006942	VIT_207s0205g00010.1	Aqcoe6G066800.1.p
OG0006943	VIT_203s0063g00890.1, VIT_203s0063g00890.2	Aqcoe6G150600.1.p, Aqcoe6G150600.2.p
OG0006944	VIT_200s0734g00020.4, VIT_200s0734g00020.3, VIT_200s0734g00020.1, VIT_200s0841g00010.1, VIT_200s0734g00020.2	Aqcoe6G316600.2.p, Aqcoe6G316600.1.p
OG0006945	VIT_218s0001g12800.1, VIT_218s0001g12810.1	Aqcoe6G124100.1.p
OG0006946	VIT_211s0118g00431.1	Aqcoe1G093600.1.p, Aqcoe6G292600.1.p, Aqcoe6G292500.1.p, Aqcoe6G292800.1.p, Aqcoe6G292400.1.p
OG0006947	VIT_214s0060g01450.1, VIT_214s0060g01450.4, VIT_214s0060g01450.2, VIT_214s0060g01450.3	Aqcoe6G258400.1.p, Aqcoe6G258400.3.p, Aqcoe6G258400.2.p
OG0006948	VIT_203s0063g00290.6, VIT_203s0063g00290.4, VIT_203s0063g00290.2, VIT_203s0063g00290.3, VIT_203s0063g00290.5, VIT_203s0063g00290.1	Aqcoe6G139900.1.p
OG0006949	VIT_216s0039g01410.2, VIT_216s0039g01410.1, VIT_216s0039g01410.3	Aqcoe6G190400.1.p, Aqcoe6G190400.2.p, Aqcoe6G190500.1.p
OG0006950	VIT_203s0038g02890.1, VIT_203s0038g02910.1, VIT_203s0038g03630.1	Aqcoe6G230100.1.p, Aqcoe6G230000.1.p
OG0006951	VIT_203s0180g00260.2, VIT_203s0180g00260.1, VIT_203s0180g00250.1	Aqcoe6G305200.2.p, Aqcoe6G305200.1.p
OG0006952	VIT_218s0001g12480.4, VIT_218s0001g12480.3, VIT_218s0001g12480.1, VIT_218s0001g12480.2, VIT_218s0001g12480.5	Aqcoe6G119400.1.p
OG0006953	VIT_218s0072g01220.1, VIT_218s0072g01220.3, VIT_218s0072g01220.2	Aqcoe6G016200.2.p, Aqcoe6G016200.1.p, Aqcoe6G016200.3.p
OG0006954	VIT_218s0001g01690.3, VIT_218s0001g01690.2, VIT_218s0001g01690.1	Aqcoe6G031800.1.p
OG0006955	VIT_203s0088g00450.5	Aqcoe6G161300.3.p
OG0006955	VIT_203s0088g00450.3, VIT_203s0088g00450.2, VIT_203s0088g00450.1, VIT_203s0088g00450.4	Aqcoe6G161300.1.p, Aqcoe6G161300.2.p
OG0006956	VIT_218s0157g00020.6, VIT_218s0157g00020.3, VIT_218s0157g00020.2, VIT_218s0157g00020.1, VIT_218s0157g00020.4, VIT_218s0157g00020.5	Aqcoe6G044900.1.p, Aqcoe6G044900.2.p
OG0006957	VIT_213s0019g04470.2	Aqcoe6G288100.1.p, Aqcoe1G139800.1.p
OG0006958	VIT_218s0001g07590.1, VIT_218s0001g07590.2	Aqcoe6G093400.1.p
OG0006959	VIT_218s0001g12370.3, VIT_218s0001g12370.4, VIT_218s0001g12370.1, VIT_218s0001g12370.2	Aqcoe6G117300.3.p, Aqcoe6G117300.1.p, Aqcoe6G117300.2.p
OG0006960	VIT_204s0023g01510.1, VIT_218s0001g12320.1	Aqcoe5G196300.1.p, Aqcoe6G114800.1.p
OG0006961	VIT_203s0063g02500.2, VIT_203s0063g02500.1	Aqcoe6G117500.1.p, Aqcoe5G194000.1.p
OG0006962	VIT_203s0097g00520.2, VIT_203s0097g00520.1, VIT_203s0097g00520.3	Aqcoe6G069200.2.p, Aqcoe6G069200.1.p
OG0006963	VIT_218s0001g09290.1	Aqcoe5G104800.1.p, Aqcoe6G288900.1.p
OG0006963	VIT_209s0018g01290.1	Aqcoe7G316200.1.p
OG0006964	VIT_207s0141g01060.1	Aqcoe6G003100.1.p
OG0006965	VIT_207s0031g01740.1, VIT_207s0031g01740.2	Aqcoe6G047700.1.p
OG0006966	VIT_204s0008g00570.1, VIT_204s0008g00570.2	Aqcoe6G106500.1.p
OG0006967	VIT_218s0001g12080.2, VIT_218s0001g12080.1, VIT_218s0001g12080.3	Aqcoe6G111400.1.p, Aqcoe6G111400.2.p
OG0006968	VIT_203s0038g04090.3, VIT_203s0038g04090.1, VIT_203s0038g04090.2	Aqcoe6G321300.1.p
OG0006969	VIT_200s0218g00030.2, VIT_200s0218g00030.3, VIT_200s0218g00030.1	Aqcoe6G169600.1.p
OG0006970	VIT_203s0091g00710.1	Aqcoe5G103600.2.p
OG0006971	VIT_218s0001g07760.2, VIT_218s0001g07760.4, VIT_218s0001g07760.1, VIT_218s0001g07760.3, VIT_218s0001g07760.9, VIT_218s0001g07760.6, VIT_218s0001g07760.8, VIT_218s0001g07760.10, VIT_218s0001g07760.5, VIT_218s0001g07760.7	Aqcoe6G089500.1.p, Aqcoe6G089500.2.p
OG0006972	VIT_207s0130g00260.3, VIT_207s0130g00260.5, VIT_207s0130g00260.4, VIT_207s0130g00260.1, VIT_207s0130g00260.2	Aqcoe6G010600.1.p, Aqcoe6G010600.2.p
OG0006973	VIT_203s0091g00550.4, VIT_203s0091g00550.3, VIT_203s0091g00550.2, VIT_203s0091g00550.5, VIT_203s0091g00550.1	Aqcoe6G290200.1.p
OG0006974	VIT_218s0001g08790.1, VIT_200s0471g00010.1	Aqcoe6G269900.1.p
OG0006975	VIT_203s0038g00170.1, VIT_203s0038g00170.2	Aqcoe6G132400.3.p, Aqcoe6G132400.2.p, Aqcoe6G132400.1.p
OG0006976	VIT_201s0011g00240.2, VIT_201s0011g00240.1	Aqcoe6G325300.1.p
OG0006977	VIT_214s0036g01530.1	Aqcoe3G407900.1.p, Aqcoe6G001400.1.p
OG0006978	VIT_207s0129g00230.2, VIT_207s0129g00230.1, VIT_209s0002g06500.1	Aqcoe6G289700.1.p, Aqcoe6G284000.1.p, Aqcoe6G284000.2.p, Aqcoe5G100600.2.p, Aqcoe5G100600.1.p
OG0006979	VIT_214s0128g00470.2, VIT_214s0128g00470.3, VIT_214s0128g00470.1	Aqcoe6G047800.2.p, Aqcoe6G047800.1.p
OG0006980	VIT_207s0031g01940.1, VIT_218s0072g00100.1	Aqcoe6G044300.1.p
OG0006981	VIT_200s0804g00010.1, VIT_200s0850g00010.1	Aqcoe6G150200.2.p, Aqcoe6G150200.1.p
OG0006982	VIT_204s0023g01370.1, VIT_203s0063g02190.2, VIT_203s0063g02190.1	Aqcoe6G111900.1.p
OG0006983	VIT_213s0067g03120.1	Aqcoe6G109200.3.p, Aqcoe6G109200.1.p, Aqcoe6G109200.2.p, Aqcoe7G443200.1.p
OG0006984	VIT_218s0001g09380.1, VIT_218s0001g09380.2, VIT_218s0001g09380.4, VIT_218s0001g09380.5, VIT_218s0001g09380.3	Aqcoe6G292900.1.p
OG0006985	VIT_212s0035g02020.1	Aqcoe6G001700.2.p, Aqcoe6G001700.1.p
OG0006986	VIT_213s0139g00160.2, VIT_213s0139g00160.1	Aqcoe6G063000.1.p
OG0006987	VIT_211s0052g00550.1	Aqcoe6G179800.2.p, Aqcoe6G179800.1.p, Aqcoe6G179500.1.p, Aqcoe6G179500.2.p
OG0006988	VIT_212s0028g00300.1	Aqcoe6G083700.3.p, Aqcoe6G083700.1.p, Aqcoe6G083700.2.p
OG0006989	VIT_214s0030g01650.3, VIT_214s0030g01650.1, VIT_214s0030g01650.2	Aqcoe6G266800.1.p, Aqcoe5G055600.1.p
OG0006990	VIT_204s0008g06480.2, VIT_204s0008g06480.3, VIT_204s0008g06480.1	Aqcoe6G203800.1.p
OG0006991	VIT_217s0000g02300.3, VIT_217s0000g02300.6, VIT_217s0000g02300.4, VIT_217s0000g02300.5, VIT_217s0000g02300.2, VIT_217s0000g02300.1	Aqcoe6G012900.1.p, Aqcoe7G382000.1.p
OG0006992	VIT_218s0001g12750.1	Aqcoe6G123900.1.p, Aqcoe6G123900.2.p
OG0006993	VIT_218s0001g04610.1, VIT_218s0001g04610.3, VIT_218s0001g04610.2	Aqcoe6G056000.2.p, Aqcoe6G056000.1.p
OG0006994	VIT_208s0007g00280.1, VIT_208s0007g00280.3, VIT_208s0007g00280.8, VIT_208s0007g00280.7, VIT_208s0007g00280.5, VIT_208s0007g00280.4, VIT_208s0007g00280.6, VIT_208s0007g00280.2	Aqcoe6G148200.1.p, Aqcoe6G148200.2.p, Aqcoe6G148200.3.p
OG0006995	VIT_203s0097g00570.1	Aqcoe6G067800.2.p, Aqcoe6G067800.1.p
OG0006996	VIT_203s0017g00540.2, VIT_203s0017g00540.1	Aqcoe5G168000.1.p
OG0006997	VIT_205s0077g00120.1, VIT_205s0077g00290.1, VIT_205s0077g00800.2, VIT_205s0077g00800.1	Aqcoe6G216600.1.p, Aqcoe6G216600.2.p
OG0006998	VIT_200s0391g00020.1, VIT_200s0324g00110.1, VIT_200s0391g00020.2, VIT_200s0391g00020.3, VIT_200s0391g00020.4, VIT_200s0391g00020.6, VIT_200s0391g00020.5	Aqcoe6G081100.1.p, Aqcoe6G081100.2.p
OG0006999	VIT_207s0031g02680.1, VIT_207s0031g02680.3, VIT_207s0031g02680.4, VIT_207s0031g02680.2	Aqcoe6G024600.1.p, Aqcoe6G024600.2.p
OG0007000	VIT_218s0122g01050.2, VIT_218s0122g01050.1	Aqcoe6G171300.3.p, Aqcoe6G171300.4.p, Aqcoe6G171300.1.p, Aqcoe6G171300.2.p
OG0007001	VIT_210s0003g02870.1	Aqcoe6G039100.1.p
OG0007002	VIT_203s0091g00050.1, VIT_203s0091g00050.3, VIT_203s0091g00050.2	Aqcoe6G307200.4.p, Aqcoe6G307200.2.p, Aqcoe6G307200.6.p, Aqcoe6G307200.5.p, Aqcoe6G307200.3.p, Aqcoe6G307200.1.p
OG0007003	VIT_218s0001g15330.3, VIT_218s0001g15330.4, VIT_218s0001g15330.1, VIT_218s0001g15330.2	Aqcoe6G037000.2.p, Aqcoe6G037000.1.p
OG0007004	VIT_219s0015g01100.2, VIT_219s0015g01100.4, VIT_219s0015g01100.5, VIT_219s0015g01100.3, VIT_219s0015g01100.1	Aqcoe4G285200.3.p, Aqcoe4G285200.2.p, Aqcoe4G285200.1.p
OG0007005	VIT_212s0028g02000.1	Aqcoe4G040300.1.p
OG0007006	VIT_219s0014g04730.3, VIT_219s0014g04730.1, VIT_219s0014g04730.2	Aqcoe4G254900.1.p, Aqcoe4G254900.2.p
OG0007007	VIT_210s0003g04180.1	Aqcoe4G019900.4.p, Aqcoe4G019900.2.p, Aqcoe4G019900.3.p, Aqcoe4G019900.1.p, Aqcoe4G019800.1.p, Aqcoe4G019700.1.p
OG0007008	VIT_209s0054g00590.1, VIT_209s0054g00580.1, VIT_212s0028g02090.1	Aqcoe1G239700.1.p, Aqcoe1G239800.1.p, Aqcoe1G242000.1.p, Aqcoe4G294100.1.p
OG0007009	VIT_219s0027g00240.3, VIT_219s0027g00240.2, VIT_219s0027g00240.1, VIT_219s0027g00240.5, VIT_219s0027g00240.4	Aqcoe4G004100.1.p
OG0007010	VIT_210s0003g03180.4, VIT_210s0003g03180.5, VIT_210s0003g03180.3, VIT_210s0003g03180.2, VIT_210s0003g03180.1	Aqcoe4G009100.1.p, Aqcoe4G009100.2.p
OG0007011	VIT_219s0015g00870.1, VIT_219s0015g00860.1	Aqcoe3G368400.1.p, Aqcoe4G304400.1.p, Aqcoe4G304400.2.p, Aqcoe4G078000.1.p
OG0007012	VIT_206s0004g04780.1, VIT_206s0004g04780.2	Aqcoe3G399200.1.p, Aqcoe1G460100.1.p
OG0007013	VIT_219s0177g00150.3, VIT_219s0177g00150.2, VIT_219s0177g00150.1, VIT_219s0177g00150.4, VIT_219s0177g00150.5	Aqcoe4G229200.1.p
OG0007014	VIT_200s0194g00100.1	Aqcoe4G303900.1.p, Aqcoe4G303900.2.p
OG0007015	VIT_210s0003g00220.1, VIT_212s0028g03120.1	Aqcoe7G407600.1.p, Aqcoe4G079300.1.p
OG0007016	VIT_211s0016g04760.1, VIT_209s0002g05820.1	Aqcoe7G211900.1.p, Aqcoe4G129800.1.p
OG0007017	VIT_210s0003g00810.1	Aqcoe4G065500.1.p, Aqcoe4G065500.4.p, Aqcoe4G065500.2.p, Aqcoe4G065500.3.p, Aqcoe4G065500.5.p
OG0007018	VIT_211s0016g01070.1	Aqcoe4G147600.1.p
OG0007019	VIT_210s0116g01550.3, VIT_210s0116g01550.5, VIT_210s0116g01550.4, VIT_210s0116g01550.2, VIT_210s0116g01550.1	Aqcoe4G203100.1.p
OG0007020	VIT_219s0015g00750.1	Aqcoe4G304800.1.p
OG0007021	VIT_200s0527g00030.1	Aqcoe4G097400.1.p, Aqcoe1G261600.1.p
OG0007022	VIT_210s0003g01360.1, VIT_210s0003g01360.3, VIT_210s0003g01360.2	Aqcoe4G042400.1.p
OG0007023	VIT_207s0005g06090.1, VIT_207s0005g06000.1, VIT_207s0005g06110.1, VIT_207s0005g06060.1	Aqcoe4G310000.1.p, Aqcoe7G375600.1.p
OG0007024	VIT_219s0090g01590.3, VIT_219s0090g01590.1, VIT_219s0090g01590.2, VIT_219s0090g01590.4	Aqcoe4G275000.1.p
OG0007025	VIT_219s0014g04740.2, VIT_219s0014g04740.1	Aqcoe4G254800.1.p, Aqcoe4G254800.2.p
OG0007026	VIT_209s0002g05620.1	Aqcoe7G203400.2.p, Aqcoe4G009900.1.p, Aqcoe7G203400.1.p
OG0007027	VIT_202s0025g03640.1, VIT_202s0025g03630.1	Aqcoe7G036900.1.p, Aqcoe4G268400.1.p
OG0007028	VIT_210s0003g02180.1	Aqcoe4G022400.1.p, Aqcoe4G022400.2.p
OG0007029	VIT_210s0003g01570.4, VIT_210s0003g01570.6, VIT_210s0003g01570.7, VIT_210s0003g01570.9, VIT_210s0003g01570.5, VIT_210s0003g01570.8, VIT_210s0003g01570.3, VIT_210s0003g01570.1, VIT_210s0003g01570.2	Aqcoe4G032200.1.p
OG0007030	VIT_212s0028g01200.9, VIT_212s0028g01200.5, VIT_212s0028g01200.6, VIT_212s0028g01200.7, VIT_212s0028g01200.8, VIT_212s0028g01200.3, VIT_212s0028g01200.1, VIT_212s0028g01200.4, VIT_212s0028g01200.2	Aqcoe4G000700.1.p, Aqcoe4G000700.2.p
OG0007032	VIT_204s0044g02040.2, VIT_204s0044g02040.1	Aqcoe4G077600.1.p, Aqcoe7G367600.4.p, Aqcoe7G367600.2.p, Aqcoe7G367600.3.p, Aqcoe7G367600.1.p
OG0007033	VIT_219s0014g00840.1	Aqcoe4G026700.1.p
OG0007033	VIT_210s0003g01840.1	Aqcoe1G214300.1.p, Aqcoe1G214300.2.p
OG0007034	VIT_217s0000g06830.1	Aqcoe3G360400.1.p, Aqcoe3G360400.2.p
OG0007035	VIT_200s0181g00040.1	Aqcoe4G260000.1.p, Aqcoe1G427000.1.p
OG0007036	VIT_210s0003g03910.1	Aqcoe4G007100.1.p, Aqcoe4G007100.2.p
OG0007038	VIT_200s0187g00350.1	Aqcoe4G286800.1.p
OG0007039	VIT_210s0116g00360.1, VIT_212s0059g01220.1	Aqcoe4G298900.1.p
OG0007040	VIT_212s0057g00600.2, VIT_212s0057g00600.1	Aqcoe4G314100.1.p
OG0007041	VIT_212s0057g00020.4, VIT_212s0057g00020.3, VIT_212s0057g00020.1, VIT_212s0057g00020.2	Aqcoe4G262400.1.p
OG0007042	VIT_211s0037g00530.3, VIT_211s0037g00530.4, VIT_211s0037g00530.2, VIT_211s0037g00530.1	Aqcoe7G221000.1.p
OG0007043	VIT_204s0008g06920.3, VIT_204s0008g06920.4, VIT_204s0008g06920.2, VIT_204s0008g06920.1	Aqcoe7G346500.1.p
OG0007044	VIT_211s0103g00620.1, VIT_211s0103g00620.2	Aqcoe7G296600.1.p
OG0007045	VIT_209s0018g01400.1	Aqcoe7G342600.2.p, Aqcoe7G342600.1.p
OG0007046	VIT_206s0004g01880.2, VIT_206s0004g01880.3, VIT_206s0004g01880.4, VIT_206s0004g01880.1, VIT_206s0004g01880.5	Aqcoe7G406900.2.p, Aqcoe7G406900.3.p, Aqcoe7G406900.1.p
OG0007047	VIT_209s0002g00180.1, VIT_209s0002g00180.2, VIT_209s0002g00180.3, VIT_209s0002g00180.4, VIT_209s0002g00180.6, VIT_209s0002g00180.7, VIT_209s0002g00180.5	Aqcoe7G100400.1.p
OG0007048	VIT_204s0069g00770.2, VIT_204s0069g00770.3, VIT_204s0069g00770.1	Aqcoe7G334300.4.p, Aqcoe7G334300.1.p, Aqcoe7G334300.2.p, Aqcoe7G334300.3.p
OG0007049	VIT_215s0024g00030.2, VIT_215s0024g00030.1	Aqcoe7G054000.1.p, Aqcoe7G054000.2.p
OG0007050	VIT_209s0002g01490.1, VIT_209s0002g01490.2, VIT_209s0002g01490.3	Aqcoe7G115600.1.p, Aqcoe7G115600.2.p, Aqcoe7G115600.3.p
OG0007051	VIT_204s0008g00680.1	Aqcoe7G416700.2.p, Aqcoe7G416700.1.p, Aqcoe7G407500.1.p
OG0007052	VIT_214s0036g00920.1, VIT_214s0036g00920.3, VIT_214s0036g00920.2, VIT_214s0036g00920.4	Aqcoe7G312900.1.p, Aqcoe7G312900.2.p
OG0007053	VIT_216s0100g00440.1	Aqcoe5G426300.1.p
OG0007054	VIT_211s0206g00050.1, VIT_211s0149g00410.1	Aqcoe7G363000.1.p, Aqcoe7G363000.2.p
OG0007055	VIT_210s0092g00350.2, VIT_210s0092g00350.1	Aqcoe7G295400.2.p, Aqcoe7G295400.1.p
OG0007056	VIT_216s0022g00280.1, VIT_215s0046g03170.3, VIT_215s0046g03170.1, VIT_215s0046g03170.2, VIT_215s0046g03160.1	Aqcoe7G037400.1.p, Aqcoe7G037400.2.p, Aqcoe7G037400.3.p
OG0007057	VIT_213s0019g04180.1, VIT_213s0019g04170.1	Aqcoe7G297500.2.p, Aqcoe7G297500.1.p
OG0007058	VIT_215s0046g01640.1, VIT_215s0046g01640.4, VIT_215s0046g01640.2, VIT_215s0046g01640.3	Aqcoe7G023300.1.p
OG0007059	VIT_204s0044g01395.1, VIT_204s0044g01395.5, VIT_204s0044g01395.2	Aqcoe7G372600.1.p
OG0007060	VIT_211s0065g00210.1, VIT_211s0065g00210.2	Aqcoe7G334100.1.p
OG0007061	VIT_204s0008g02030.2, VIT_204s0008g02030.1	Aqcoe7G111300.1.p, Aqcoe7G111300.2.p
OG0007062	VIT_211s0016g02640.1	Aqcoe7G138900.2.p, Aqcoe7G138900.1.p
OG0007063	VIT_206s0009g01320.2, VIT_206s0009g01320.1	Aqcoe7G108200.1.p
OG0007064	VIT_215s0048g00720.3, VIT_215s0048g00720.2, VIT_215s0048g00720.1	Aqcoe7G063500.1.p
OG0007065	VIT_209s0002g02310.2, VIT_209s0002g02310.1	Aqcoe7G424800.1.p, Aqcoe7G424800.2.p
OG0007066	VIT_212s0028g03370.2, VIT_212s0028g03370.1, VIT_212s0028g03370.3, VIT_212s0028g03370.4	Aqcoe7G273100.2.p, Aqcoe7G273100.1.p, Aqcoe7G383300.2.p
OG0007067	VIT_211s0016g01880.4, VIT_211s0016g01880.2, VIT_211s0016g01880.3, VIT_211s0016g01880.1	Aqcoe7G122800.2.p, Aqcoe7G122800.1.p
OG0007068	VIT_209s0054g01770.4, VIT_209s0054g01770.2, VIT_209s0054g01770.3, VIT_209s0054g01770.5, VIT_209s0054g01770.1	Aqcoe7G248300.2.p, Aqcoe7G248300.3.p, Aqcoe7G248300.1.p
OG0007069	VIT_211s0052g01055.1, VIT_211s0052g01065.1, VIT_211s0052g01070.1, VIT_211s0052g01060.1	Aqcoe7G321300.1.p, Aqcoe7G321500.1.p, Aqcoe7G321200.1.p
OG0007070	VIT_202s0012g02380.1, VIT_202s0025g04690.1	Aqcoe7G054100.1.p
OG0007071	VIT_218s0001g10740.1	Aqcoe7G109300.1.p
OG0007072	VIT_205s0020g00020.1, VIT_205s0020g00570.1	Aqcoe7G025600.1.p, Aqcoe7G444300.1.p
OG0007073	VIT_211s0016g03650.1	Aqcoe7G168500.2.p, Aqcoe7G168500.1.p, Aqcoe7G168500.3.p
OG0007074	VIT_211s0016g04270.1, VIT_211s0016g04260.1, VIT_211s0016g04265.1	Aqcoe7G191000.1.p
OG0007075	VIT_209s0002g04500.1	Aqcoe7G180100.2.p, Aqcoe7G180100.1.p
OG0007076	VIT_215s0021g01840.2	Aqcoe7G092300.1.p, Aqcoe7G092300.2.p, Aqcoe7G092200.1.p
OG0007077	VIT_203s0038g03230.1, VIT_203s0038g03230.2	Aqcoe7G152000.1.p, Aqcoe1G358000.3.p, Aqcoe1G358000.1.p, Aqcoe1G358000.2.p
OG0007078	VIT_204s0008g03800.1, VIT_204s0008g03800.2	Aqcoe7G173200.1.p
OG0007079	VIT_202s0025g04110.1	Aqcoe7G044300.3.p, Aqcoe7G044300.2.p, Aqcoe7G044300.1.p
OG0007080	VIT_208s0007g06880.3, VIT_208s0007g06880.2, VIT_208s0007g06880.1, VIT_208s0007g06880.4	Aqcoe7G067800.1.p
OG0007081	VIT_202s0154g00220.1	Aqcoe7G080300.1.p
OG0007082	VIT_205s0102g00250.1	Aqcoe7G275000.2.p, Aqcoe7G275000.1.p, Aqcoe7G376200.1.p, Aqcoe7G275200.2.p, Aqcoe7G275200.1.p
OG0007083	VIT_202s0025g00670.1, VIT_202s0025g00670.2	Aqcoe7G304100.4.p, Aqcoe7G304100.2.p, Aqcoe7G304100.3.p, Aqcoe7G304100.1.p, Aqcoe7G304100.5.p
OG0007084	VIT_215s0046g02710.1, VIT_215s0046g02790.1	Aqcoe7G034500.3.p, Aqcoe7G034500.2.p, Aqcoe7G034500.4.p, Aqcoe7G034500.1.p
OG0007085	VIT_216s0039g01390.3, VIT_216s0039g01390.1, VIT_216s0039g01390.2, VIT_201s0011g02280.2, VIT_201s0011g02280.1, VIT_201s0011g02280.4, VIT_201s0011g02280.3	Aqcoe7G352500.1.p
OG0007086	VIT_206s0061g01150.1, VIT_209s0002g00200.1	Aqcoe7G100600.1.p
OG0007087	VIT_204s0008g03620.1	Aqcoe7G164700.1.p
OG0007088	VIT_204s0008g04500.2, VIT_204s0008g04500.1	Aqcoe7G183700.2.p, Aqcoe7G183700.1.p, Aqcoe7G183700.3.p
OG0007089	VIT_204s0008g01320.6, VIT_204s0008g01320.8, VIT_204s0008g01320.2, VIT_204s0008g01320.1, VIT_204s0008g01320.7, VIT_204s0008g01320.3, VIT_204s0008g01320.5, VIT_204s0008g01320.4	Aqcoe7G426800.1.p, Aqcoe7G426800.2.p
OG0007090	VIT_204s0008g03090.1	Aqcoe7G244600.1.p, Aqcoe7G244600.2.p
OG0007091	VIT_209s0002g04760.1, VIT_209s0002g04760.2	Aqcoe7G188400.1.p
OG0007092	VIT_211s0016g05490.2, VIT_211s0016g05490.3, VIT_211s0016g05490.1, VIT_211s0016g05490.4	Aqcoe7G384800.1.p
OG0007093	VIT_211s0052g00390.1	Aqcoe7G260900.1.p
OG0007094	VIT_216s0098g01660.2, VIT_216s0098g01660.3, VIT_216s0098g01660.1	Aqcoe7G006800.1.p
OG0007095	VIT_215s0046g02300.1, VIT_204s0044g00250.1, VIT_215s0046g02300.2	Aqcoe7G028800.1.p
OG0007096	VIT_207s0104g00550.4, VIT_207s0104g00550.6, VIT_207s0104g00550.3, VIT_207s0104g00550.5, VIT_207s0104g00550.2, VIT_207s0104g00550.7, VIT_207s0104g00550.1	Aqcoe7G082800.1.p
OG0007097	VIT_216s0050g02560.1, VIT_216s0050g02560.2	Aqcoe5G456800.1.p, Aqcoe5G456800.2.p, Aqcoe7G012800.2.p, Aqcoe7G012800.1.p
OG0007098	VIT_204s0008g02280.2, VIT_204s0008g02280.1	Aqcoe7G438800.1.p
OG0007099	VIT_211s0016g03430.2, VIT_211s0016g03430.4, VIT_211s0016g03430.1, VIT_211s0016g03430.3	Aqcoe7G162500.2.p, Aqcoe7G162500.1.p, Aqcoe7G162500.3.p
OG0007100	VIT_211s0037g00150.1, VIT_204s0008g06600.2, VIT_204s0008g06600.5, VIT_204s0008g06600.6, VIT_204s0008g06600.4, VIT_204s0008g06600.1, VIT_204s0008g06600.3	Aqcoe7G358700.1.p
OG0007101	VIT_204s0008g05240.2, VIT_204s0008g05240.1, VIT_211s0016g05110.1	Aqcoe7G390700.1.p
OG0007102	VIT_211s0016g04250.1	Aqcoe7G190700.2.p, Aqcoe7G190700.4.p, Aqcoe7G190700.3.p, Aqcoe7G190700.1.p
OG0007103	VIT_204s0008g05060.3, VIT_204s0008g05060.4, VIT_204s0008g05060.1, VIT_204s0008g05060.2	Aqcoe7G214200.1.p, Aqcoe7G214200.2.p
OG0007104	VIT_200s1241g00010.1, VIT_216s0022g01210.1	Aqcoe7G074600.1.p
OG0007105	VIT_211s0052g00970.1	Aqcoe7G258100.1.p
OG0007106	VIT_204s0023g00850.3, VIT_204s0023g00850.2, VIT_202s0025g00620.1, VIT_204s0023g00850.1	Aqcoe7G168700.2.p, Aqcoe7G168700.1.p
OG0007107	VIT_209s0002g03960.1	Aqcoe7G160700.1.p
OG0007108	VIT_200s0338g00010.1	Aqcoe7G098500.1.p
OG0007109	VIT_204s0008g03830.1	Aqcoe7G175600.1.p
OG0007110	VIT_219s0090g00070.2, VIT_219s0090g00110.1, VIT_219s0090g00070.1	Aqcoe7G336700.2.p, Aqcoe7G336700.3.p, Aqcoe7G336700.1.p
OG0007111	VIT_211s0016g05770.1	Aqcoe7G381900.1.p
OG0007112	VIT_216s0098g01760.1, VIT_216s0098g01760.2, VIT_216s0098g01760.4, VIT_216s0098g01760.3	Aqcoe7G057200.1.p, Aqcoe7G057200.3.p, Aqcoe7G057200.2.p
OG0007113	VIT_204s0008g06490.3, VIT_204s0008g06490.2, VIT_204s0008g06490.1, VIT_204s0008g06490.4	Aqcoe7G376900.2.p, Aqcoe7G376900.1.p
OG0007114	VIT_204s0008g04950.1	Aqcoe7G197700.1.p
OG0007115	VIT_211s0016g01980.2, VIT_211s0016g01980.1, VIT_211s0016g01980.3, VIT_209s0002g01690.1	Aqcoe7G425700.1.p
OG0007116	VIT_202s0012g02120.2, VIT_202s0012g02120.1	Aqcoe3G170900.1.p, Aqcoe7G385400.1.p
OG0007117	VIT_218s0001g14540.6, VIT_218s0001g14540.3, VIT_218s0001g14540.2, VIT_218s0001g14540.1	Aqcoe7G252800.1.p, Aqcoe7G252800.2.p
OG0007118	VIT_216s0098g00640.1, VIT_216s0098g00640.2	Aqcoe7G295800.1.p
OG0007119	VIT_209s0002g03440.1	Aqcoe7G420800.1.p
OG0007120	VIT_215s0046g01350.2, VIT_215s0046g01350.4, VIT_215s0046g01350.3, VIT_215s0046g01350.1	Aqcoe7G017000.1.p
OG0007121	VIT_213s0019g01260.3, VIT_213s0019g01260.1, VIT_213s0019g01260.2	Aqcoe1G462500.1.p
OG0007122	VIT_208s0217g00110.4, VIT_208s0217g00110.3, VIT_208s0217g00110.2, VIT_208s0217g00110.1	Aqcoe1G410700.5.p, Aqcoe1G410700.4.p, Aqcoe1G410700.2.p, Aqcoe1G410700.1.p, Aqcoe1G410700.6.p, Aqcoe1G410700.3.p
OG0007123	VIT_208s0040g02610.1, VIT_206s0004g04110.1	Aqcoe1G472700.3.p, Aqcoe1G472700.1.p, Aqcoe1G472700.2.p
OG0007124	VIT_219s0015g01210.3, VIT_219s0015g01210.2	Aqcoe1G380000.1.p
OG0007125	VIT_208s0007g06490.4, VIT_208s0007g06490.1, VIT_208s0007g06490.3, VIT_208s0007g06490.6, VIT_208s0007g06490.5, VIT_208s0007g06490.2	Aqcoe1G057300.1.p
OG0007126	VIT_213s0067g00860.2, VIT_213s0067g00860.1, VIT_213s0067g00860.3, VIT_206s0004g06600.1	Aqcoe1G421100.1.p
OG0007127	VIT_215s0024g00280.1, VIT_215s0024g00260.1	Aqcoe1G155100.1.p
OG0007128	VIT_219s0015g00140.1, VIT_219s0015g00140.2, VIT_219s0015g00140.3	Aqcoe1G385000.1.p
OG0007129	VIT_200s0583g00020.3, VIT_200s0583g00020.2, VIT_200s0583g00020.1, VIT_212s0059g00180.1	Aqcoe1G273900.1.p
OG0007130	VIT_206s0004g00080.1, VIT_206s0004g00090.1	Aqcoe1G011000.2.p, Aqcoe1G011000.3.p, Aqcoe1G011000.1.p
OG0007131	VIT_208s0056g01350.1	Aqcoe1G066100.1.p
OG0007132	VIT_208s0007g01370.1, VIT_213s0019g02690.1	Aqcoe1G094100.1.p
OG0007133	VIT_207s0005g01640.1, VIT_205s0077g00970.1	Aqcoe1G219800.1.p
OG0007134	VIT_201s0137g00660.1, VIT_201s0137g00660.2	Aqcoe1G479800.3.p, Aqcoe1G479800.2.p, Aqcoe1G479800.1.p, Aqcoe1G479800.4.p, Aqcoe3G325500.1.p
OG0007135	VIT_212s0059g02020.1	Aqcoe1G333600.1.p
OG0007136	VIT_219s0014g05130.1, VIT_219s0014g05130.3	Aqcoe1G365400.1.p
OG0007137	VIT_208s0058g00760.1	Aqcoe3G364500.1.p
OG0007138	VIT_206s0004g04910.4, VIT_206s0004g04910.3, VIT_206s0004g04910.2, VIT_206s0004g04910.1	Aqcoe1G109900.1.p
OG0007140	VIT_201s0010g00400.6, VIT_201s0010g00400.5, VIT_201s0010g00400.2, VIT_201s0010g00400.1, VIT_201s0010g00400.3, VIT_201s0010g00400.4	Aqcoe1G160100.2.p, Aqcoe1G160100.1.p
OG0007141	VIT_200s0404g00080.1	Aqcoe1G310000.1.p
OG0007142	VIT_213s0067g03030.1, VIT_213s0067g03030.2	Aqcoe1G407100.1.p
OG0007143	VIT_208s0058g01410.1, VIT_213s0067g03170.1	Aqcoe1G502200.3.p, Aqcoe1G502200.1.p, Aqcoe1G502200.2.p
OG0007144	VIT_208s0040g02880.2, VIT_208s0040g02880.1, VIT_208s0040g02880.3	Aqcoe1G480700.1.p
OG0007145	VIT_214s0066g00340.1	Aqcoe5G106700.3.p, Aqcoe5G106700.2.p, Aqcoe5G106700.4.p, Aqcoe5G106700.1.p, Aqcoe1G480200.1.p, Aqcoe1G480200.2.p
OG0007146	VIT_205s0062g01420.1	Aqcoe1G006100.3.p, Aqcoe1G006100.2.p, Aqcoe1G006100.1.p, Aqcoe1G001800.1.p, Aqcoe1G001800.2.p, Aqcoe3G015200.1.p
OG0007147	VIT_208s0007g02910.1, VIT_208s0007g02910.3	Aqcoe1G438800.1.p
OG0007148	VIT_211s0052g00980.1	Aqcoe1G215700.1.p
OG0007149	VIT_206s0004g04530.1	Aqcoe1G464000.1.p
OG0007150	VIT_200s0586g00020.1, VIT_200s0586g00020.2	Aqcoe1G313400.1.p
OG0007151	VIT_208s0007g03420.1	Aqcoe1G446600.1.p
OG0007152	VIT_200s0186g00010.1, VIT_207s0185g00170.2, VIT_207s0185g00170.1	Aqcoe1G211400.1.p
OG0007153	VIT_206s0004g04610.1	Aqcoe1G461800.1.p, Aqcoe1G461800.3.p, Aqcoe1G461800.2.p
OG0007154	VIT_213s0158g00120.1, VIT_213s0158g00120.2	Aqcoe1G036500.1.p
OG0007155	VIT_213s0067g00840.2, VIT_213s0067g00840.1	Aqcoe1G421300.1.p, Aqcoe5G286100.1.p, Aqcoe5G286100.2.p
OG0007156	VIT_213s0019g00590.3, VIT_213s0019g00590.1, VIT_213s0019g00590.2, VIT_213s0019g00590.4	Aqcoe1G468800.3.p, Aqcoe1G468800.1.p, Aqcoe1G468800.2.p
OG0007157	VIT_213s0067g02510.1, VIT_213s0067g02510.2, VIT_213s0067g02510.5, VIT_213s0067g02510.3, VIT_213s0067g02510.4	Aqcoe1G399200.3.p, Aqcoe1G399200.5.p, Aqcoe1G399200.4.p, Aqcoe1G399200.1.p, Aqcoe1G399200.2.p, Aqcoe1G399500.1.p
OG0007158	VIT_206s0004g03300.4, VIT_206s0004g03300.3, VIT_206s0004g03300.2, VIT_206s0004g03300.1	Aqcoe3G280900.1.p, Aqcoe1G491200.1.p
OG0007159	VIT_209s0018g01760.1	Aqcoe1G426200.1.p
OG0007160	VIT_217s0053g00610.2, VIT_217s0053g00610.3, VIT_217s0053g00610.1, VIT_212s0134g00160.1	Aqcoe1G372900.1.p
OG0007161	VIT_217s0000g01920.1	Aqcoe1G302400.1.p, Aqcoe3G241800.1.p
OG0007162	VIT_201s0011g01930.1, VIT_201s0011g01930.2	Aqcoe1G165900.2.p, Aqcoe1G165900.1.p
OG0007163	VIT_213s0019g03610.3, VIT_213s0019g03610.1, VIT_213s0019g03610.2	Aqcoe1G489400.1.p, Aqcoe1G489400.2.p, Aqcoe1G489400.3.p
OG0007164	VIT_206s0004g02690.3, VIT_206s0004g02690.4, VIT_206s0004g02690.1, VIT_206s0004g02690.2	Aqcoe1G141700.1.p
OG0007165	VIT_212s0028g00610.1	Aqcoe1G192500.1.p
OG0007166	VIT_206s0080g00890.1, VIT_206s0080g00890.4, VIT_206s0080g00890.3, VIT_206s0080g00890.2	Aqcoe1G001000.1.p
OG0007167	VIT_205s0077g01180.1	Aqcoe5G320300.1.p, Aqcoe5G184100.1.p, Aqcoe1G236400.2.p, Aqcoe1G236400.4.p, Aqcoe1G236400.1.p, Aqcoe1G236400.3.p
OG0007168	VIT_210s0003g04940.1, VIT_210s0003g04940.2, VIT_210s0003g04940.3, VIT_210s0003g04940.4	Aqcoe1G011500.1.p, Aqcoe1G011500.2.p
OG0007169	VIT_213s0067g02980.1, VIT_208s0058g01170.1, VIT_208s0058g01170.2	Aqcoe1G401600.1.p
OG0007170	VIT_212s0057g01510.2, VIT_212s0057g01510.1	Aqcoe1G380200.1.p
OG0007171	VIT_213s0067g02240.2, VIT_213s0067g02240.1	Aqcoe1G396000.1.p, Aqcoe1G396000.2.p
OG0007172	VIT_219s0014g00350.1	Aqcoe1G210500.2.p, Aqcoe1G210500.1.p
OG0007173	VIT_219s0015g01150.1, VIT_219s0015g01150.2	Aqcoe1G377400.1.p
OG0007174	VIT_208s0032g00290.3, VIT_208s0032g00290.4, VIT_208s0032g00290.2, VIT_208s0032g00290.1	Aqcoe1G067900.1.p
OG0007175	VIT_208s0040g01280.3, VIT_208s0040g01280.2, VIT_208s0040g01280.1	Aqcoe1G041000.1.p
OG0007176	VIT_219s0090g00885.1	Aqcoe1G297700.1.p
OG0007177	VIT_212s0059g00890.1	Aqcoe1G297100.1.p
OG0007178	VIT_203s0088g00280.1	Aqcoe1G029500.2.p, Aqcoe1G029500.3.p, Aqcoe1G029500.1.p
OG0007179	VIT_208s0007g06270.1	Aqcoe1G017300.1.p
OG0007180	VIT_208s0040g02340.4, VIT_208s0040g02340.2, VIT_208s0040g02340.1, VIT_208s0040g02340.3	Aqcoe1G492000.1.p
OG0007181	VIT_208s0007g04140.3, VIT_208s0007g04140.2, VIT_208s0007g04140.1	Aqcoe1G113300.1.p
OG0007182	VIT_219s0015g00450.1	Aqcoe1G187300.1.p
OG0007183	VIT_219s0014g00860.1, VIT_210s0003g01800.5, VIT_210s0003g01800.3, VIT_210s0003g01800.2, VIT_210s0003g01800.1, VIT_210s0003g01800.4	Aqcoe1G215800.1.p
OG0007184	VIT_213s0147g00100.1, VIT_208s0007g03190.2, VIT_208s0007g03190.1, VIT_208s0007g03190.3	Aqcoe1G443800.1.p
OG0007185	VIT_208s0058g00680.1, VIT_208s0058g00680.2, VIT_208s0058g00680.4, VIT_208s0058g00680.3	Aqcoe1G437500.1.p
OG0007186	VIT_210s0003g03500.1, VIT_210s0003g03500.2, VIT_210s0003g03500.4, VIT_210s0003g03500.3	Aqcoe1G190000.4.p, Aqcoe1G190000.5.p, Aqcoe1G190000.3.p, Aqcoe1G190000.2.p, Aqcoe1G190000.1.p
OG0007187	VIT_212s0057g01260.4, VIT_212s0057g01260.5, VIT_212s0057g01260.1, VIT_212s0057g01260.3, VIT_212s0057g01260.2	Aqcoe1G296000.1.p
OG0007189	VIT_213s0156g00170.1, VIT_213s0156g00170.2	Aqcoe1G003500.1.p
OG0007190	VIT_212s0028g00450.5, VIT_212s0028g00450.4, VIT_212s0028g00450.3, VIT_212s0028g00450.2, VIT_212s0028g00450.1	Aqcoe1G409600.1.p, Aqcoe3G143700.1.p, Aqcoe1G409600.2.p
OG0007191	VIT_206s0004g06850.1	Aqcoe1G413600.1.p
OG0007192	VIT_208s0040g01750.1	Aqcoe1G149000.1.p
OG0007193	VIT_200s2364g00010.1, VIT_200s0374g00050.1, VIT_200s2497g00010.1	Aqcoe1G253700.2.p, Aqcoe1G253700.1.p, Aqcoe1G253700.3.p
OG0007194	VIT_208s0040g02540.2, VIT_208s0040g02540.3, VIT_208s0040g02540.1	Aqcoe1G472100.1.p, Aqcoe1G472100.2.p, Aqcoe1G472100.3.p
OG0007195	VIT_208s0058g01310.4, VIT_208s0058g01310.1, VIT_208s0058g01310.2, VIT_208s0058g01310.3	Aqcoe1G407200.2.p, Aqcoe1G407200.3.p, Aqcoe1G407200.1.p
OG0007196	VIT_219s0090g00940.2, VIT_219s0090g00940.1	Aqcoe1G371600.3.p, Aqcoe1G371600.4.p, Aqcoe1G371600.1.p, Aqcoe1G371600.2.p
OG0007197	VIT_210s0003g05020.1, VIT_210s0003g05020.3, VIT_210s0003g05020.4, VIT_210s0003g05020.2	Aqcoe1G179000.1.p, Aqcoe1G179000.3.p, Aqcoe1G179000.4.p, Aqcoe1G179000.2.p
OG0007198	VIT_218s0089g00360.2, VIT_218s0089g00360.1	Aqcoe5G217600.1.p, Aqcoe5G217400.1.p
OG0007199	VIT_202s0025g01560.1, VIT_202s0025g01580.1, VIT_202s0025g01560.2, VIT_202s0025g01580.2	Aqcoe5G215200.2.p, Aqcoe5G215200.3.p, Aqcoe5G215200.1.p
OG0007200	VIT_215s0048g00640.1, VIT_202s0154g00350.1	Aqcoe5G418500.1.p
OG0007201	VIT_218s0122g00080.1	Aqcoe5G106400.1.p
OG0007202	VIT_200s0229g00020.1	Aqcoe5G215900.2.p, Aqcoe5G215900.3.p, Aqcoe5G215900.1.p
OG0007203	VIT_208s0007g07680.1	Aqcoe5G309400.1.p
OG0007204	VIT_210s0071g00940.4, VIT_210s0071g00940.3, VIT_210s0071g00940.1, VIT_210s0071g00940.2, VIT_210s0071g00930.1	Aqcoe5G029900.1.p
OG0007205	VIT_218s0001g02090.1, VIT_218s0001g02090.2	Aqcoe5G284100.1.p
OG0007206	VIT_217s0000g09080.2, VIT_217s0000g09080.3, VIT_217s0000g09080.1	Aqcoe5G403100.1.p
OG0007207	VIT_214s0171g00310.1, VIT_214s0171g00310.3, VIT_214s0171g00310.2	Aqcoe5G371600.1.p, Aqcoe5G371600.2.p
OG0007208	VIT_218s0122g00090.1	Aqcoe5G106900.2.p, Aqcoe5G106900.1.p
OG0007209	VIT_203s0088g00330.1	Aqcoe5G095000.1.p, Aqcoe3G218900.1.p, Aqcoe5G452900.1.p
OG0007210	VIT_216s0098g01710.2, VIT_216s0098g01710.1	Aqcoe5G460900.1.p, Aqcoe3G377100.2.p, Aqcoe3G377100.3.p, Aqcoe3G377100.1.p
OG0007211	VIT_203s0063g02300.2, VIT_203s0063g02300.1, VIT_203s0063g02300.3	Aqcoe5G196100.1.p, Aqcoe5G196100.2.p
OG0007212	VIT_217s0000g01360.1	Aqcoe5G357100.1.p, Aqcoe3G073600.1.p
OG0007213	VIT_210s0042g00140.2, VIT_210s0042g00140.1	Aqcoe5G474300.1.p
OG0007214	VIT_204s0008g02780.1, VIT_204s0008g02780.2	Aqcoe5G336100.1.p
OG0007215	VIT_217s0000g01720.1	Aqcoe5G368000.1.p
OG0007216	VIT_204s0043g00570.2, VIT_204s0043g00570.1	Aqcoe5G009600.1.p, Aqcoe5G009600.2.p
OG0007217	VIT_205s0020g00340.1, VIT_205s0077g00420.1, VIT_205s0077g00170.1, VIT_205s0077g00410.1	Aqcoe5G298400.1.p
OG0007218	VIT_207s0031g00730.1	Aqcoe5G152700.1.p, Aqcoe5G152700.2.p
OG0007219	VIT_216s0039g02630.3, VIT_216s0039g02630.1, VIT_216s0039g02630.2, VIT_216s0039g02630.4	Aqcoe5G031400.1.p
OG0007220	VIT_205s0077g00580.1, VIT_205s0077g00580.4, VIT_205s0077g00580.5, VIT_205s0077g00580.3, VIT_205s0077g00580.2	Aqcoe5G268600.1.p
OG0007221	VIT_208s0007g08770.4, VIT_208s0007g08770.2, VIT_208s0007g08770.1, VIT_208s0007g08770.3	Aqcoe5G380200.2.p, Aqcoe5G380200.1.p
OG0007222	VIT_218s0089g00190.1, VIT_218s0089g00170.1, VIT_218s0089g00160.2, VIT_218s0089g00160.1, VIT_218s0089g00140.1, VIT_218s0089g00180.1, VIT_218s0089g00200.1	Aqcoe5G247000.1.p, Aqcoe5G247100.1.p, Aqcoe5G247200.1.p
OG0007223	VIT_218s0122g00840.1	Aqcoe5G114700.4.p, Aqcoe5G114700.3.p, Aqcoe5G114700.2.p, Aqcoe5G114700.1.p
OG0007224	VIT_201s0010g02900.1	Aqcoe5G364500.1.p
OG0007225	VIT_214s0060g01680.1	Aqcoe5G094100.1.p
OG0007226	VIT_204s0023g01390.1	Aqcoe5G197400.1.p
OG0007227	VIT_214s0108g00710.2, VIT_214s0108g00710.3, VIT_214s0108g00710.1	Aqcoe5G107600.1.p, Aqcoe5G093500.1.p
OG0007228	VIT_214s0066g00150.1, VIT_214s0066g00150.2	Aqcoe5G389300.2.p, Aqcoe5G389300.3.p, Aqcoe5G389300.4.p, Aqcoe5G389300.1.p
OG0007229	VIT_201s0137g00280.6, VIT_201s0137g00280.4, VIT_201s0137g00280.2, VIT_201s0137g00280.5	Aqcoe5G383900.1.p
OG0007230	VIT_218s0001g15700.1	Aqcoe5G237700.1.p
OG0007231	VIT_214s0068g01770.1, VIT_201s0010g03930.1, VIT_217s0000g01280.1	Aqcoe5G350500.1.p
OG0007232	VIT_207s0104g01120.2, VIT_207s0104g01120.1	Aqcoe5G071500.2.p, Aqcoe5G071500.1.p
OG0007233	VIT_201s0150g00160.1, VIT_214s0068g01030.1	Aqcoe5G327900.1.p
OG0007234	VIT_201s0146g00170.6, VIT_201s0146g00170.4, VIT_201s0146g00170.2, VIT_201s0146g00170.3, VIT_201s0146g00170.1	Aqcoe5G346400.1.p, Aqcoe5G346400.5.p, Aqcoe5G346400.4.p, Aqcoe5G346400.2.p
OG0007234	VIT_201s0146g00170.5	Aqcoe5G346400.3.p
OG0007235	VIT_216s0022g00320.1, VIT_216s0022g00320.2, VIT_216s0022g00320.3	Aqcoe5G412800.1.p
OG0007236	VIT_200s1683g00010.1, VIT_200s1683g00010.2, VIT_200s1818g00020.1	Aqcoe5G128100.1.p, Aqcoe5G128100.2.p, Aqcoe5G128100.3.p
OG0007237	VIT_207s0151g00460.1, VIT_207s0151g00460.2, VIT_207s0151g00460.3	Aqcoe5G049900.1.p, Aqcoe5G049900.2.p
OG0007238	VIT_203s0038g03950.1, VIT_203s0038g03950.2, VIT_207s0031g02290.1	Aqcoe5G114900.1.p
OG0007239	VIT_214s0066g00450.1	Aqcoe5G400700.1.p
OG0007240	VIT_205s0020g04760.1	Aqcoe5G038500.2.p, Aqcoe5G038500.1.p, Aqcoe3G126500.1.p
OG0007241	VIT_218s0001g01060.1, VIT_218s0001g01050.1	Aqcoe5G130900.1.p
OG0007242	VIT_201s0137g00500.1	Aqcoe3G138600.1.p, Aqcoe5G392500.1.p
OG0007243	VIT_215s0021g00920.1	Aqcoe5G339500.1.p
OG0007244	VIT_205s0020g03160.1, VIT_205s0020g03160.2	Aqcoe5G057400.1.p
OG0007245	VIT_205s0051g00870.2	Aqcoe5G006600.1.p, Aqcoe5G006600.2.p
OG0007246	VIT_217s0000g09320.1, VIT_217s0000g09320.3, VIT_217s0000g09320.2	Aqcoe5G398000.2.p, Aqcoe5G398000.3.p, Aqcoe5G398000.1.p, Aqcoe5G398000.4.p
OG0007247	VIT_201s0011g04410.1	Aqcoe5G414200.1.p, Aqcoe5G414200.2.p
OG0007248	VIT_214s0066g00270.3, VIT_214s0066g00270.1, VIT_214s0066g00270.2	Aqcoe5G394400.1.p
OG0007249	VIT_217s0000g09690.2, VIT_217s0000g09690.1	Aqcoe3G137500.1.p
OG0007250	VIT_214s0060g02680.4, VIT_214s0060g02680.2, VIT_214s0060g02680.1, VIT_214s0060g02680.3	Aqcoe5G076900.1.p
OG0007251	VIT_215s0021g02190.1, VIT_215s0021g02190.2	Aqcoe5G448300.1.p
OG0007252	VIT_218s0075g00220.1, VIT_218s0075g00220.2, VIT_218s0075g00220.4, VIT_218s0075g00220.3	Aqcoe5G276700.1.p
OG0007253	VIT_218s0001g09100.4, VIT_218s0001g09100.3, VIT_218s0001g09100.2, VIT_218s0001g09100.1	Aqcoe5G101900.1.p, Aqcoe5G101900.2.p
OG0007254	VIT_218s0001g10820.1	Aqcoe5G450300.1.p
OG0007256	VIT_214s0068g01790.1	Aqcoe5G352200.1.p
OG0007257	VIT_217s0000g01270.2, VIT_217s0000g01270.3, VIT_217s0000g01270.4, VIT_217s0000g01270.5, VIT_217s0000g01270.1	Aqcoe5G351200.1.p
OG0007258	VIT_207s0005g01280.1, VIT_208s0105g00410.1	Aqcoe5G464400.1.p
OG0007259	VIT_215s0021g02680.1	Aqcoe5G413600.1.p
OG0007260	VIT_214s0066g01710.1	Aqcoe3G109800.1.p, Aqcoe3G109900.1.p, Aqcoe5G016700.1.p
OG0007261	VIT_217s0000g00770.1, VIT_201s0146g00280.1	Aqcoe5G344500.1.p, Aqcoe3G158300.1.p
OG0007262	VIT_202s0025g04700.1	Aqcoe5G422300.1.p
OG0007263	VIT_218s0089g00610.2, VIT_218s0089g00610.1	Aqcoe5G217100.1.p
OG0007264	VIT_202s0154g00510.3, VIT_202s0154g00510.2, VIT_202s0154g00510.1	Aqcoe5G415800.1.p, Aqcoe5G415800.3.p, Aqcoe5G415800.2.p
OG0007265	VIT_218s0001g00570.1	Aqcoe5G108100.2.p, Aqcoe5G108100.1.p
OG0007266	VIT_205s0077g00560.3, VIT_205s0077g00560.2, VIT_205s0077g00560.1	Aqcoe5G268500.2.p, Aqcoe5G268500.3.p, Aqcoe5G268500.1.p
OG0007267	VIT_215s0048g00900.2, VIT_215s0048g00900.1	Aqcoe5G030200.1.p
OG0007268	VIT_214s0068g00810.4, VIT_214s0068g00810.3, VIT_214s0068g00810.1, VIT_214s0068g00810.2	Aqcoe5G323200.1.p, Aqcoe5G323200.2.p, Aqcoe5G323200.3.p
OG0007269	VIT_210s0071g01100.1	Aqcoe3G443300.1.p
OG0007270	VIT_217s0000g00660.2, VIT_217s0000g00660.3, VIT_217s0000g00660.1	Aqcoe3G386600.2.p, Aqcoe3G386600.1.p
OG0007271	VIT_219s0090g00470.1, VIT_219s0090g00470.4, VIT_219s0090g00470.3, VIT_219s0090g00470.2	Aqcoe3G178500.5.p, Aqcoe3G178500.4.p, Aqcoe3G178500.2.p, Aqcoe3G178500.1.p, Aqcoe3G178500.7.p, Aqcoe3G178500.8.p, Aqcoe3G178500.6.p, Aqcoe3G178500.9.p, Aqcoe3G178500.3.p
OG0007272	VIT_217s0000g06420.1	Aqcoe3G346900.1.p
OG0007273	VIT_217s0000g03980.4, VIT_217s0000g03980.2, VIT_217s0000g03980.3, VIT_217s0000g03980.1	Aqcoe3G044400.1.p
OG0007274	VIT_212s0057g00630.1	Aqcoe3G322100.1.p
OG0007275	VIT_214s0108g01320.1	Aqcoe3G354000.1.p
OG0007276	VIT_200s0682g00010.1, VIT_200s0682g00020.1, VIT_200s0322g00040.1	Aqcoe3G300600.1.p, Aqcoe3G050600.1.p
OG0007277	VIT_216s0039g02760.2, VIT_216s0039g02760.1	Aqcoe3G243000.2.p, Aqcoe3G243000.1.p
OG0007278	VIT_214s0006g00380.2, VIT_214s0006g00380.1	Aqcoe3G414000.2.p, Aqcoe3G414000.1.p
OG0007279	VIT_204s0043g00290.1, VIT_204s0043g00300.3, VIT_204s0043g00300.2, VIT_204s0043g00300.5, VIT_204s0043g00300.1, VIT_204s0043g00300.4	Aqcoe3G410200.1.p
OG0007280	VIT_214s0108g00970.1	Aqcoe3G342200.1.p
OG0007281	VIT_204s0043g00220.1, VIT_217s0053g00880.1	Aqcoe3G428500.1.p
OG0007282	VIT_205s0094g00400.2, VIT_205s0094g00400.1	Aqcoe3G076000.1.p
OG0007283	VIT_201s0010g01195.1, VIT_201s0010g01160.3, VIT_201s0010g01160.1, VIT_201s0010g01160.2	Aqcoe3G436400.1.p
OG0007284	VIT_201s0010g01670.1, VIT_201s0010g01670.2, VIT_201s0010g01670.3	Aqcoe3G430700.1.p, Aqcoe3G430700.2.p
OG0007285	VIT_212s0034g01910.1, VIT_212s0034g01900.1, VIT_212s0034g01890.1, VIT_212s0034g01950.1, VIT_212s0034g01930.1, VIT_212s0034g01870.1, VIT_212s0034g01980.1, VIT_212s0034g01980.3, VIT_212s0034g01980.2, VIT_212s0034g01970.1, VIT_212s0034g02000.1	Aqcoe3G346600.1.p, Aqcoe3G346500.1.p
OG0007286	VIT_214s0108g01330.1, VIT_201s0010g00480.1	Aqcoe3G355500.1.p
OG0007287	VIT_207s0255g00080.1, VIT_203s0063g01455.1, VIT_203s0063g01450.1	Aqcoe3G168000.1.p
OG0007288	VIT_201s0011g00070.4, VIT_201s0011g00070.5, VIT_201s0011g00070.3, VIT_201s0011g00070.1, VIT_201s0011g00070.2	Aqcoe3G374800.1.p
OG0007289	VIT_210s0003g05660.1, VIT_208s0040g01030.1	Aqcoe3G026600.1.p, Aqcoe3G026600.2.p, Aqcoe3G026600.3.p, Aqcoe3G288300.1.p
OG0007290	VIT_214s0006g01750.1	Aqcoe3G018300.1.p, Aqcoe3G018300.2.p
OG0007291	VIT_201s0011g03600.1	Aqcoe3G037600.1.p
OG0007292	VIT_204s0069g00990.1	Aqcoe3G443800.1.p
OG0007293	VIT_217s0000g00610.1	Aqcoe3G156500.1.p
OG0007294	VIT_214s0006g01530.1	Aqcoe3G017000.1.p
OG0007295	VIT_214s0066g02600.1	Aqcoe3G325800.3.p, Aqcoe3G325800.4.p, Aqcoe3G325800.2.p, Aqcoe3G325800.1.p
OG0007296	VIT_216s0013g01930.2, VIT_216s0013g01930.1	Aqcoe3G270900.1.p
OG0007297	VIT_214s0066g01110.2, VIT_214s0066g01110.1	Aqcoe3G288000.1.p
OG0007298	VIT_217s0000g08970.1, VIT_217s0000g08970.4, VIT_217s0000g08970.5, VIT_217s0000g08970.2, VIT_217s0000g08970.3, VIT_214s0066g00800.1	Aqcoe3G151800.1.p, Aqcoe3G148200.1.p
OG0007299	VIT_210s0071g00950.4, VIT_210s0071g00950.1, VIT_210s0071g00950.2, VIT_210s0071g00950.3	Aqcoe3G441800.1.p, Aqcoe3G441800.2.p
OG0007300	VIT_201s0127g00060.1	Aqcoe3G278200.1.p
OG0007301	VIT_217s0000g02970.1, VIT_217s0000g02990.1	Aqcoe3G088800.1.p
OG0007302	VIT_215s0046g01030.1	Aqcoe3G037900.1.p
OG0007303	VIT_217s0000g00960.1, VIT_217s0000g00960.2	Aqcoe3G161500.4.p, Aqcoe3G161500.3.p, Aqcoe3G161500.1.p, Aqcoe3G161500.2.p
OG0007304	VIT_214s0066g01530.1	Aqcoe3G116800.1.p, Aqcoe3G117100.1.p
OG0007307	VIT_210s0071g00300.2, VIT_210s0071g00300.3, VIT_210s0071g00300.1	Aqcoe3G439900.1.p
OG0007308	VIT_216s0098g00840.1	Aqcoe3G224000.1.p
OG0007309	VIT_214s0066g00880.1	Aqcoe3G279400.2.p, Aqcoe3G279400.1.p
OG0007310	VIT_201s0026g02310.1	Aqcoe3G080200.1.p, Aqcoe3G336200.1.p
OG0007311	VIT_201s0026g00050.6, VIT_201s0026g00050.7, VIT_217s0000g09830.1, VIT_201s0026g00050.9, VIT_201s0026g00050.8, VIT_201s0026g00050.2, VIT_201s0026g00050.4, VIT_201s0026g00050.3, VIT_201s0026g00050.1	Aqcoe3G118000.1.p
OG0007312	VIT_214s0006g02860.3, VIT_214s0006g02860.2, VIT_214s0006g02860.4, VIT_214s0006g02860.1	Aqcoe3G401800.1.p
OG0007313	VIT_214s0083g00780.3, VIT_214s0083g00780.2, VIT_214s0083g00780.1	Aqcoe3G380800.4.p, Aqcoe3G380800.3.p, Aqcoe3G380800.2.p, Aqcoe3G380800.1.p
OG0007314	VIT_212s0035g00960.3, VIT_212s0035g00960.2, VIT_212s0035g00960.1	Aqcoe3G059200.1.p, Aqcoe3G059200.3.p, Aqcoe3G059200.2.p
OG0007315	VIT_201s0146g00020.2, VIT_201s0146g00020.1, VIT_201s0146g00040.1, VIT_201s0010g04010.1, VIT_201s0010g03996.1, VIT_201s0010g04015.1, VIT_201s0010g04002.1	Aqcoe3G181500.1.p
OG0007316	VIT_216s0039g02190.1, VIT_216s0039g02190.4, VIT_216s0039g02190.7, VIT_216s0039g02190.2, VIT_216s0039g02190.6, VIT_216s0039g02190.5, VIT_216s0039g02190.3	Aqcoe3G153100.1.p
OG0007317	VIT_201s0011g04680.1	Aqcoe3G018700.2.p, Aqcoe3G018700.1.p, Aqcoe3G402400.1.p
OG0007318	VIT_200s1231g00010.1	Aqcoe3G246800.1.p, Aqcoe3G246800.2.p
OG0007319	VIT_202s0012g01270.1	Aqcoe3G232500.1.p
OG0007320	VIT_216s0098g01180.1, VIT_216s0098g01180.2, VIT_216s0098g01180.3	Aqcoe3G274700.5.p, Aqcoe3G274700.1.p, Aqcoe3G274700.4.p, Aqcoe3G274700.2.p, Aqcoe3G274700.3.p
OG0007321	VIT_201s0011g00880.1	Aqcoe3G356900.2.p, Aqcoe3G356900.1.p
OG0007322	VIT_214s0066g00260.1, VIT_214s0066g00260.2, VIT_214s0066g00260.3	Aqcoe3G140900.3.p, Aqcoe3G140900.2.p, Aqcoe3G140900.1.p
OG0007323	VIT_207s0185g00130.1, VIT_201s0137g00600.2, VIT_201s0137g00600.3, VIT_201s0137g00600.1	Aqcoe3G139800.1.p
OG0007324	VIT_201s0011g02840.5, VIT_201s0011g02840.4, VIT_201s0011g02840.1, VIT_201s0011g02840.3, VIT_201s0011g02840.2	Aqcoe3G393800.1.p
OG0007325	VIT_215s0045g01230.2, VIT_215s0045g01230.1, VIT_218s0089g00020.1, VIT_218s0089g00020.2	Aqcoe3G252100.1.p
OG0007326	VIT_212s0028g01320.2, VIT_212s0028g01320.1, VIT_212s0028g01320.3, VIT_212s0028g01320.4	Aqcoe3G335800.1.p, Aqcoe3G335800.2.p
OG0007327	VIT_214s0108g00890.1, VIT_214s0108g00890.3, VIT_201s0026g02530.1, VIT_201s0026g02530.3	Aqcoe3G340200.3.p, Aqcoe3G340200.2.p, Aqcoe3G340200.1.p
OG0007328	VIT_201s0127g00220.1, VIT_201s0127g00220.2	Aqcoe3G280600.1.p
OG0007329	VIT_201s0011g02990.1, VIT_201s0011g02990.2	Aqcoe3G396000.1.p
OG0007330	VIT_202s0033g00230.1, VIT_202s0033g00230.2	Aqcoe3G246500.1.p
OG0007331	VIT_209s0018g01070.1, VIT_209s0018g00660.1, VIT_209s0018g00740.1, VIT_209s0018g00730.2, VIT_209s0018g00730.1, VIT_209s0018g00650.1, VIT_209s0018g00700.1	Aqcoe3G029600.3.p, Aqcoe3G029600.1.p, Aqcoe3G029600.2.p
OG0007332	VIT_208s0007g05330.1, VIT_208s0007g05330.2	Aqcoe3G027700.1.p
OG0007333	VIT_207s0237g00005.1, VIT_214s0108g00700.4, VIT_214s0108g00700.3, VIT_214s0108g00700.1, VIT_214s0108g00700.2	Aqcoe3G338800.2.p, Aqcoe3G338800.1.p
OG0007334	VIT_208s0007g00240.1	Aqcoe3G350400.1.p
OG0007335	VIT_214s0083g00910.1, VIT_214s0083g00910.2, VIT_214s0083g00910.4, VIT_214s0083g00910.5, VIT_214s0083g00910.3, VIT_214s0083g00910.6	Aqcoe3G378700.1.p
OG0007336	VIT_218s0089g01410.1	Aqcoe3G054800.1.p, Aqcoe3G054700.1.p
OG0007337	VIT_214s0068g01710.1	Aqcoe3G182200.1.p
OG0007338	VIT_214s0083g01020.4, VIT_214s0083g01020.1, VIT_214s0083g01020.2, VIT_214s0083g01020.3	Aqcoe3G066100.1.p
OG0007377	VIT_208s0040g01270.4, VIT_208s0040g01270.2, VIT_208s0040g01270.5, VIT_208s0040g01270.1, VIT_208s0040g01270.6, VIT_208s0040g01270.8, VIT_208s0040g01270.3, VIT_208s0040g01270.7	Aqcoe2G047500.1.p, Aqcoe2G048100.1.p
OG0007378	VIT_208s0058g00460.1	Aqcoe2G083700.1.p
OG0007379	VIT_214s0060g00850.3, VIT_214s0060g00850.4, VIT_214s0060g00850.2, VIT_214s0060g00850.1	Aqcoe2G263200.1.p, Aqcoe2G263200.2.p
OG0007380	VIT_205s0020g01500.1, VIT_207s0005g00120.2, VIT_207s0005g00120.1	Aqcoe2G327100.1.p, Aqcoe1G268300.1.p
OG0007381	VIT_213s0019g01190.1, VIT_213s0019g01150.1	Aqcoe2G032000.1.p, Aqcoe2G032100.1.p, Aqcoe2G032200.1.p
OG0007383	VIT_205s0020g02770.1, VIT_205s0020g02770.3	Aqcoe2G333700.1.p, Aqcoe2G333700.2.p
OG0007384	VIT_210s0071g00290.1	Aqcoe2G138000.3.p, Aqcoe2G138000.2.p, Aqcoe2G138000.1.p, Aqcoe2G002700.1.p
OG0007385	VIT_205s0062g00830.2, VIT_205s0062g00830.3, VIT_205s0062g00830.4, VIT_205s0062g00830.5, VIT_205s0062g00830.1	Aqcoe2G409700.2.p, Aqcoe2G409700.1.p, Aqcoe2G409700.3.p
OG0007386	VIT_214s0068g01210.1, VIT_214s0068g01210.2	Aqcoe2G316200.1.p
OG0007387	VIT_216s0098g01610.1	Aqcoe6G203600.2.p, Aqcoe6G203600.1.p, Aqcoe2G211500.1.p
OG0007388	VIT_200s2171g00010.1	Aqcoe5G004100.1.p, Aqcoe5G004100.3.p, Aqcoe2G004300.1.p, Aqcoe5G004100.2.p
OG0007389	VIT_200s0250g00040.1, VIT_200s0250g00040.3, VIT_200s0250g00040.2	Aqcoe2G159300.2.p, Aqcoe2G159300.1.p, Aqcoe2G159300.3.p
OG0007390	VIT_214s0030g01720.1	Aqcoe7G241800.1.p, Aqcoe4G125600.1.p, Aqcoe3G186000.1.p, Aqcoe7G179200.1.p, Aqcoe4G079800.1.p, Aqcoe5G360900.1.p, Aqcoe2G221600.1.p, Aqcoe2G344800.1.p
OG0007392	VIT_204s0023g00670.1	Aqcoe2G421400.1.p, Aqcoe2G421400.2.p
OG0007393	VIT_206s0004g02430.1	Aqcoe2G024000.1.p, Aqcoe1G025200.1.p
OG0007394	VIT_206s0061g00330.3, VIT_206s0061g00330.2, VIT_206s0061g00330.1	Aqcoe2G142700.1.p, Aqcoe2G142700.2.p
OG0007395	VIT_204s0023g03280.1	Aqcoe2G144600.2.p, Aqcoe2G144600.3.p, Aqcoe2G144600.5.p, Aqcoe2G144600.6.p, Aqcoe2G144600.1.p, Aqcoe2G144600.4.p
OG0007396	VIT_205s0077g01700.1, VIT_205s0077g01700.2	Aqcoe2G284800.1.p
OG0007397	VIT_206s0009g02680.2, VIT_206s0009g02680.3, VIT_206s0009g02680.1	Aqcoe2G048600.2.p, Aqcoe2G048600.4.p, Aqcoe2G048600.3.p, Aqcoe2G048600.1.p
OG0007398	VIT_202s0025g03430.1	Aqcoe7G032900.1.p, Aqcoe2G314300.1.p
OG0007399	VIT_205s0077g01100.2, VIT_205s0077g01100.1, VIT_205s0077g01100.3, VIT_205s0077g01100.4	Aqcoe2G273400.1.p
OG0007400	VIT_210s0092g00770.1	Aqcoe2G196300.1.p
OG0007401	VIT_207s0005g00810.1, VIT_207s0005g00800.1, VIT_207s0005g00790.1	Aqcoe2G287000.1.p, Aqcoe2G316900.1.p
OG0007402	VIT_205s0029g01340.2, VIT_205s0029g01340.1	Aqcoe2G402800.1.p, Aqcoe2G402800.2.p
OG0007403	VIT_214s0060g02120.2, VIT_214s0060g02120.3, VIT_214s0060g02120.1	Aqcoe2G297800.1.p, Aqcoe2G297800.2.p
OG0007404	VIT_205s0094g01480.1, VIT_205s0094g01480.2	Aqcoe2G313200.1.p
OG0007405	VIT_207s0005g02360.1, VIT_207s0005g02360.2, VIT_207s0005g02360.3, VIT_207s0005g02360.4	Aqcoe2G236800.2.p, Aqcoe2G236800.1.p
OG0007406	VIT_208s0007g05500.1	Aqcoe2G037200.2.p, Aqcoe2G037200.1.p, Aqcoe2G037200.3.p
OG0007407	VIT_200s0220g00080.2, VIT_200s0220g00080.1	Aqcoe2G437400.1.p, Aqcoe2G437400.2.p
OG0007408	VIT_216s0022g00060.1	Aqcoe2G060600.1.p, Aqcoe2G060600.2.p, Aqcoe7G301700.1.p
OG0007409	VIT_205s0029g00130.1, VIT_205s0029g00130.3, VIT_205s0029g00130.2	Aqcoe2G397100.1.p
OG0007410	VIT_207s0104g00240.1, VIT_207s0104g00240.2	Aqcoe2G332400.1.p, Aqcoe2G332400.2.p
OG0007411	VIT_204s0023g00940.1, VIT_204s0023g00940.2	Aqcoe2G429200.3.p, Aqcoe2G429200.1.p, Aqcoe2G429200.2.p
OG0007412	VIT_213s0064g00970.3, VIT_213s0064g00970.1, VIT_213s0064g00970.2	Aqcoe2G014300.1.p
OG0007413	VIT_206s0004g06820.1, VIT_206s0004g06820.2	Aqcoe2G090200.1.p
OG0007414	VIT_218s0001g11210.1	Aqcoe2G205100.3.p, Aqcoe2G205100.2.p, Aqcoe2G205100.1.p
OG0007415	VIT_205s0102g00570.1	Aqcoe1G324500.1.p, Aqcoe2G374600.1.p
OG0007416	VIT_208s0007g01100.1, VIT_208s0007g01100.2	Aqcoe2G232500.1.p
OG0007417	VIT_202s0025g02800.1	Aqcoe2G223400.1.p, Aqcoe1G269300.1.p
OG0007418	VIT_213s0106g00500.2, VIT_213s0106g00500.1, VIT_213s0106g00500.3, VIT_213s0106g00500.4	Aqcoe5G046800.1.p, Aqcoe2G137800.2.p, Aqcoe2G137800.1.p, Aqcoe2G137800.3.p
OG0007419	VIT_208s0007g03610.1, VIT_208s0007g03610.2	Aqcoe1G452000.1.p
OG0007420	VIT_205s0094g01410.3, VIT_205s0094g01410.1, VIT_205s0094g01410.4, VIT_205s0094g01410.5, VIT_205s0094g01410.2	Aqcoe2G138800.1.p
OG0007421	VIT_205s0020g01780.1	Aqcoe2G309300.1.p, Aqcoe5G076600.1.p
OG0007422	VIT_217s0000g04970.1, VIT_217s0000g04970.2	Aqcoe2G079600.2.p, Aqcoe2G079600.1.p
OG0007423	VIT_208s0007g03350.1	Aqcoe2G407300.1.p
OG0007424	VIT_215s0021g00430.3, VIT_215s0021g00430.2, VIT_215s0021g00430.1	Aqcoe5G257700.1.p, Aqcoe2G092300.2.p, Aqcoe2G092300.1.p, Aqcoe2G092300.3.p, Aqcoe3G238100.1.p, Aqcoe3G238100.2.p, Aqcoe2G092300.4.p, Aqcoe2G092300.5.p, Aqcoe2G092300.6.p
OG0007425	VIT_213s0019g01860.3, VIT_213s0019g01860.2, VIT_213s0019g01860.1	Aqcoe2G224000.2.p, Aqcoe2G224000.1.p
OG0007426	VIT_213s0156g00650.1, VIT_203s0088g00200.1, VIT_215s0048g00125.1, VIT_215s0021g02850.1	Aqcoe2G007900.1.p, Aqcoe3G170800.1.p, Aqcoe3G170800.2.p
OG0007427	VIT_210s0116g00140.1	Aqcoe2G106600.1.p, Aqcoe1G342500.1.p
OG0007428	VIT_205s0020g04180.1	Aqcoe7G148600.1.p, Aqcoe2G353700.2.p, Aqcoe2G353700.6.p, Aqcoe2G353700.5.p, Aqcoe2G353700.1.p, Aqcoe2G353700.4.p, Aqcoe2G353700.3.p
OG0007429	VIT_206s0061g00350.4, VIT_206s0061g00350.2, VIT_206s0061g00350.3, VIT_206s0061g00350.1	Aqcoe2G202800.1.p
OG0007430	VIT_213s0084g00110.1	Aqcoe2G072500.1.p
OG0007431	VIT_213s0067g02250.1	Aqcoe2G079700.1.p
OG0007432	VIT_204s0023g00380.1	Aqcoe2G426900.2.p, Aqcoe2G426900.1.p, Aqcoe7G218200.1.p, Aqcoe4G280400.1.p
OG0007434	VIT_207s0005g02500.2, VIT_207s0005g02500.3, VIT_207s0005g02500.4, VIT_207s0005g02500.1	Aqcoe2G240800.1.p
OG0007435	VIT_216s0022g00490.1, VIT_216s0022g00490.2	Aqcoe2G327800.1.p
OG0007436	VIT_206s0004g07680.1	Aqcoe2G079400.1.p, Aqcoe1G396600.1.p
OG0007437	VIT_208s0007g00970.1, VIT_213s0019g02310.1, VIT_206s0004g05480.2, VIT_206s0004g05480.1	Aqcoe2G231800.1.p
OG0007438	VIT_213s0074g00390.1	Aqcoe6G282500.1.p, Aqcoe2G128300.2.p, Aqcoe2G128300.1.p
OG0007439	VIT_200s0252g00070.2, VIT_200s0252g00070.1, VIT_200s0252g00070.3	Aqcoe2G025200.1.p
OG0007440	VIT_205s0051g00350.1	Aqcoe2G391700.1.p
OG0007441	VIT_213s0106g00640.1	Aqcoe2G139200.1.p
OG0007442	VIT_207s0005g00620.2, VIT_207s0005g00620.1	Aqcoe2G291800.1.p
OG0007443	VIT_205s0051g00490.1	Aqcoe2G394500.1.p
OG0007444	VIT_208s0007g07320.1	Aqcoe2G056600.1.p, Aqcoe1G056900.1.p
OG0007445	VIT_213s0074g00090.3, VIT_213s0074g00090.2, VIT_213s0074g00090.1	Aqcoe1G117800.1.p, Aqcoe1G117800.2.p, Aqcoe2G164600.1.p
OG0007446	VIT_207s0005g00910.1, VIT_207s0005g00910.3, VIT_207s0005g00910.4, VIT_207s0005g00910.5, VIT_207s0005g00910.2	Aqcoe2G284900.1.p
OG0007447	VIT_206s0004g07360.1	Aqcoe2G083800.1.p
OG0007448	VIT_208s0007g03270.4, VIT_208s0007g03270.2, VIT_208s0007g03270.1, VIT_208s0007g03270.3	Aqcoe2G107100.1.p, Aqcoe2G107100.2.p
OG0007449	VIT_206s0009g02140.2, VIT_206s0009g02140.1, VIT_206s0009g02060.1	Aqcoe2G359000.1.p
OG0007450	VIT_205s0020g01160.1, VIT_205s0020g01160.3, VIT_205s0020g01160.4, VIT_205s0020g01160.2	Aqcoe2G293900.1.p
OG0007451	VIT_211s0037g00740.2, VIT_211s0037g00740.1, VIT_211s0037g00790.1, VIT_211s0037g00800.1	Aqcoe7G350800.1.p, Aqcoe7G220300.1.p, Aqcoe2G178200.1.p
OG0007452	VIT_206s0061g01360.1	Aqcoe2G127800.1.p
OG0007453	VIT_209s0002g03510.1	Aqcoe2G225800.1.p
OG0007454	VIT_218s0001g06830.1	Aqcoe2G392500.3.p, Aqcoe2G392500.1.p, Aqcoe2G392500.2.p
OG0007455	VIT_214s0030g02190.1, VIT_214s0030g02190.2	Aqcoe2G278100.3.p, Aqcoe2G278100.2.p, Aqcoe2G278100.1.p
OG0007456	VIT_209s0002g04840.1, VIT_209s0002g04840.2, VIT_209s0002g07140.1	Aqcoe2G094900.1.p, Aqcoe7G395700.1.p
OG0007457	VIT_205s0077g02270.1	Aqcoe7G247100.1.p, Aqcoe3G340400.1.p, Aqcoe3G340400.2.p, Aqcoe2G055100.1.p
OG0007458	VIT_207s0005g06440.5, VIT_207s0005g06440.4, VIT_207s0005g06440.6, VIT_207s0005g06440.1, VIT_207s0005g06440.7, VIT_207s0005g06440.3, VIT_207s0005g06440.2	Aqcoe2G400500.2.p, Aqcoe2G400500.1.p
OG0007459	VIT_206s0061g01340.1, VIT_206s0061g01340.2	Aqcoe2G127600.1.p
OG0007460	VIT_205s0049g00140.1	Aqcoe2G369700.1.p, Aqcoe5G030700.1.p
OG0007461	VIT_206s0080g00880.2, VIT_206s0080g00880.1	Aqcoe2G116200.2.p, Aqcoe2G116200.3.p, Aqcoe2G116200.4.p, Aqcoe2G116200.1.p, Aqcoe1G438100.1.p
OG0007463	VIT_208s0007g04190.1, VIT_208s0007g04190.2	Aqcoe2G164800.1.p
OG0007464	VIT_213s0067g03330.1	Aqcoe2G037600.1.p
OG0007466	VIT_205s0077g00690.3, VIT_205s0077g00690.2, VIT_205s0077g00690.1	Aqcoe6G103700.1.p, Aqcoe2G268300.1.p
OG0007467	VIT_219s0140g00250.1, VIT_215s0107g00360.1, VIT_207s0005g06430.1, VIT_213s0047g00373.1, VIT_208s0105g00510.1, VIT_208s0105g00510.3, VIT_208s0105g00510.2	Aqcoe2G089800.1.p
OG0007468	VIT_205s0020g03600.3, VIT_205s0020g03600.1, VIT_205s0020g03600.5, VIT_205s0020g03600.6, VIT_205s0020g03600.2, VIT_205s0020g03600.4	Aqcoe2G346800.2.p, Aqcoe2G346800.1.p, Aqcoe5G053500.2.p, Aqcoe5G053500.1.p
OG0007469	VIT_200s0179g00350.2, VIT_200s0179g00350.1, VIT_200s0179g00350.3, VIT_200s0179g00350.4, VIT_205s0020g04480.1	Aqcoe2G355700.1.p
OG0007471	VIT_214s0066g00990.1, VIT_214s0066g00990.2	Aqcoe3G107600.4.p, Aqcoe3G107600.2.p, Aqcoe3G107600.3.p, Aqcoe3G107600.1.p, Aqcoe2G045900.2.p, Aqcoe2G045900.1.p
OG0007472	VIT_206s0004g05190.1	Aqcoe2G227400.2.p, Aqcoe2G227400.1.p
OG0007473	VIT_201s0026g02480.1	Aqcoe2G275500.1.p
OG0007474	VIT_206s0009g00850.1	Aqcoe2G070000.1.p, Aqcoe2G070000.2.p, Aqcoe1G074000.1.p, Aqcoe1G074000.2.p
OG0007475	VIT_207s0151g00620.1	Aqcoe2G349700.3.p, Aqcoe2G349700.2.p, Aqcoe2G349700.1.p
OG0007476	VIT_205s0020g03130.1	Aqcoe2G341000.3.p, Aqcoe2G341000.1.p, Aqcoe2G341000.2.p
OG0007477	VIT_203s0063g00370.1	Aqcoe6G141000.1.p
OG0007478	VIT_218s0001g08680.1	Aqcoe6G266400.1.p, Aqcoe6G266400.2.p
OG0007479	VIT_218s0001g13870.1, VIT_218s0001g13870.2	Aqcoe6G243300.1.p
OG0007481	VIT_207s0255g00060.3, VIT_207s0255g00060.2, VIT_207s0255g00060.4, VIT_207s0255g00060.1	Aqcoe6G099900.1.p, Aqcoe6G099900.2.p, Aqcoe6G099900.3.p
OG0007482	VIT_218s0001g13200.2, VIT_218s0001g13200.1	Aqcoe5G182600.1.p, Aqcoe6G130600.1.p
OG0007483	VIT_204s0023g01500.1	Aqcoe6G114600.1.p
OG0007484	VIT_212s0028g02450.1, VIT_203s0110g00190.1	Aqcoe6G262100.1.p
OG0007485	VIT_218s0001g01640.2, VIT_218s0001g01640.1, VIT_218s0001g01640.4, VIT_218s0001g01640.3	Aqcoe6G030800.1.p
OG0007486	VIT_218s0001g05730.1	Aqcoe6G082700.1.p
OG0007487	VIT_203s0038g03720.1	Aqcoe6G177200.1.p
OG0007489	VIT_203s0088g01180.1, VIT_218s0001g08230.1	Aqcoe5G219800.1.p, Aqcoe6G158100.1.p
OG0007490	VIT_217s0000g04560.2, VIT_217s0000g04560.4, VIT_217s0000g04560.3, VIT_217s0000g04560.1	Aqcoe6G279400.1.p, Aqcoe6G067200.1.p, Aqcoe3G077400.1.p
OG0007491	VIT_205s0077g00710.1, VIT_205s0077g00710.2	Aqcoe6G274400.1.p
OG0007492	VIT_218s0001g10510.4, VIT_218s0001g10510.2, VIT_218s0001g10510.1, VIT_218s0001g10510.3	Aqcoe6G141200.1.p
OG0007493	VIT_203s0038g02070.3, VIT_203s0038g02070.1, VIT_203s0038g02070.2	Aqcoe6G209300.1.p
OG0007494	VIT_207s0031g01500.2, VIT_207s0031g01500.3, VIT_207s0031g01500.1, VIT_213s0074g00490.1	Aqcoe6G052800.2.p, Aqcoe6G052800.1.p
OG0007495	VIT_203s0063g02270.1	Aqcoe6G263100.1.p
OG0007496	VIT_218s0001g12670.1, VIT_203s0038g04740.1	Aqcoe6G122500.1.p
OG0007497	VIT_201s0026g00180.1, VIT_201s0026g00180.5, VIT_201s0026g00180.7, VIT_201s0026g00180.4, VIT_201s0026g00180.2, VIT_201s0026g00180.6, VIT_201s0026g00180.3, VIT_214s0066g01540.1, VIT_214s0066g01540.2	Aqcoe6G188000.2.p, Aqcoe6G188000.1.p
OG0007498	VIT_203s0038g02640.2, VIT_203s0038g02640.4, VIT_203s0038g02640.3, VIT_203s0038g02640.1	Aqcoe0742s0001.3.p, Aqcoe0742s0001.2.p, Aqcoe0742s0001.1.p, Aqcoe6G204100.1.p
OG0007499	VIT_209s0002g07500.1, VIT_209s0002g07500.2	Aqcoe6G314800.1.p, Aqcoe6G314800.2.p
OG0007500	VIT_200s1291g00020.1, VIT_218s0001g07690.1	Aqcoe6G091800.1.p
OG0007501	VIT_207s0031g02540.1, VIT_218s0001g14950.1	Aqcoe5G264100.1.p, Aqcoe6G029000.1.p
OG0007502	VIT_200s0854g00010.1, VIT_200s1739g00010.1	Aqcoe7G183800.1.p, Aqcoe6G263600.1.p, Aqcoe6G261900.1.p
OG0007503	VIT_205s0062g01340.5, VIT_205s0062g01340.2, VIT_205s0062g01340.1, VIT_205s0062g01340.3, VIT_205s0062g01340.4	Aqcoe6G072300.1.p, Aqcoe6G072300.2.p
OG0007504	VIT_209s0002g01580.2, VIT_209s0002g01580.3, VIT_209s0002g01580.1, VIT_209s0002g01580.4	Aqcoe6G041900.2.p, Aqcoe6G041900.1.p
OG0007506	VIT_207s0031g01930.4, VIT_207s0031g01930.3, VIT_207s0031g01930.2, VIT_207s0031g01930.1	Aqcoe6G043900.1.p
OG0007507	VIT_207s0031g02500.1	Aqcoe6G032400.1.p, Aqcoe5G285000.1.p
OG0007508	VIT_218s0001g14920.1	Aqcoe6G215800.1.p
OG0007509	VIT_211s0052g01240.1, VIT_211s0052g01730.1, VIT_211s0052g01780.2, VIT_211s0052g01780.1, VIT_200s0218g00110.1	Aqcoe6G089700.1.p, Aqcoe6G089700.2.p
OG0007510	VIT_203s0038g03700.1	Aqcoe5G121600.1.p, Aqcoe6G181600.1.p
OG0007511	VIT_203s0132g00290.1	Aqcoe6G071600.1.p
OG0007512	VIT_207s0129g01000.1, VIT_218s0001g09700.1	Aqcoe6G307300.1.p, Aqcoe5G132100.1.p
OG0007513	VIT_200s0759g00010.1, VIT_200s0759g00010.3, VIT_200s0759g00010.2, VIT_200s0759g00010.4	Aqcoe6G021600.1.p
OG0007514	VIT_207s0031g02840.1	Aqcoe6G020900.1.p
OG0007516	VIT_218s0001g11930.1	Aqcoe6G108900.1.p
OG0007517	VIT_203s0180g00050.2, VIT_203s0180g00050.3, VIT_203s0180g00050.1	Aqcoe6G309800.1.p
OG0007518	VIT_218s0001g08630.1, VIT_218s0001g08630.3, VIT_218s0001g08630.4, VIT_218s0001g08630.2	Aqcoe6G259400.1.p
OG0007519	VIT_203s0063g01360.1	Aqcoe6G099200.1.p, Aqcoe6G099200.2.p
OG0007520	VIT_218s0001g03560.1	Aqcoe5G314400.2.p, Aqcoe5G314400.1.p, Aqcoe6G013000.1.p
OG0007521	VIT_216s0039g00730.1	Aqcoe6G221300.1.p
OG0007522	VIT_218s0001g00060.2, VIT_218s0001g00060.1	Aqcoe6G184600.6.p, Aqcoe6G184600.5.p, Aqcoe6G184600.2.p, Aqcoe6G184600.3.p, Aqcoe6G184600.1.p, Aqcoe6G184600.4.p
OG0007523	VIT_218s0122g00960.3, VIT_218s0122g00960.1, VIT_218s0122g00960.2	Aqcoe1G352600.1.p, Aqcoe6G169500.1.p
OG0007525	VIT_204s0023g03170.1	Aqcoe6G243200.1.p
OG0007526	VIT_203s0038g04370.1, VIT_203s0038g04370.2	Aqcoe6G128800.1.p
OG0007527	VIT_200s0665g00030.1, VIT_200s0665g00030.3, VIT_200s0665g00030.2	Aqcoe6G085300.1.p
OG0007528	VIT_204s0044g00030.1	Aqcoe6G178300.2.p, Aqcoe6G178300.1.p
OG0007529	VIT_201s0011g06570.1, VIT_201s0011g06640.1, VIT_201s0011g06650.1, VIT_201s0011g01980.1	Aqcoe1G173200.1.p, Aqcoe6G113400.1.p
OG0007530	VIT_204s0008g06210.1	Aqcoe7G371600.1.p
OG0007530	VIT_209s0002g08650.1	Aqcoe6G195500.1.p
OG0007531	VIT_212s0035g01960.1, VIT_212s0035g01960.2	Aqcoe6G002100.1.p
OG0007532	VIT_203s0038g00590.2, VIT_203s0038g00590.1	Aqcoe6G254500.1.p, Aqcoe5G179700.1.p
OG0007533	VIT_208s0056g00210.1, VIT_208s0056g00210.2	Aqcoe0017s0001.1.p
OG0007534	VIT_217s0000g05600.1	Aqcoe3G324500.1.p, Aqcoe3G324600.1.p, Aqcoe3G325300.1.p, Aqcoe3G325000.1.p, Aqcoe3G324900.1.p, Aqcoe3G325100.1.p, Aqcoe3G324800.1.p, Aqcoe4G279700.1.p, Aqcoe4G279600.1.p, Aqcoe4G279500.1.p
OG0007535	VIT_210s0003g04880.1, VIT_210s0003g04880.2	Aqcoe4G000800.2.p, Aqcoe4G000800.1.p
OG0007536	VIT_219s0014g02970.1	Aqcoe1G270700.1.p, Aqcoe4G116900.1.p
OG0007537	VIT_209s0018g00610.1, VIT_209s0018g00610.2, VIT_209s0018g00610.3, VIT_209s0018g00610.6, VIT_209s0018g00610.4, VIT_209s0018g00610.5, VIT_209s0018g00610.7	Aqcoe4G000400.1.p
OG0007538	VIT_200s0181g00260.1, VIT_200s0181g00260.2	Aqcoe4G168100.1.p, Aqcoe4G168100.2.p, Aqcoe1G309700.1.p
OG0007539	VIT_219s0014g04790.1	Aqcoe4G252600.1.p
OG0007540	VIT_210s0003g01490.1	Aqcoe4G036300.3.p, Aqcoe4G036300.5.p, Aqcoe4G036300.4.p, Aqcoe4G036300.1.p, Aqcoe4G036300.2.p
OG0007541	VIT_212s0059g01190.1, VIT_212s0059g01190.2, VIT_212s0059g01190.3, VIT_210s0116g00190.1	Aqcoe4G224800.1.p
OG0007542	VIT_200s0194g00190.1, VIT_219s0015g00270.1, VIT_212s0057g00950.1	Aqcoe4G312600.1.p
OG0007543	VIT_219s0177g00200.1	Aqcoe4G229300.1.p, Aqcoe1G353300.1.p
OG0007544	VIT_203s0038g03070.1, VIT_203s0038g03080.1, VIT_203s0038g03090.1	Aqcoe5G126900.1.p, Aqcoe4G251300.1.p
OG0007545	VIT_219s0014g03640.1	Aqcoe4G168200.2.p, Aqcoe4G168200.1.p
OG0007546	VIT_205s0102g00430.1, VIT_205s0102g00430.2	Aqcoe4G019100.2.p, Aqcoe4G019100.1.p
OG0007547	VIT_217s0000g10260.1	Aqcoe4G206700.1.p
OG0007549	VIT_219s0090g01320.1	Aqcoe4G284900.1.p
OG0007550	VIT_200s0194g00220.1, VIT_219s0015g00340.1	Aqcoe4G312200.1.p
OG0007551	VIT_219s0014g03000.5, VIT_219s0014g03000.4, VIT_219s0014g03000.6, VIT_219s0014g03000.3, VIT_219s0014g03000.2, VIT_219s0014g03000.7, VIT_219s0014g03000.1	Aqcoe4G134600.1.p
OG0007552	VIT_210s0116g00100.1	Aqcoe4G220300.2.p, Aqcoe4G220300.1.p
OG0007553	VIT_212s0028g00830.1, VIT_212s0028g00830.2, VIT_212s0028g00830.3	Aqcoe4G004000.1.p
OG0007554	VIT_210s0003g04120.1, VIT_210s0003g04120.2, VIT_210s0003g04120.3	Aqcoe4G001700.1.p
OG0007555	VIT_216s0115g00300.1, VIT_216s0115g00070.1	Aqcoe7G422400.3.p, Aqcoe7G422400.4.p, Aqcoe4G172800.1.p, Aqcoe4G172700.1.p, Aqcoe7G422400.2.p, Aqcoe7G422400.1.p
OG0007556	VIT_212s0142g00240.1	Aqcoe4G022500.1.p
OG0007558	VIT_202s0025g04866.1, VIT_202s0025g04850.1, VIT_215s0048g01550.1, VIT_215s0048g01570.1	Aqcoe4G249300.1.p
OG0007559	VIT_208s0056g01110.2, VIT_208s0056g01110.3, VIT_213s0019g00880.1, VIT_208s0056g01110.1, VIT_208s0056g01110.5, VIT_208s0056g01110.6	Aqcoe4G295200.1.p, Aqcoe4G295200.2.p
OG0007560	VIT_218s0001g03600.1, VIT_218s0001g03590.1	Aqcoe4G261900.1.p
OG0007561	VIT_210s0116g00010.1, VIT_200s0704g00010.1	Aqcoe4G234800.1.p
OG0007562	VIT_210s0003g03930.1, VIT_210s0003g03930.2, VIT_210s0003g03930.6, VIT_210s0003g03930.3, VIT_210s0003g03930.5, VIT_210s0003g03930.4	Aqcoe4G007000.1.p, Aqcoe4G007000.2.p, Aqcoe4G007000.3.p
OG0007563	VIT_201s0026g00340.1, VIT_219s0015g00470.1, VIT_219s0015g00470.2	Aqcoe1G352100.1.p, Aqcoe4G036700.1.p
OG0007564	VIT_212s0059g01070.2, VIT_212s0059g01070.1, VIT_219s0090g00970.1	Aqcoe4G221600.1.p
OG0007565	VIT_212s0059g02120.1	Aqcoe7G130500.1.p, Aqcoe4G278300.1.p
OG0007566	VIT_210s0003g02590.1, VIT_210s0003g02590.2, VIT_210s0003g02590.5, VIT_210s0003g02590.6, VIT_210s0003g02590.4, VIT_210s0003g02590.3	Aqcoe4G017200.1.p, Aqcoe4G017200.2.p
OG0007567	VIT_210s0003g02790.1, VIT_200s0163g00070.1	Aqcoe4G013500.1.p
OG0007569	VIT_205s0094g01680.1, VIT_200s0227g00130.2, VIT_200s0227g00130.1, VIT_200s0227g00130.3	Aqcoe7G419800.1.p
OG0007570	VIT_211s0065g00450.1, VIT_211s0065g00450.2	Aqcoe7G239700.3.p, Aqcoe7G239700.1.p, Aqcoe7G239700.2.p
OG0007571	VIT_211s0016g02770.1, VIT_211s0016g02770.2, VIT_211s0016g02770.3, VIT_211s0016g02770.4	Aqcoe7G143300.2.p, Aqcoe7G143300.1.p
OG0007572	VIT_211s0118g00700.2, VIT_211s0118g00700.4, VIT_211s0118g00700.3, VIT_211s0118g00700.1	Aqcoe7G371800.1.p
OG0007573	VIT_204s0023g00440.1, VIT_204s0023g00440.3, VIT_204s0023g00440.2	Aqcoe7G031600.1.p, Aqcoe7G031600.2.p
OG0007574	VIT_219s0014g02730.1	Aqcoe3G344500.1.p, Aqcoe7G011600.1.p
OG0007575	VIT_215s0021g01560.2, VIT_215s0021g01560.1	Aqcoe7G094300.2.p, Aqcoe7G094300.1.p
OG0007576	VIT_209s0002g08660.1, VIT_209s0002g08660.3, VIT_209s0002g08660.2	Aqcoe7G371400.1.p
OG0007577	VIT_217s0000g09655.1	Aqcoe3G138000.1.p
OG0007577	VIT_214s0066g00300.1	Aqcoe7G140000.1.p, Aqcoe5G391900.1.p
OG0007578	VIT_202s0241g00020.1, VIT_202s0241g00020.2, VIT_202s0241g00020.3, VIT_200s1323g00015.1	Aqcoe7G068500.1.p, Aqcoe7G068800.1.p
OG0007579	VIT_204s0008g02050.2, VIT_204s0008g02050.1	Aqcoe7G111000.1.p, Aqcoe7G107800.1.p, Aqcoe7G111100.1.p, Aqcoe7G110800.1.p
OG0007580	VIT_205s0094g01460.1, VIT_205s0094g01460.5, VIT_205s0094g01460.2, VIT_205s0094g01460.4, VIT_205s0094g01460.6, VIT_205s0094g01460.3	Aqcoe7G244500.1.p, Aqcoe1G273500.1.p
OG0007581	VIT_211s0016g00830.2, VIT_211s0016g00830.1	Aqcoe7G109900.1.p, Aqcoe7G109900.5.p, Aqcoe7G109900.4.p, Aqcoe7G109900.3.p, Aqcoe7G109900.2.p
OG0007582	VIT_211s0016g04730.1, VIT_211s0016g04730.2	Aqcoe7G210400.2.p, Aqcoe7G210400.1.p
OG0007583	VIT_219s0085g00510.2, VIT_219s0085g00510.3, VIT_219s0085g00510.4, VIT_219s0085g00510.1	Aqcoe1G305900.1.p, Aqcoe1G305900.2.p, Aqcoe7G250200.2.p, Aqcoe7G250200.1.p
OG0007584	VIT_217s0000g09070.1	Aqcoe7G245700.2.p, Aqcoe7G245700.1.p, Aqcoe5G403600.1.p
OG0007585	VIT_215s0048g00910.4, VIT_215s0048g00910.2, VIT_215s0048g00910.3, VIT_215s0048g00910.1	Aqcoe7G068300.1.p
OG0007586	VIT_216s0100g01300.6, VIT_216s0100g01300.1, VIT_216s0100g01300.2, VIT_216s0100g01300.5, VIT_216s0100g01300.4, VIT_216s0100g01300.3	Aqcoe7G038800.1.p
OG0007587	VIT_209s0018g01540.1	Aqcoe7G343900.1.p, Aqcoe5G083100.1.p, Aqcoe1G190500.1.p
OG0007588	VIT_215s0048g01720.2, VIT_215s0048g01720.1	Aqcoe7G059200.1.p
OG0007589	VIT_204s0008g04240.1	Aqcoe7G196800.1.p
OG0007590	VIT_200s0287g00050.1	Aqcoe7G364000.2.p, Aqcoe7G364000.3.p, Aqcoe7G364000.1.p
OG0007591	VIT_216s0050g01010.1, VIT_216s0050g01010.2	Aqcoe7G025800.1.p, Aqcoe7G444100.4.p, Aqcoe7G444100.3.p, Aqcoe7G444100.1.p, Aqcoe7G444100.2.p
OG0007592	VIT_215s0046g02320.2, VIT_215s0046g02320.1	Aqcoe7G028900.2.p, Aqcoe7G028900.3.p, Aqcoe7G028900.1.p, Aqcoe7G028900.4.p
OG0007593	VIT_200s0790g00010.1, VIT_202s0236g00176.1, VIT_200s0369g00050.1	Aqcoe7G278600.3.p, Aqcoe7G278600.1.p, Aqcoe7G278600.2.p, Aqcoe7G278600.4.p
OG0007594	VIT_209s0002g08510.1	Aqcoe3G275700.1.p
OG0007594	VIT_215s0021g02700.1, VIT_215s0021g02670.1	Aqcoe7G084400.1.p
OG0007595	VIT_211s0016g02630.1, VIT_211s0016g02630.3, VIT_211s0016g02630.2	Aqcoe1G227100.1.p, Aqcoe7G415000.1.p
OG0007596	VIT_217s0000g03570.1	Aqcoe7G369300.1.p
OG0007597	VIT_211s0052g00660.1	Aqcoe7G315300.2.p, Aqcoe7G315300.1.p, Aqcoe7G315300.3.p
OG0007598	VIT_209s0054g00800.2	Aqcoe7G288300.2.p, Aqcoe7G288300.1.p
OG0007599	VIT_202s0033g01330.1, VIT_211s0016g01350.2, VIT_211s0016g01350.1	Aqcoe7G139000.1.p, Aqcoe1G363800.1.p, Aqcoe1G355100.1.p
OG0007600	VIT_209s0002g06060.3, VIT_209s0002g06060.6, VIT_209s0002g06060.1, VIT_209s0002g06060.5, VIT_209s0002g06060.2, VIT_209s0002g06060.4	Aqcoe7G280300.1.p
OG0007601	VIT_214s0068g00710.2, VIT_214s0068g00710.3, VIT_214s0068g00710.1	Aqcoe7G374600.2.p, Aqcoe7G374600.1.p
OG0007602	VIT_211s0016g05270.1	Aqcoe7G267600.1.p
OG0007603	VIT_212s0035g02290.1	Aqcoe7G345100.2.p, Aqcoe7G345100.1.p
OG0007604	VIT_202s0025g00150.1	Aqcoe7G026300.1.p
OG0007605	VIT_202s0025g05150.2, VIT_202s0025g05150.1	Aqcoe7G067700.1.p
OG0007606	VIT_204s0008g01890.1, VIT_204s0008g01890.2	Aqcoe7G431000.1.p
OG0007607	VIT_216s0013g02030.2, VIT_216s0013g02030.3, VIT_216s0013g02030.1, VIT_215s0046g02570.1	Aqcoe5G407400.1.p
OG0007607	VIT_215s0021g02210.1	Aqcoe7G266500.1.p
OG0007608	VIT_209s0002g02255.1, VIT_204s0008g01215.1	Aqcoe7G424600.1.p
OG0007609	VIT_211s0016g01190.1, VIT_211s0016g01190.2	Aqcoe7G112700.1.p
OG0007610	VIT_205s0094g01490.1	Aqcoe7G067900.2.p, Aqcoe7G067900.3.p, Aqcoe7G067900.1.p
OG0007611	VIT_209s0002g07290.1	Aqcoe7G090300.1.p
OG0007612	VIT_205s0062g00910.1, VIT_203s0091g00630.1	Aqcoe3G160300.1.p, Aqcoe7G265000.1.p
OG0007613	VIT_201s0011g04940.1	Aqcoe7G394300.1.p
OG0007614	VIT_202s0025g03490.1, VIT_202s0025g03490.2, VIT_202s0025g03490.3	Aqcoe7G034600.1.p
OG0007615	VIT_209s0002g02410.2, VIT_209s0002g02410.3, VIT_209s0002g02410.1	Aqcoe7G428800.3.p, Aqcoe7G428800.1.p, Aqcoe7G428800.2.p
OG0007616	VIT_209s0002g08980.1, VIT_209s0002g08980.2	Aqcoe7G363800.2.p, Aqcoe7G363800.1.p
OG0007617	VIT_211s0052g00070.1	Aqcoe7G301800.1.p
OG0007618	VIT_215s0046g02690.1	Aqcoe7G019300.1.p
OG0007619	VIT_202s0012g00590.2, VIT_202s0012g00590.3, VIT_202s0012g00590.4, VIT_202s0012g00590.1	Aqcoe7G070900.1.p, Aqcoe7G070900.2.p
OG0007620	VIT_209s0070g00100.3, VIT_209s0070g00100.1, VIT_209s0070g00100.2, VIT_209s0070g00270.1	Aqcoe7G419600.1.p
OG0007621	VIT_205s0094g00450.2, VIT_205s0094g00450.1, VIT_205s0094g00450.3	Aqcoe7G061500.1.p, Aqcoe7G061500.2.p
OG0007622	VIT_215s0046g01080.4, VIT_215s0046g01080.3, VIT_215s0046g01080.1, VIT_215s0046g01080.2	Aqcoe7G014100.1.p
OG0007623	VIT_200s0215g00070.1, VIT_200s0215g00070.2	Aqcoe7G042800.1.p, Aqcoe7G042800.2.p
OG0007624	VIT_204s0008g05270.1, VIT_204s0008g05270.3, VIT_204s0008g05270.2	Aqcoe7G276900.1.p, Aqcoe7G276900.4.p, Aqcoe7G276900.3.p, Aqcoe7G276900.2.p
OG0007625	VIT_204s0008g01170.1	Aqcoe7G126300.1.p
OG0007625	VIT_204s0008g01170.2	Aqcoe7G126300.2.p
OG0007626	VIT_209s0002g03950.2, VIT_209s0002g03950.1	Aqcoe7G412400.2.p, Aqcoe7G412400.1.p
OG0007627	VIT_204s0008g01450.2, VIT_204s0008g01450.1	Aqcoe7G421600.1.p
OG0007628	VIT_209s0002g00140.1, VIT_209s0002g00140.2, VIT_209s0002g00140.3	Aqcoe7G442900.2.p, Aqcoe7G442900.3.p, Aqcoe7G442900.4.p, Aqcoe7G442900.1.p, Aqcoe7G442900.6.p, Aqcoe7G442900.5.p
OG0007629	VIT_209s0018g01960.1, VIT_209s0018g01960.2, VIT_209s0018g01960.3, VIT_209s0018g01960.4	Aqcoe7G335200.3.p, Aqcoe7G335200.4.p, Aqcoe7G335200.2.p, Aqcoe7G335200.1.p
OG0007630	VIT_203s0063g02560.1, VIT_203s0063g02560.2	Aqcoe7G146100.1.p
OG0007631	VIT_219s0085g00130.1	Aqcoe7G411000.3.p, Aqcoe7G411000.2.p, Aqcoe7G411000.4.p, Aqcoe7G411000.1.p
OG0007632	VIT_216s0039g02400.1	Aqcoe7G061100.2.p, Aqcoe7G061100.3.p, Aqcoe7G061100.1.p
OG0007633	VIT_202s0025g04920.1	Aqcoe7G061000.1.p
OG0007634	VIT_204s0008g02260.1, VIT_211s0016g00570.1	Aqcoe7G436500.2.p, Aqcoe7G436500.1.p
OG0007635	VIT_204s0008g03300.1	Aqcoe7G158200.1.p
OG0007636	VIT_203s0088g01130.1, VIT_203s0063g00330.1	Aqcoe7G152200.1.p
OG0007637	VIT_209s0002g05720.1, VIT_204s0008g04760.1	Aqcoe7G205300.1.p
OG0007638	VIT_215s0048g01120.1, VIT_215s0048g01130.1, VIT_215s0048g01180.1	Aqcoe7G052300.1.p
OG0007639	VIT_204s0008g01030.1, VIT_204s0008g01030.3, VIT_204s0008g01030.2	Aqcoe7G426300.1.p
OG0007640	VIT_202s0241g00160.2, VIT_202s0241g00160.1	Aqcoe7G071900.1.p, Aqcoe7G071900.2.p, Aqcoe7G071900.3.p
OG0007641	VIT_211s0016g00260.1, VIT_211s0016g00260.3, VIT_211s0016g00260.7, VIT_211s0016g00260.4, VIT_211s0016g00260.5, VIT_211s0016g00260.6, VIT_211s0016g00260.2	Aqcoe7G100900.1.p
OG0007642	VIT_209s0002g01640.2, VIT_209s0002g01640.1	Aqcoe7G016200.1.p
OG0007643	VIT_209s0054g01720.1, VIT_209s0054g01690.4, VIT_209s0054g01690.7, VIT_209s0054g01690.8, VIT_209s0054g01690.9, VIT_209s0054g01690.6, VIT_209s0054g01690.5, VIT_209s0054g01690.3, VIT_209s0054g01690.1, VIT_209s0054g01690.2	Aqcoe7G247900.3.p, Aqcoe7G247900.2.p, Aqcoe7G247900.1.p
OG0007644	VIT_215s0048g02080.2, VIT_215s0048g02080.1, VIT_215s0048g02080.4, VIT_215s0048g02080.3	Aqcoe7G041600.1.p, Aqcoe7G041600.3.p, Aqcoe7G041600.2.p
OG0007645	VIT_211s0016g00690.1, VIT_211s0016g00690.2	Aqcoe7G108500.1.p
OG0007646	VIT_211s0016g01930.2, VIT_211s0016g01930.1	Aqcoe7G123500.1.p
OG0007647	VIT_209s0002g00870.2, VIT_209s0002g00870.1, VIT_209s0002g00870.3	Aqcoe7G108400.1.p
OG0007648	VIT_215s0046g02150.1	Aqcoe7G023800.2.p, Aqcoe7G023800.1.p
OG0007649	VIT_216s0050g00950.1	Aqcoe7G026900.1.p
OG0007650	VIT_216s0098g00280.1, VIT_202s0025g01460.1	Aqcoe7G011200.1.p
OG0007651	VIT_204s0008g02340.1	Aqcoe7G309000.1.p, Aqcoe7G309000.2.p
OG0007652	VIT_211s0016g00400.2, VIT_211s0016g00400.1	Aqcoe7G105300.1.p
OG0007653	VIT_206s0061g00810.2, VIT_206s0061g00810.1	Aqcoe1G123100.1.p
OG0007654	VIT_210s0003g00960.3, VIT_210s0003g00960.1, VIT_210s0003g00960.2	Aqcoe1G239600.1.p
OG0007655	VIT_205s0029g01220.1	Aqcoe1G132400.1.p
OG0007656	VIT_210s0003g02730.1	Aqcoe1G203300.1.p, Aqcoe1G203500.3.p, Aqcoe1G203500.1.p, Aqcoe1G203500.6.p, Aqcoe1G203500.4.p, Aqcoe1G203500.2.p
OG0007657	VIT_219s0085g01090.1	Aqcoe1G157700.1.p
OG0007658	VIT_208s0007g03900.3, VIT_208s0007g03900.1, VIT_208s0007g03900.2	Aqcoe1G110800.1.p
OG0007659	VIT_206s0004g02820.1, VIT_206s0004g02820.2	Aqcoe1G472900.1.p
OG0007660	VIT_206s0009g01930.4, VIT_206s0009g01930.1, VIT_206s0009g01930.3, VIT_206s0009g01930.2	Aqcoe1G002300.2.p, Aqcoe1G002300.1.p
OG0007661	VIT_206s0004g06020.3, VIT_206s0004g06020.2, VIT_206s0004g06020.1	Aqcoe1G085200.2.p, Aqcoe1G085200.1.p
OG0007662	VIT_216s0039g01980.1, VIT_206s0004g05860.2, VIT_206s0004g05860.1	Aqcoe1G430000.1.p, Aqcoe1G090200.1.p
OG0007663	VIT_210s0003g04610.3, VIT_210s0003g04610.2, VIT_210s0003g04610.1	Aqcoe1G183600.1.p, Aqcoe1G183600.2.p
OG0007664	VIT_206s0004g01680.1	Aqcoe1G022400.1.p
OG0007665	VIT_205s0094g00510.2, VIT_205s0094g00510.1	Aqcoe1G027100.1.p
OG0007666	VIT_201s0011g01620.4, VIT_201s0011g01620.3, VIT_201s0011g01620.1, VIT_201s0011g01620.2	Aqcoe1G192000.1.p
OG0007667	VIT_208s0007g03160.1	Aqcoe1G443100.1.p
OG0007668	VIT_208s0105g00260.1	Aqcoe1G079300.1.p, Aqcoe3G316500.1.p
OG0007669	VIT_212s0028g03330.1	Aqcoe1G257100.1.p
OG0007670	VIT_212s0028g00510.1	Aqcoe1G193800.1.p
OG0007671	VIT_208s0040g02710.1	Aqcoe1G477200.1.p
OG0007672	VIT_212s0028g03600.1	Aqcoe1G263500.1.p
OG0007673	VIT_214s0068g01580.1, VIT_210s0003g01160.1, VIT_212s0028g02350.1	Aqcoe1G287600.1.p
OG0007674	VIT_206s0004g08150.1	Aqcoe1G146200.1.p
OG0007675	VIT_212s0028g02500.1	Aqcoe1G281700.1.p
OG0007677	VIT_219s0085g00810.2, VIT_219s0085g00810.1, VIT_203s0017g02240.1, VIT_203s0017g02240.2	Aqcoe1G161100.1.p
OG0007678	VIT_213s0067g01690.1	Aqcoe1G152800.2.p, Aqcoe1G152800.1.p
OG0007679	VIT_218s0164g00020.1, VIT_211s0016g02220.1	Aqcoe1G022000.3.p, Aqcoe1G022000.2.p, Aqcoe1G022000.1.p
OG0007680	VIT_208s0007g07390.1, VIT_211s0149g00310.1, VIT_200s0540g00045.1	Aqcoe1G058500.1.p
OG0007681	VIT_210s0003g05770.1, VIT_210s0003g05770.2	Aqcoe1G172900.2.p, Aqcoe1G172900.3.p, Aqcoe1G172900.4.p, Aqcoe1G172900.1.p
OG0007682	VIT_210s0116g00900.1, VIT_210s0116g00900.4, VIT_210s0116g00900.2, VIT_210s0116g00900.3	Aqcoe1G344900.3.p, Aqcoe1G344900.1.p, Aqcoe1G344900.2.p
OG0007683	VIT_219s0085g01210.5, VIT_219s0085g01210.2, VIT_219s0085g01210.3, VIT_219s0085g01210.1, VIT_219s0085g01210.4	Aqcoe1G154800.1.p
OG0007684	VIT_208s0007g03120.1	Aqcoe1G441000.1.p
OG0007685	VIT_209s0002g01420.3, VIT_209s0002g01420.2, VIT_209s0002g01420.1	Aqcoe1G099500.1.p
OG0007686	VIT_213s0019g04310.3, VIT_213s0019g04310.2, VIT_213s0019g04310.1	Aqcoe1G261000.1.p, Aqcoe1G261000.2.p
OG0007687	VIT_219s0177g00350.1	Aqcoe1G275800.2.p, Aqcoe1G275800.1.p
OG0007688	VIT_206s0004g08230.2, VIT_206s0004g08230.3, VIT_206s0004g08230.1	Aqcoe1G499300.1.p
OG0007689	VIT_206s0061g00360.1, VIT_208s0040g01470.1	Aqcoe1G135000.1.p
OG0007690	VIT_218s0001g07870.1	Aqcoe1G452400.1.p
OG0007691	VIT_219s0027g00130.3, VIT_219s0027g00130.2, VIT_219s0027g00130.1	Aqcoe1G186100.1.p
OG0007693	VIT_213s0073g00330.1, VIT_208s0007g02300.1	Aqcoe1G079800.1.p
OG0007694	VIT_200s1256g00010.1, VIT_218s0001g02910.1	Aqcoe5G040700.1.p, Aqcoe5G041000.1.p, Aqcoe5G041100.1.p, Aqcoe5G040800.1.p, Aqcoe1G124900.1.p
OG0007695	VIT_213s0156g00310.1	Aqcoe1G003300.4.p, Aqcoe1G003300.8.p, Aqcoe1G003300.5.p, Aqcoe1G003300.7.p, Aqcoe1G003300.6.p, Aqcoe1G003300.2.p, Aqcoe1G003300.3.p, Aqcoe1G003300.1.p
OG0007696	VIT_203s0017g01760.1, VIT_203s0017g01720.1	Aqcoe1G165300.1.p, Aqcoe1G165200.1.p
OG0007697	VIT_208s0007g08360.1	Aqcoe1G032100.1.p
OG0007698	VIT_201s0011g04800.1, VIT_201s0011g04800.2	Aqcoe1G003000.1.p
OG0007699	VIT_219s0014g03660.1, VIT_200s0181g00180.1, VIT_200s0181g00200.1	Aqcoe1G308700.1.p
OG0007700	VIT_206s0009g00900.1	Aqcoe1G074500.1.p
OG0007701	VIT_208s0105g00200.1, VIT_206s0009g00370.1	Aqcoe1G078500.1.p
OG0007702	VIT_213s0106g00700.2, VIT_213s0106g00700.1, VIT_213s0106g00700.3	Aqcoe1G448500.4.p, Aqcoe1G448500.5.p, Aqcoe1G448500.2.p, Aqcoe1G448500.3.p, Aqcoe1G448500.1.p
OG0007703	VIT_208s0105g00460.2, VIT_208s0105g00460.1	Aqcoe1G417400.1.p
OG0007704	VIT_208s0040g01430.1	Aqcoe1G134800.2.p, Aqcoe1G134800.1.p, Aqcoe1G134800.3.p
OG0007705	VIT_208s0007g05040.3, VIT_208s0007g05040.2, VIT_208s0007g05040.1	Aqcoe1G132900.2.p, Aqcoe1G132900.1.p
OG0007707	VIT_201s0011g01600.2, VIT_201s0011g01600.1, VIT_201s0011g01600.3	Aqcoe1G163800.1.p
OG0007708	VIT_212s0057g01160.2, VIT_212s0057g01160.3, VIT_212s0057g01160.1, VIT_212s0057g01140.1	Aqcoe1G379300.1.p
OG0007709	VIT_219s0014g05300.1, VIT_219s0014g05300.2, VIT_212s0055g00770.3, VIT_212s0055g00770.2, VIT_212s0055g00770.1	Aqcoe1G359100.2.p, Aqcoe1G359100.1.p
OG0007710	VIT_219s0014g04750.2, VIT_219s0014g04750.1	Aqcoe1G372200.1.p
OG0007711	VIT_200s0880g00020.1	Aqcoe1G430700.1.p
OG0007712	VIT_219s0015g01270.1	Aqcoe1G380300.2.p, Aqcoe1G380300.1.p
OG0007713	VIT_202s0025g05140.1, VIT_202s0025g05140.2, VIT_202s0025g05140.3	Aqcoe1G165000.3.p, Aqcoe1G165000.2.p, Aqcoe1G165000.1.p
OG0007714	VIT_212s0028g01340.1, VIT_212s0028g01340.2, VIT_212s0028g01340.3	Aqcoe1G213900.1.p
OG0007715	VIT_219s0015g01740.4, VIT_219s0015g01740.2, VIT_219s0015g01740.3, VIT_219s0015g01740.1	Aqcoe1G383400.4.p, Aqcoe1G383400.1.p, Aqcoe1G383400.3.p, Aqcoe1G383400.6.p, Aqcoe1G383400.2.p
OG0007716	VIT_213s0067g03210.5, VIT_213s0067g03210.7, VIT_213s0067g03210.2, VIT_213s0067g03210.4, VIT_213s0067g03210.6, VIT_213s0067g03210.3, VIT_213s0067g03210.1	Aqcoe1G501400.1.p
OG0007717	VIT_210s0003g02040.2, VIT_210s0003g02040.3, VIT_210s0003g02040.1	Aqcoe1G211100.1.p
OG0007718	VIT_219s0090g00220.3, VIT_219s0090g00220.2, VIT_219s0090g00220.1	Aqcoe1G279000.1.p
OG0007719	VIT_201s0150g00150.1, VIT_217s0000g00160.1	Aqcoe1G076100.1.p, Aqcoe1G076100.2.p
OG0007720	VIT_212s0028g01260.1, VIT_212s0028g01260.4, VIT_212s0028g01260.2, VIT_212s0028g01260.5, VIT_212s0028g01260.3	Aqcoe1G121300.1.p
OG0007721	VIT_219s0085g00350.1	Aqcoe1G292900.5.p, Aqcoe1G292900.4.p, Aqcoe1G292900.2.p, Aqcoe1G292900.3.p, Aqcoe1G292900.1.p
OG0007722	VIT_212s0142g00200.1	Aqcoe1G207800.1.p
OG0007723	VIT_212s0034g02140.1, VIT_212s0034g02140.2	Aqcoe1G175000.1.p, Aqcoe1G175000.2.p
OG0007724	VIT_200s0125g00290.1, VIT_219s0027g01120.1	Aqcoe1G172700.1.p
OG0007725	VIT_206s0004g06680.1, VIT_213s0067g00930.1	Aqcoe1G419900.1.p
OG0007726	VIT_206s0004g05055.1, VIT_213s0019g01870.1	Aqcoe1G107300.1.p
OG0007727	VIT_206s0009g00310.1	Aqcoe1G077400.1.p
OG0007728	VIT_205s0029g01060.1, VIT_215s0021g02790.1, VIT_215s0021g02790.2	Aqcoe1G198400.1.p
OG0007729	VIT_215s0046g00090.1, VIT_215s0046g00090.2	Aqcoe1G481300.1.p
OG0007730	VIT_210s0003g01640.1, VIT_210s0003g01640.2	Aqcoe1G219600.1.p
OG0007731	VIT_208s0056g00550.2, VIT_208s0056g00550.1	Aqcoe1G498600.3.p, Aqcoe1G498600.2.p, Aqcoe1G498600.1.p
OG0007732	VIT_200s0252g00030.1	Aqcoe5G233900.2.p, Aqcoe5G233900.1.p, Aqcoe1G281100.1.p
OG0007733	VIT_206s0004g00332.1, VIT_206s0004g00370.1, VIT_206s0004g00340.1, VIT_206s0004g00300.1, VIT_206s0004g00310.1, VIT_206s0004g00330.1, VIT_206s0004g00334.1, VIT_206s0004g00350.1	Aqcoe1G060000.1.p
OG0007734	VIT_213s0019g03380.1	Aqcoe1G431700.2.p, Aqcoe1G431700.1.p, Aqcoe1G431700.3.p
OG0007735	VIT_203s0017g01770.2, VIT_203s0017g01770.1, VIT_203s0017g01770.3	Aqcoe1G163200.2.p, Aqcoe1G163200.1.p
OG0007736	VIT_206s0009g00980.1, VIT_208s0032g00700.1, VIT_208s0032g00710.1, VIT_208s0032g00510.1	Aqcoe1G071300.1.p
OG0007737	VIT_214s0171g00250.1, VIT_214s0171g00250.2	Aqcoe5G370700.3.p, Aqcoe5G370700.2.p, Aqcoe5G370700.4.p, Aqcoe5G370700.1.p
OG0007738	VIT_201s0026g02290.2, VIT_201s0026g02290.3, VIT_201s0026g02290.1	Aqcoe3G336100.1.p, Aqcoe5G402500.1.p
OG0007739	VIT_216s0098g00610.2, VIT_216s0098g00610.1	Aqcoe5G310100.1.p
OG0007740	VIT_218s0001g15710.2, VIT_218s0001g15710.4, VIT_218s0001g15710.1, VIT_218s0001g15710.3	Aqcoe5G237600.2.p, Aqcoe5G237600.1.p
OG0007741	VIT_207s0005g05400.1	Aqcoe5G006100.1.p
OG0007742	VIT_205s0029g00550.1, VIT_205s0029g00550.2, VIT_205s0029g00550.3	Aqcoe5G050700.3.p, Aqcoe5G050700.1.p, Aqcoe5G050700.2.p
OG0007743	VIT_207s0005g02780.2, VIT_207s0005g02780.3, VIT_207s0005g02780.1	Aqcoe5G289600.1.p, Aqcoe5G289600.2.p, Aqcoe5G289600.3.p
OG0007744	VIT_216s0098g00590.1, VIT_216s0098g00590.2	Aqcoe5G477400.3.p, Aqcoe5G477400.1.p, Aqcoe5G477400.2.p
OG0007745	VIT_214s0128g00150.1	Aqcoe5G461300.1.p, Aqcoe5G461300.2.p
OG0007746	VIT_218s0001g10440.3, VIT_218s0001g10440.1, VIT_218s0001g10440.2	Aqcoe5G151300.2.p, Aqcoe5G151300.1.p
OG0007747	VIT_214s0066g00360.1	Aqcoe5G398500.1.p
OG0007748	VIT_205s0049g01500.1, VIT_207s0005g03930.3, VIT_207s0005g03930.2, VIT_207s0005g03930.1	Aqcoe5G019700.1.p
OG0007749	VIT_214s0060g02200.3, VIT_214s0060g02200.5, VIT_214s0060g02200.1, VIT_214s0060g02200.4, VIT_214s0060g02200.2	Aqcoe5G085900.1.p, Aqcoe5G085900.2.p
OG0007750	VIT_205s0124g00330.2, VIT_205s0124g00330.1	Aqcoe5G439800.1.p
OG0007751	VIT_205s0020g01810.3, VIT_205s0020g01810.4, VIT_205s0020g01810.1, VIT_205s0020g01810.2	Aqcoe5G076200.2.p, Aqcoe5G076200.1.p
OG0007752	VIT_200s0225g00110.6, VIT_200s0225g00110.4, VIT_200s0225g00110.7, VIT_200s0225g00110.3, VIT_200s0225g00110.1, VIT_200s0225g00110.5, VIT_200s0225g00110.2	Aqcoe5G402900.1.p
OG0007753	VIT_203s0017g01330.5, VIT_203s0017g01330.4, VIT_203s0017g01330.6, VIT_203s0017g01330.3, VIT_203s0017g01330.2, VIT_203s0017g01330.1	Aqcoe5G313300.1.p
OG0007754	VIT_203s0063g01110.1	Aqcoe5G172700.2.p, Aqcoe5G172700.1.p
OG0007755	VIT_205s0020g02870.3, VIT_205s0020g02870.2, VIT_205s0020g02870.1	Aqcoe5G060000.2.p, Aqcoe5G060000.1.p
OG0007756	VIT_208s0007g03330.2, VIT_208s0007g03330.1	Aqcoe5G023700.1.p
OG0007757	VIT_207s0005g01610.1, VIT_207s0005g01610.3, VIT_207s0005g01610.5, VIT_207s0005g01610.2, VIT_207s0005g01610.4	Aqcoe5G324700.3.p, Aqcoe5G324700.1.p, Aqcoe5G324700.2.p
OG0007758	VIT_204s0023g02340.1, VIT_204s0023g02334.1	Aqcoe5G173400.1.p, Aqcoe5G173400.2.p, Aqcoe5G173400.3.p
OG0007759	VIT_205s0020g01990.5, VIT_205s0020g01990.3, VIT_205s0020g01990.1, VIT_205s0020g01990.4, VIT_205s0020g01990.2	Aqcoe5G073600.2.p, Aqcoe5G073600.1.p
OG0007760	VIT_205s0049g01490.1, VIT_205s0049g01490.2	Aqcoe5G019900.1.p, Aqcoe5G019900.2.p, Aqcoe3G045800.1.p
OG0007761	VIT_200s0225g00150.1, VIT_200s0225g00150.2	Aqcoe5G405200.6.p, Aqcoe5G405200.3.p, Aqcoe5G405200.4.p, Aqcoe5G405200.5.p, Aqcoe5G405200.1.p, Aqcoe5G405200.2.p, Aqcoe3G202900.1.p
OG0007762	VIT_214s0060g02260.1, VIT_205s0020g01180.1, VIT_205s0020g01180.2	Aqcoe5G087600.1.p
OG0007763	VIT_214s0066g00220.2, VIT_214s0066g00220.1, VIT_217s0000g09370.1	Aqcoe5G397300.1.p
OG0007764	VIT_216s0098g00710.1	Aqcoe5G475200.1.p
OG0007765	VIT_205s0049g01040.2, VIT_205s0049g01040.1	Aqcoe5G027400.1.p
OG0007766	VIT_216s0098g01500.1, VIT_216s0098g01430.1	Aqcoe5G462300.2.p, Aqcoe5G462300.1.p
OG0007767	VIT_204s0023g01970.2, VIT_204s0023g01970.3	Aqcoe5G231000.1.p, Aqcoe5G231000.2.p
OG0007768	VIT_214s0171g00280.1	Aqcoe5G371100.1.p, Aqcoe5G371000.1.p
OG0007769	VIT_207s0104g00060.3, VIT_207s0104g00060.2, VIT_207s0104g00060.4, VIT_207s0104g00060.1	Aqcoe5G059700.1.p
OG0007770	VIT_201s0010g02430.2, VIT_201s0010g02430.3, VIT_201s0010g02430.1	Aqcoe5G374800.1.p
OG0007771	VIT_201s0146g00480.5, VIT_201s0146g00480.4, VIT_201s0146g00480.3, VIT_201s0146g00480.2, VIT_201s0146g00480.1	Aqcoe3G178400.1.p, Aqcoe5G341200.1.p
OG0007772	VIT_212s0059g01030.2, VIT_212s0059g01030.1	Aqcoe5G013500.1.p
OG0007773	VIT_214s0036g01130.1	Aqcoe5G018600.1.p, Aqcoe5G018600.3.p, Aqcoe5G018600.4.p, Aqcoe5G018600.2.p
OG0007774	VIT_210s0071g01070.1, VIT_210s0071g01080.1	Aqcoe5G476600.1.p
OG0007775	VIT_214s0081g00680.3, VIT_214s0081g00680.4, VIT_214s0081g00680.2, VIT_214s0081g00680.1	Aqcoe5G032100.1.p
OG0007776	VIT_218s0001g14120.1, VIT_218s0001g14120.2, VIT_218s0001g14120.4, VIT_218s0001g14120.3	Aqcoe5G208300.1.p
OG0007777	VIT_217s0000g01560.2, VIT_217s0000g01560.1	Aqcoe5G361100.2.p, Aqcoe5G361100.3.p, Aqcoe5G361100.1.p
OG0007778	VIT_214s0171g00480.1, VIT_201s0010g02380.1	Aqcoe5G375400.1.p
OG0007779	VIT_204s0023g02750.3, VIT_204s0023g02750.2, VIT_204s0023g02750.1	Aqcoe5G181300.2.p, Aqcoe5G181300.1.p
OG0007780	VIT_218s0001g00810.1, VIT_203s0038g02920.1	Aqcoe5G128600.1.p
OG0007781	VIT_211s0016g04320.1, VIT_211s0016g04300.1	Aqcoe5G403300.3.p, Aqcoe5G403300.2.p, Aqcoe5G403300.1.p, Aqcoe5G403300.4.p, Aqcoe5G403400.1.p
OG0007782	VIT_212s0055g00360.2, VIT_212s0055g00360.3, VIT_212s0055g00360.1	Aqcoe5G273700.2.p, Aqcoe5G273700.1.p
OG0007783	VIT_200s0313g00040.3, VIT_200s0313g00040.1, VIT_200s0313g00040.2	Aqcoe5G169600.1.p
OG0007784	VIT_204s0023g01270.1, VIT_204s0023g01270.3, VIT_204s0023g01270.2	Aqcoe5G198700.1.p
OG0007785	VIT_217s0000g00430.1, VIT_201s0244g00010.1	Aqcoe3G217600.1.p, Aqcoe5G340300.2.p, Aqcoe5G340300.3.p, Aqcoe5G340300.1.p
OG0007786	VIT_218s0001g12400.3, VIT_218s0001g12400.4, VIT_218s0001g12400.2, VIT_218s0001g12400.1	Aqcoe5G193700.1.p
OG0007787	VIT_214s0171g00190.1, VIT_214s0171g00190.2	Aqcoe5G367900.2.p, Aqcoe5G367900.1.p
OG0007788	VIT_216s0050g02420.3, VIT_216s0050g02420.2, VIT_216s0050g02420.1	Aqcoe5G444100.1.p
OG0007789	VIT_207s0104g00730.2, VIT_207s0104g00730.4, VIT_207s0104g00730.1, VIT_207s0104g00730.3	Aqcoe5G065900.1.p
OG0007790	VIT_206s0009g01590.3, VIT_206s0009g01590.4, VIT_206s0009g01590.2, VIT_206s0009g01590.1	Aqcoe5G264300.1.p, Aqcoe5G264300.2.p
OG0007791	VIT_217s0000g09480.2, VIT_217s0000g09480.3, VIT_217s0000g09480.1	Aqcoe5G395500.1.p
OG0007792	VIT_207s0031g00840.1, VIT_207s0031g00840.2	Aqcoe5G156100.2.p, Aqcoe5G156100.1.p
OG0007793	VIT_215s0048g02190.1, VIT_215s0048g02190.5, VIT_215s0048g02190.7, VIT_215s0048g02190.9, VIT_215s0048g02190.6, VIT_215s0048g02190.8, VIT_215s0048g02190.4, VIT_215s0048g02190.3, VIT_215s0048g02190.2	Aqcoe5G476900.1.p
OG0007794	VIT_203s0088g01160.1, VIT_203s0088g01160.2, VIT_203s0088g01160.3	Aqcoe5G095300.1.p
OG0007795	VIT_216s0050g02630.1	Aqcoe5G455000.1.p
OG0007796	VIT_205s0077g02080.3, VIT_205s0077g02080.6, VIT_205s0077g02080.1, VIT_205s0077g02080.2, VIT_205s0077g02080.4, VIT_205s0077g02080.5, VIT_205s0077g02080.7	Aqcoe5G091300.2.p, Aqcoe5G091300.1.p
OG0007797	VIT_203s0038g01320.3, VIT_203s0038g01320.5, VIT_203s0038g01320.4, VIT_203s0038g01320.1, VIT_203s0038g01320.2	Aqcoe5G207300.1.p
OG0007798	VIT_204s0023g03350.1	Aqcoe5G209000.1.p, Aqcoe5G209000.2.p
OG0007799	VIT_210s0042g01060.3, VIT_210s0042g01060.2, VIT_210s0042g01060.1	Aqcoe5G031300.1.p
OG0007800	VIT_218s0076g00330.1, VIT_218s0001g13740.1	Aqcoe5G245700.1.p
OG0007801	VIT_205s0020g04460.1	Aqcoe5G045600.1.p
OG0007802	VIT_207s0005g01050.1	Aqcoe5G094400.1.p
OG0007803	VIT_203s0091g01040.2, VIT_203s0091g01040.1, VIT_203s0091g01040.3	Aqcoe5G200000.1.p
OG0007804	VIT_201s0010g01780.1, VIT_201s0010g01780.2	Aqcoe5G415600.1.p
OG0007805	VIT_217s0000g09470.1	Aqcoe5G395600.1.p
OG0007806	VIT_211s0016g05020.1	Aqcoe5G057300.2.p, Aqcoe5G057300.1.p
OG0007807	VIT_202s0025g01520.1, VIT_202s0025g01520.3, VIT_202s0025g01520.2	Aqcoe5G439300.1.p, Aqcoe5G439300.2.p
OG0007808	VIT_200s0264g00130.1	Aqcoe5G128300.1.p
OG0007809	VIT_217s0000g01650.5, VIT_217s0000g01650.3, VIT_217s0000g01650.2, VIT_217s0000g01650.1, VIT_217s0000g01650.4	Aqcoe5G446800.1.p
OG0007810	VIT_205s0049g02360.1	Aqcoe5G011000.4.p, Aqcoe5G011000.3.p, Aqcoe5G011000.1.p, Aqcoe5G011000.2.p
OG0007811	VIT_205s0077g02140.1	Aqcoe5G090700.1.p, Aqcoe5G090700.2.p
OG0007812	VIT_207s0031g02910.4, VIT_207s0031g02910.3, VIT_207s0031g02910.1, VIT_207s0031g02910.2	Aqcoe5G236700.1.p
OG0007813	VIT_210s0071g01040.1	Aqcoe3G175100.1.p, Aqcoe5G292800.1.p
OG0007814	VIT_202s0025g02660.1	Aqcoe5G470000.1.p
OG0007815	VIT_203s0097g00710.2, VIT_203s0097g00710.1, VIT_218s0001g08110.2, VIT_218s0001g08110.1	Aqcoe5G314800.1.p, Aqcoe5G314800.2.p
OG0007816	VIT_218s0001g01820.1	Aqcoe5G106600.1.p
OG0007817	VIT_206s0004g03170.4	Aqcoe3G210300.1.p
OG0007817	VIT_206s0004g03170.2, VIT_206s0004g03170.1, VIT_206s0004g03170.3	Aqcoe5G039600.2.p, Aqcoe5G039600.3.p, Aqcoe5G039600.1.p
OG0007818	VIT_206s0004g08430.1, VIT_206s0004g08420.1	Aqcoe5G273200.1.p, Aqcoe5G273200.2.p
OG0007819	VIT_205s0049g02140.1	Aqcoe5G013900.1.p, Aqcoe5G013900.2.p
OG0007820	VIT_207s0095g00730.2, VIT_207s0095g00730.1	Aqcoe5G001200.1.p
OG0007821	VIT_214s0066g00540.1, VIT_214s0066g00490.1	Aqcoe5G401200.6.p, Aqcoe5G401200.4.p, Aqcoe5G401200.5.p, Aqcoe5G401200.3.p, Aqcoe5G401200.2.p, Aqcoe5G401200.1.p
OG0007822	VIT_207s0005g04370.3, VIT_207s0005g04370.4, VIT_207s0005g04370.5, VIT_207s0005g04370.6, VIT_207s0005g04370.1, VIT_207s0005g04370.2	Aqcoe5G016300.1.p
OG0007823	VIT_212s0034g01410.2, VIT_212s0034g01410.3, VIT_212s0034g01410.4, VIT_212s0034g01410.1	Aqcoe5G261500.2.p, Aqcoe5G261500.1.p
OG0007824	VIT_204s0023g00820.2, VIT_204s0023g00820.1	Aqcoe5G468400.1.p
OG0007825	VIT_211s0016g02680.3, VIT_211s0016g02680.2, VIT_211s0016g02680.1	Aqcoe5G369600.1.p
OG0007826	VIT_214s0128g00720.1, VIT_205s0020g03080.1	Aqcoe5G058200.1.p, Aqcoe5G058200.2.p
OG0007827	VIT_213s0064g00200.1	Aqcoe5G031500.1.p
OG0007828	VIT_214s0066g00200.3, VIT_214s0066g00200.2, VIT_214s0066g00200.1	Aqcoe5G390200.1.p, Aqcoe5G390200.2.p
OG0007829	VIT_205s0020g03190.1, VIT_205s0020g03190.4, VIT_205s0020g03190.7, VIT_205s0020g03190.2, VIT_205s0020g03190.6, VIT_205s0020g03190.3, VIT_205s0020g03190.5	Aqcoe5G056900.1.p
OG0007830	VIT_202s0025g03060.2, VIT_202s0025g03060.1, VIT_202s0025g03060.3	Aqcoe5G477800.1.p, Aqcoe5G477800.2.p
OG0007831	VIT_207s0141g00330.1, VIT_207s0141g00330.2, VIT_207s0141g00330.4, VIT_207s0141g00330.3	Aqcoe5G040100.1.p
OG0007832	VIT_217s0000g00090.1	Aqcoe5G330600.1.p
OG0007833	VIT_201s0011g04400.2, VIT_201s0011g04400.1, VIT_216s0013g01040.1	Aqcoe5G414500.1.p
OG0007834	VIT_207s0104g01570.1	Aqcoe5G082400.1.p
OG0007835	VIT_205s0020g00970.1	Aqcoe5G285700.1.p
OG0007836	VIT_218s0001g07280.1	Aqcoe5G162300.1.p
OG0007837	VIT_212s0028g01380.1, VIT_212s0055g00420.1, VIT_218s0072g00470.1	Aqcoe5G250500.1.p
OG0007838	VIT_209s0002g06370.3, VIT_209s0002g06370.1, VIT_209s0002g06370.2	Aqcoe5G052500.1.p
OG0007839	VIT_200s0220g00060.3, VIT_200s0220g00060.1, VIT_200s0220g00060.4, VIT_200s0220g00060.2, VIT_200s0220g00060.5	Aqcoe5G219000.1.p
OG0007840	VIT_204s0023g00740.2, VIT_204s0023g00740.1	Aqcoe5G001700.2.p, Aqcoe5G001700.1.p
OG0007841	VIT_218s0122g00600.3, VIT_218s0122g00600.1, VIT_218s0122g00600.2	Aqcoe5G113500.2.p, Aqcoe5G113500.1.p
OG0007842	VIT_217s0000g01450.1	Aqcoe3G195000.1.p, Aqcoe5G359000.1.p
OG0007843	VIT_201s0011g03360.2, VIT_201s0011g03360.1	Aqcoe3G041700.1.p
OG0007844	VIT_202s0025g03260.1	Aqcoe3G405400.1.p
OG0007845	VIT_214s0108g00920.1	Aqcoe3G340500.1.p
OG0007846	VIT_217s0119g00330.1, VIT_217s0119g00330.2	Aqcoe3G411700.1.p, Aqcoe3G411700.2.p
OG0007847	VIT_217s0000g08490.1, VIT_217s0000g08490.3, VIT_217s0000g08490.4, VIT_217s0000g08490.2	Aqcoe3G121800.2.p, Aqcoe3G121800.1.p
OG0007848	VIT_201s0011g02740.1	Aqcoe3G053800.3.p, Aqcoe3G053800.1.p, Aqcoe3G053800.2.p, Aqcoe3G391100.1.p
OG0007849	VIT_204s0079g00440.1, VIT_211s0149g00200.1	Aqcoe3G420900.2.p, Aqcoe3G420900.1.p
OG0007850	VIT_201s0011g00610.2, VIT_201s0011g00610.1, VIT_201s0011g00610.4, VIT_201s0011g00610.3	Aqcoe3G062700.1.p
OG0007851	VIT_217s0000g06220.3, VIT_217s0000g06220.1	Aqcoe3G338500.1.p, Aqcoe3G338500.2.p
OG0007852	VIT_217s0000g03730.3, VIT_217s0000g03730.1, VIT_217s0000g03730.2	Aqcoe3G039300.1.p
OG0007853	VIT_201s0011g03190.2, VIT_201s0011g03190.3, VIT_201s0011g03190.1, VIT_217s0000g04020.1	Aqcoe3G044700.1.p
OG0007854	VIT_201s0011g03220.2	Aqcoe3G398900.1.p
OG0007855	VIT_201s0011g03300.1, VIT_214s0006g03060.1	Aqcoe3G042900.1.p
OG0007856	VIT_217s0000g04520.1	Aqcoe3G387100.1.p, Aqcoe3G387500.1.p, Aqcoe3G387500.2.p
OG0007857	VIT_217s0000g00880.1, VIT_217s0000g00880.3, VIT_217s0000g00880.2	Aqcoe3G159800.1.p, Aqcoe3G159800.5.p, Aqcoe3G159800.4.p, Aqcoe3G159800.2.p, Aqcoe3G159800.3.p
OG0007858	VIT_212s0034g01100.5, VIT_212s0034g01100.2, VIT_212s0034g01100.4, VIT_212s0034g01100.3, VIT_212s0034g01100.1	Aqcoe3G084100.1.p
OG0007859	VIT_214s0068g00220.1	Aqcoe3G368200.2.p, Aqcoe3G368200.1.p
OG0007860	VIT_215s0045g01090.1, VIT_215s0045g01090.2, VIT_215s0045g01090.5, VIT_215s0045g01090.6, VIT_215s0045g01090.4, VIT_215s0045g01090.3	Aqcoe3G234400.1.p, Aqcoe3G234400.2.p
OG0007861	VIT_217s0000g03100.3, VIT_217s0000g03100.4, VIT_217s0000g03100.5, VIT_217s0000g03100.1, VIT_217s0000g03100.2	Aqcoe3G021700.4.p, Aqcoe3G021700.2.p, Aqcoe3G021700.3.p, Aqcoe3G021700.1.p
OG0007862	VIT_214s0108g01380.1, VIT_214s0108g01380.2, VIT_214s0108g01380.3	Aqcoe3G055700.2.p, Aqcoe3G055700.1.p
OG0007863	VIT_201s0011g04900.1, VIT_201s0011g04910.1	Aqcoe3G273800.1.p, Aqcoe3G274100.1.p
OG0007864	VIT_201s0026g02100.1	Aqcoe3G333700.1.p
OG0007865	VIT_201s0011g00640.1	Aqcoe3G359000.2.p, Aqcoe3G359000.1.p
OG0007866	VIT_217s0000g03560.2, VIT_217s0000g03560.1, VIT_201s0011g03730.1	Aqcoe3G034600.1.p
OG0007867	VIT_202s0012g02670.1	Aqcoe3G173100.1.p
OG0007868	VIT_201s0011g04610.1, VIT_201s0011g04610.5, VIT_201s0011g04610.2, VIT_201s0011g04610.4, VIT_201s0011g04610.6, VIT_201s0011g04610.3	Aqcoe3G444600.1.p
OG0007869	VIT_208s0040g00210.3, VIT_208s0040g00210.4, VIT_208s0040g00210.5, VIT_208s0040g00210.1, VIT_208s0040g00210.6, VIT_208s0040g00210.2	Aqcoe3G302900.1.p
OG0007870	VIT_214s0083g00980.1	Aqcoe3G375900.1.p, Aqcoe3G376000.1.p
OG0007871	VIT_216s0039g02170.1, VIT_216s0039g02170.3, VIT_216s0039g02170.2	Aqcoe3G210000.1.p
OG0007872	VIT_201s0026g01890.2, VIT_201s0026g01890.4, VIT_201s0026g01890.1, VIT_201s0026g01890.3	Aqcoe3G332400.1.p
OG0007873	VIT_211s0103g00540.1, VIT_211s0103g00540.4, VIT_211s0103g00540.2, VIT_211s0103g00540.3, VIT_211s0103g00540.5	Aqcoe3G127300.1.p, Aqcoe3G127300.2.p
OG0007874	VIT_217s0000g07540.4, VIT_217s0000g07540.3, VIT_217s0000g07540.5, VIT_217s0000g07540.2, VIT_217s0000g07540.1	Aqcoe3G312300.1.p, Aqcoe3G313500.1.p, Aqcoe3G312200.1.p
OG0007875	VIT_201s0113g00420.1, VIT_201s0113g00420.2	Aqcoe3G352100.1.p
OG0007876	VIT_217s0000g06940.2	Aqcoe3G055100.5.p, Aqcoe3G055100.4.p
OG0007876	VIT_217s0000g06940.1	Aqcoe3G055100.3.p, Aqcoe3G055100.1.p, Aqcoe3G055100.2.p
OG0007877	VIT_201s0011g03400.2, VIT_201s0011g03400.1	Aqcoe3G401000.1.p, Aqcoe3G401000.2.p, Aqcoe3G041100.1.p, Aqcoe3G041200.1.p
OG0007878	VIT_209s0002g08120.2, VIT_209s0002g08120.1	Aqcoe3G259700.1.p
OG0007879	VIT_201s0011g03710.3, VIT_201s0011g03710.2, VIT_201s0011g03710.1, VIT_201s0011g03700.1	Aqcoe3G401700.1.p
OG0007880	VIT_217s0000g04050.1	Aqcoe3G398600.1.p
OG0007881	VIT_217s0000g00520.3, VIT_217s0000g00520.2, VIT_217s0000g00520.1	Aqcoe3G433500.3.p, Aqcoe3G433500.2.p, Aqcoe3G433500.1.p, Aqcoe3G263000.1.p
OG0007882	VIT_214s0108g01460.1	Aqcoe3G058000.1.p
OG0007883	VIT_201s0011g06560.9, VIT_201s0011g06560.8, VIT_201s0011g06560.1, VIT_201s0011g06560.3, VIT_201s0011g06560.5, VIT_201s0011g06560.2, VIT_201s0011g06560.7, VIT_201s0011g06560.6, VIT_201s0011g06560.4	Aqcoe3G365800.1.p
OG0007884	VIT_202s0012g00930.1	Aqcoe3G230100.1.p
OG0007885	VIT_204s0008g07400.1	Aqcoe3G386100.1.p, Aqcoe3G386100.2.p
OG0007886	VIT_200s0287g00080.1	Aqcoe3G263500.1.p
OG0007887	VIT_214s0066g01140.1	Aqcoe3G123300.1.p
OG0007888	VIT_201s0026g02500.1, VIT_201s0026g02500.2, VIT_206s0061g00570.1	Aqcoe3G339500.1.p, Aqcoe3G339500.2.p
OG0007889	VIT_217s0053g00090.3, VIT_217s0053g00090.4, VIT_217s0053g00090.1, VIT_217s0053g00090.2	Aqcoe3G438800.1.p, Aqcoe3G438800.2.p
OG0007890	VIT_217s0000g01180.2, VIT_217s0000g01180.1	Aqcoe3G075700.1.p, Aqcoe3G075700.3.p, Aqcoe3G075700.2.p, Aqcoe3G198800.1.p
OG0007891	VIT_203s0063g00270.1, VIT_203s0063g00270.2	Aqcoe3G359700.1.p
OG0007892	VIT_210s0071g01160.1	Aqcoe3G444500.1.p
OG0007893	VIT_214s0108g01100.1	Aqcoe3G347500.1.p
OG0007894	VIT_212s0028g01250.2, VIT_212s0028g01250.3, VIT_212s0028g01250.1	Aqcoe3G184400.1.p, Aqcoe3G184400.2.p, Aqcoe3G184400.3.p
OG0007895	VIT_216s0039g01570.1, VIT_202s0012g01550.1	Aqcoe3G223000.1.p
OG0007896	VIT_217s0000g04330.1, VIT_217s0000g04330.3, VIT_217s0000g04330.2	Aqcoe3G392700.2.p, Aqcoe3G392700.3.p, Aqcoe3G392700.1.p, Aqcoe3G392700.4.p
OG0007897	VIT_214s0108g01490.1, VIT_214s0108g01490.2	Aqcoe3G056000.1.p
OG0007898	VIT_201s0010g03620.1, VIT_201s0010g03620.2	Aqcoe3G200500.2.p, Aqcoe3G200500.1.p
OG0007899	VIT_214s0108g00400.1	Aqcoe3G332800.1.p, Aqcoe3G332800.2.p
OG0007900	VIT_217s0000g05570.1	Aqcoe3G324100.1.p
OG0007901	VIT_201s0026g00600.1, VIT_201s0026g00600.2	Aqcoe3G305700.1.p, Aqcoe3G305700.2.p
OG0007902	VIT_217s0000g04170.5, VIT_217s0000g04170.2, VIT_217s0000g04170.4, VIT_217s0000g04170.1, VIT_217s0000g04170.3	Aqcoe3G395600.1.p, Aqcoe3G395600.2.p
OG0007903	VIT_201s0011g06040.1	Aqcoe3G413200.1.p, Aqcoe3G413200.2.p
OG0007904	VIT_214s0006g02230.1, VIT_214s0006g02230.3, VIT_214s0006g02230.2, VIT_214s0006g02230.4, VIT_205s0124g00520.1	Aqcoe3G020800.1.p
OG0007905	VIT_217s0000g00930.1	Aqcoe3G411900.4.p, Aqcoe3G411900.1.p, Aqcoe3G411900.2.p, Aqcoe3G411900.3.p
OG0007906	VIT_206s0004g02920.5, VIT_206s0004g02920.3, VIT_206s0004g02920.1, VIT_206s0004g02920.2, VIT_206s0004g02920.4	Aqcoe3G328300.1.p, Aqcoe3G328300.2.p
OG0007907	VIT_210s0071g00870.1, VIT_210s0071g00870.2, VIT_210s0071g00870.3	Aqcoe3G441000.1.p
OG0007908	VIT_214s0060g01400.1	Aqcoe3G288800.1.p, Aqcoe3G288800.2.p
OG0007909	VIT_214s0066g01750.3, VIT_214s0066g01750.4, VIT_214s0066g01750.1, VIT_214s0066g01750.2	Aqcoe3G107500.1.p
OG0007911	VIT_219s0090g00060.4, VIT_219s0090g00060.2, VIT_219s0090g00060.3, VIT_219s0090g00060.5, VIT_219s0090g00060.1	Aqcoe3G314300.1.p
OG0007912	VIT_214s0108g01420.1, VIT_214s0108g01420.4, VIT_214s0108g01420.2, VIT_214s0108g01420.3	Aqcoe3G357700.1.p
OG0007913	VIT_217s0000g04200.1	Aqcoe3G395400.1.p
OG0007914	VIT_214s0108g00870.1, VIT_217s0000g06270.1	Aqcoe3G340100.1.p
OG0007915	VIT_201s0127g00270.1	Aqcoe3G282800.1.p, Aqcoe3G282800.2.p, Aqcoe3G282800.3.p
OG0007916	VIT_200s0125g00250.1, VIT_200s0125g00250.2, VIT_200s0125g00250.4, VIT_200s0125g00250.3	Aqcoe3G132100.2.p, Aqcoe3G132100.1.p, Aqcoe0015s0010.1.p
OG0007917	VIT_216s0039g01540.1, VIT_216s0039g01550.1	Aqcoe3G234600.1.p
OG0007918	VIT_214s0006g01830.3, VIT_214s0006g01830.2, VIT_214s0006g01830.1	Aqcoe3G410100.2.p, Aqcoe3G410100.4.p, Aqcoe3G410100.5.p, Aqcoe3G410100.3.p, Aqcoe3G410100.1.p
OG0007919	VIT_201s0011g02300.1, VIT_201s0011g02300.2, VIT_201s0011g02300.6, VIT_201s0011g02300.4, VIT_201s0011g02300.3, VIT_201s0011g02300.5	Aqcoe3G386700.2.p, Aqcoe3G386700.1.p
OG0007920	VIT_217s0000g05120.1	Aqcoe3G063800.1.p
OG0007921	VIT_202s0012g00480.4, VIT_202s0012g00480.3, VIT_202s0012g00480.1, VIT_202s0012g00480.2	Aqcoe3G256000.1.p
OG0007922	VIT_214s0083g00450.1, VIT_214s0083g00450.2	Aqcoe3G052600.1.p, Aqcoe3G052600.2.p
OG0007923	VIT_202s0087g00950.1	Aqcoe3G268200.2.p, Aqcoe3G268200.1.p, Aqcoe3G268200.3.p
OG0007924	VIT_217s0000g03500.1	Aqcoe3G032900.1.p
OG0007925	VIT_201s0011g05050.4, VIT_201s0011g05050.5, VIT_201s0011g05050.1, VIT_201s0011g05050.3, VIT_201s0011g05050.2, VIT_217s0000g02440.7, VIT_217s0000g02440.6, VIT_217s0000g02440.3, VIT_217s0000g02440.2, VIT_217s0000g02440.5, VIT_217s0000g02440.4, VIT_217s0000g02440.1	Aqcoe3G002900.1.p
OG0007926	VIT_217s0000g02840.1, VIT_217s0000g02840.3, VIT_217s0000g02840.4, VIT_217s0000g02840.2	Aqcoe3G053700.1.p
OG0007927	VIT_210s0116g00620.1, VIT_219s0177g00160.1	Aqcoe3G117900.1.p
OG0007977	VIT_200s1450g00010.1, VIT_210s0003g03850.1	Aqcoe0157s0002.1.p, Aqcoe4G007600.1.p, Aqcoe4G007600.2.p
OG0007978	VIT_204s0023g03200.1, VIT_204s0023g03200.2	Aqcoe0038s0001.2.p, Aqcoe0038s0001.3.p, Aqcoe0038s0001.1.p, Aqcoe1G468300.1.p, Aqcoe0033s0002.1.p
OG0007979	VIT_213s0019g04710.1	Aqcoe2G203300.1.p, Aqcoe1G134600.1.p
OG0007980	VIT_208s0007g08540.2, VIT_208s0007g08540.1, VIT_208s0007g08540.3	Aqcoe2G017000.1.p
OG0007981	VIT_204s0023g00170.2, VIT_204s0023g00170.4, VIT_204s0023g00170.3, VIT_204s0023g00170.1	Aqcoe2G408400.2.p, Aqcoe2G408400.3.p, Aqcoe2G408400.1.p
OG0007982	VIT_208s0007g03300.1, VIT_208s0007g03300.2	Aqcoe2G106300.2.p, Aqcoe2G106300.1.p
OG0007983	VIT_205s0062g01150.2, VIT_205s0062g01150.1	Aqcoe2G428100.1.p
OG0007984	VIT_203s0063g01100.1, VIT_203s0063g01100.4, VIT_203s0063g01100.2, VIT_203s0063g01100.5, VIT_203s0063g01100.3	Aqcoe2G018300.1.p
OG0007985	VIT_219s0014g04350.1, VIT_213s0073g00590.1	Aqcoe2G201900.1.p
OG0007987	VIT_214s0060g01620.2, VIT_214s0060g01620.1	Aqcoe2G283800.2.p, Aqcoe2G283800.1.p
OG0007988	VIT_208s0007g08780.1	Aqcoe1G036900.1.p, Aqcoe2G023800.1.p
OG0007989	VIT_205s0020g01600.2, VIT_205s0020g01600.1, VIT_205s0020g01600.3	Aqcoe2G306900.1.p
OG0007990	VIT_206s0004g08450.1, VIT_206s0004g08450.2	Aqcoe2G068800.3.p, Aqcoe2G068800.4.p, Aqcoe2G068800.1.p, Aqcoe2G068800.2.p
OG0007991	VIT_214s0060g01200.1	Aqcoe2G275300.1.p
OG0007992	VIT_209s0002g01860.1	Aqcoe2G290000.1.p, Aqcoe7G028600.1.p, Aqcoe2G075700.1.p
OG0007993	VIT_207s0005g06360.1	Aqcoe2G400400.4.p, Aqcoe2G400400.3.p, Aqcoe2G400400.1.p, Aqcoe2G400400.2.p
OG0007994	VIT_205s0020g04070.3, VIT_205s0020g04070.2, VIT_205s0020g04070.5, VIT_205s0020g04070.1, VIT_205s0020g04070.4	Aqcoe2G352800.1.p
OG0007995	VIT_207s0005g06550.1, VIT_207s0005g06550.2, VIT_213s0084g00340.1	Aqcoe2G048300.1.p
OG0007996	VIT_207s0104g00710.2, VIT_207s0104g00710.1	Aqcoe2G323600.3.p, Aqcoe2G323600.5.p, Aqcoe2G323600.4.p, Aqcoe2G323600.1.p, Aqcoe2G323600.2.p
OG0007997	VIT_204s0023g00470.1, VIT_204s0023g00470.2, VIT_204s0023g00470.3	Aqcoe2G419900.1.p, Aqcoe2G051600.1.p
OG0007998	VIT_205s0077g01350.2, VIT_205s0077g01350.4, VIT_205s0077g01350.1, VIT_205s0077g01350.3	Aqcoe2G278900.2.p, Aqcoe2G278900.1.p
OG0007999	VIT_204s0023g03370.1, VIT_218s0001g14310.1	Aqcoe2G181600.1.p
OG0008000	VIT_205s0102g00720.2, VIT_205s0102g00720.1	Aqcoe2G434800.3.p, Aqcoe2G434800.2.p, Aqcoe2G434800.1.p
OG0008001	VIT_205s0020g04120.1	Aqcoe7G443800.1.p, Aqcoe1G230000.1.p, Aqcoe2G268400.1.p
OG0008002	VIT_207s0104g00600.1	Aqcoe5G063100.1.p, Aqcoe2G327600.1.p
OG0008003	VIT_206s0004g01360.1, VIT_206s0004g01360.2, VIT_206s0004g01360.3	Aqcoe2G009000.1.p
OG0008004	VIT_205s0020g04170.3, VIT_205s0020g04170.2, VIT_205s0020g04170.1	Aqcoe2G353600.1.p, Aqcoe2G353600.2.p
OG0008005	VIT_213s0019g03670.1	Aqcoe2G083600.1.p
OG0008006	VIT_207s0005g01240.1, VIT_207s0005g01240.2	Aqcoe2G278300.1.p
OG0008007	VIT_208s0007g04920.2, VIT_208s0007g04920.3, VIT_208s0007g04920.1	Aqcoe2G207500.1.p
OG0008008	VIT_208s0007g08530.1, VIT_213s0064g00380.1	Aqcoe2G016900.1.p
OG0008009	VIT_213s0019g04350.1	Aqcoe2G170700.1.p, Aqcoe2G170700.2.p
OG0008010	VIT_200s0304g00010.1	Aqcoe6G088300.1.p, Aqcoe2G153500.1.p
OG0008011	VIT_207s0005g02190.1, VIT_207s0005g02190.3, VIT_207s0005g02190.4, VIT_207s0005g02190.2	Aqcoe2G255900.2.p, Aqcoe7G126400.1.p, Aqcoe2G255900.1.p
OG0008012	VIT_206s0004g02360.2, VIT_206s0004g02360.1	Aqcoe2G018200.1.p
OG0008013	VIT_206s0004g00490.1, VIT_208s0007g07250.1	Aqcoe2G057200.1.p
OG0008014	VIT_205s0020g04570.1	Aqcoe2G356500.1.p
OG0008015	VIT_205s0020g03430.1, VIT_205s0020g03430.3, VIT_205s0020g03430.2	Aqcoe2G345300.1.p, Aqcoe2G345300.2.p
OG0008016	VIT_205s0029g00730.1, VIT_205s0029g00700.1, VIT_205s0029g00720.1	Aqcoe2G402200.1.p
OG0008017	VIT_208s0007g04000.1	Aqcoe2G187000.1.p
OG0008018	VIT_204s0023g00680.1	Aqcoe2G186200.7.p, Aqcoe2G186200.6.p, Aqcoe2G186200.3.p, Aqcoe2G186200.5.p, Aqcoe2G186200.4.p, Aqcoe2G186200.2.p, Aqcoe2G186200.1.p
OG0008019	VIT_206s0080g00570.1	Aqcoe2G122400.1.p, Aqcoe1G442700.1.p
OG0008020	VIT_214s0060g01945.1	Aqcoe2G299100.1.p, Aqcoe5G091700.1.p, Aqcoe5G385700.1.p, Aqcoe7G441600.1.p
OG0008021	VIT_204s0043g00950.1, VIT_204s0023g00290.2, VIT_204s0023g00290.1	Aqcoe7G135700.1.p, Aqcoe2G318300.1.p
OG0008022	VIT_205s0051g00580.1	Aqcoe2G391100.1.p
OG0008023	VIT_207s0005g01150.2, VIT_207s0005g01150.1	Aqcoe2G279700.1.p, Aqcoe2G279700.3.p, Aqcoe2G279700.2.p
OG0008024	VIT_207s0005g01190.1, VIT_207s0005g01190.2	Aqcoe2G219900.3.p, Aqcoe2G219900.4.p, Aqcoe2G219900.1.p, Aqcoe2G219900.2.p
OG0008025	VIT_214s0081g00650.1, VIT_214s0081g00650.2	Aqcoe2G368800.2.p, Aqcoe2G368800.1.p, Aqcoe2G368800.3.p
OG0008026	VIT_214s0060g00610.1, VIT_214s0060g00610.4, VIT_214s0060g00610.2, VIT_214s0060g00610.3, VIT_214s0060g00610.5	Aqcoe4G101400.1.p, Aqcoe2G259800.1.p
OG0008027	VIT_214s0068g02060.1	Aqcoe7G104200.1.p, Aqcoe5G358300.1.p, Aqcoe2G220800.1.p
OG0008028	VIT_205s0020g00880.1, VIT_205s0020g00880.2	Aqcoe2G248300.1.p
OG0008029	VIT_205s0077g01880.1	Aqcoe2G286700.1.p
OG0008030	VIT_206s0080g00250.1	Aqcoe2G138700.1.p
OG0008031	VIT_205s0049g02310.1, VIT_205s0049g02310.2	Aqcoe2G385600.1.p, Aqcoe2G385600.2.p
OG0008032	VIT_208s0007g07480.1	Aqcoe2G064500.6.p, Aqcoe2G064500.3.p, Aqcoe2G064500.4.p, Aqcoe2G064500.5.p, Aqcoe2G064500.2.p, Aqcoe2G064500.1.p
OG0008033	VIT_208s0058g00490.3, VIT_208s0058g00490.2, VIT_208s0058g00490.1	Aqcoe2G082100.1.p
OG0008034	VIT_205s0020g00420.1	Aqcoe2G259900.1.p, Aqcoe5G297300.1.p
OG0008035	VIT_204s0023g00840.1	Aqcoe2G031100.1.p
OG0008036	VIT_218s0001g07670.1	Aqcoe5G166600.1.p, Aqcoe5G166600.2.p, Aqcoe2G429300.1.p
OG0008037	VIT_219s0085g00630.1, VIT_219s0085g00630.2	Aqcoe2G021800.1.p
OG0008038	VIT_205s0102g00350.1, VIT_205s0102g00360.1	Aqcoe2G436700.1.p
OG0008039	VIT_216s0039g00310.1, VIT_216s0039g00310.5, VIT_201s0127g00883.1, VIT_216s0039g00310.3, VIT_216s0039g00310.2, VIT_216s0039g00310.4	Aqcoe2G042400.1.p
OG0008040	VIT_202s0087g00330.1, VIT_202s0087g00280.1, VIT_202s0087g00320.1	Aqcoe2G070600.1.p
OG0008041	VIT_205s0051g00450.1	Aqcoe2G393600.1.p, Aqcoe2G393600.2.p, Aqcoe2G393600.3.p
OG0008042	VIT_204s0044g00320.2, VIT_204s0044g00320.1, VIT_204s0044g00320.4, VIT_204s0044g00320.3, VIT_204s0044g00320.6, VIT_204s0044g00320.5	Aqcoe2G228500.1.p
OG0008043	VIT_213s0019g00870.1	Aqcoe1G466500.1.p
OG0008044	VIT_208s0040g00270.1	Aqcoe2G037900.1.p
OG0008045	VIT_214s0081g00150.1	Aqcoe2G362600.1.p
OG0008046	VIT_204s0044g00980.1, VIT_204s0044g00980.3, VIT_204s0044g00980.2	Aqcoe5G037900.1.p, Aqcoe2G142600.2.p, Aqcoe2G142600.1.p
OG0008047	VIT_208s0032g01170.4, VIT_208s0032g01170.5, VIT_208s0032g01170.6, VIT_208s0032g01170.3, VIT_208s0032g01170.1, VIT_208s0032g01170.2, VIT_208s0032g01170.7	Aqcoe2G068200.1.p, Aqcoe2G068200.2.p
OG0008048	VIT_204s0023g00310.4, VIT_204s0023g00310.1, VIT_204s0023g00310.5, VIT_204s0023g00310.3, VIT_204s0023g00310.2	Aqcoe2G425600.1.p
OG0008049	VIT_208s0040g00620.2, VIT_208s0040g00620.1	Aqcoe2G062100.3.p, Aqcoe2G062100.1.p, Aqcoe2G062100.2.p
OG0008050	VIT_206s0009g01890.2, VIT_206s0009g01890.4, VIT_206s0009g01890.3, VIT_206s0009g01890.1	Aqcoe2G434300.1.p
OG0008051	VIT_208s0007g04900.3, VIT_208s0007g04900.1, VIT_208s0007g04900.2	Aqcoe2G207900.1.p
OG0008052	VIT_208s0056g00320.2, VIT_208s0056g00320.6, VIT_208s0056g00320.4, VIT_208s0056g00320.1, VIT_208s0056g00320.3, VIT_208s0056g00320.5	Aqcoe2G075900.2.p, Aqcoe2G075900.1.p
OG0008053	VIT_207s0005g01630.1	Aqcoe1G447500.1.p, Aqcoe2G272200.1.p
OG0008054	VIT_200s0333g00020.1, VIT_200s0333g00020.3, VIT_200s0333g00020.2	Aqcoe2G409300.2.p, Aqcoe2G409300.1.p, Aqcoe2G409300.4.p, Aqcoe2G409300.3.p
OG0008055	VIT_216s0039g02270.1, VIT_216s0039g02270.4, VIT_216s0039g02270.2, VIT_216s0039g02270.3, VIT_216s0039g02270.5, VIT_216s0039g02270.6, VIT_216s0039g02270.7	Aqcoe2G313100.1.p
OG0008056	VIT_214s0128g00750.1, VIT_219s0015g02220.1, VIT_215s0045g00670.1	Aqcoe2G341700.2.p, Aqcoe2G341700.1.p
OG0008057	VIT_208s0040g02300.1	Aqcoe2G327300.1.p
OG0008058	VIT_218s0001g08700.3, VIT_218s0001g08700.2, VIT_218s0001g08700.4, VIT_218s0001g08700.1	Aqcoe6G266600.1.p, Aqcoe2G143900.1.p
OG0008059	VIT_206s0004g01160.1	Aqcoe2G011000.3.p, Aqcoe2G011000.1.p, Aqcoe2G011000.2.p, Aqcoe2G011000.4.p
OG0008060	VIT_213s0101g00410.1, VIT_213s0101g00410.2	Aqcoe1G442800.1.p, Aqcoe1G442800.2.p, Aqcoe2G122600.5.p, Aqcoe2G122600.2.p, Aqcoe2G122600.1.p
OG0008061	VIT_205s0077g01050.1	Aqcoe2G272400.1.p
OG0008062	VIT_207s0151g00810.1	Aqcoe2G347300.1.p, Aqcoe5G053000.1.p
OG0008063	VIT_211s0037g00030.1, VIT_211s0037g00030.2, VIT_211s0037g00030.4, VIT_211s0037g00030.3	Aqcoe7G313400.1.p, Aqcoe4G203700.1.p, Aqcoe1305s0002.1.p
OG0008064	VIT_204s0044g01680.1	Aqcoe6G031300.2.p, Aqcoe6G031300.1.p
OG0008065	VIT_218s0072g00430.1, VIT_207s0031g02080.1, VIT_204s0044g00180.1, VIT_207s0031g02075.1	Aqcoe6G110500.1.p, Aqcoe6G110400.1.p
OG0008066	VIT_218s0041g02150.1	Aqcoe6G007600.1.p
OG0008067	VIT_212s0035g01810.4, VIT_212s0035g01810.3, VIT_212s0035g01810.2, VIT_212s0035g01810.1	Aqcoe6G004000.2.p, Aqcoe6G004000.1.p
OG0008068	VIT_218s0001g11160.1	Aqcoe6G151600.1.p
OG0008069	VIT_207s0031g00340.2, VIT_207s0031g00340.1	Aqcoe6G136700.1.p, Aqcoe5G147100.1.p, Aqcoe5G147100.2.p
OG0008070	VIT_207s0031g00935.1, VIT_212s0055g01145.1	Aqcoe6G060000.1.p, Aqcoe6G060100.1.p, Aqcoe6G059900.1.p, Aqcoe6G060600.1.p, Aqcoe6G060800.1.p, Aqcoe6G060700.1.p, Aqcoe6G060900.1.p, Aqcoe6G060200.1.p, Aqcoe6G061000.1.p
OG0008071	VIT_218s0001g12130.1	Aqcoe6G111800.1.p
OG0008072	VIT_200s0211g00060.1	Aqcoe6G068900.2.p, Aqcoe6G068900.1.p
OG0008073	VIT_203s0063g01040.1	Aqcoe5G170000.1.p
OG0008073	VIT_200s0567g00020.1	Aqcoe6G094600.1.p, Aqcoe6G094600.2.p
OG0008074	VIT_219s0027g00340.1	Aqcoe1G183200.1.p
OG0008075	VIT_218s0001g06590.1, VIT_218s0001g06590.2, VIT_218s0001g06590.3	Aqcoe6G076000.1.p, Aqcoe6G076000.2.p
OG0008076	VIT_212s0134g00560.2, VIT_212s0134g00560.3, VIT_212s0134g00560.1	Aqcoe6G287700.1.p, Aqcoe6G142000.1.p
OG0008077	VIT_203s0063g00280.1, VIT_203s0063g00280.2, VIT_203s0063g00280.4, VIT_203s0063g00280.3	Aqcoe7G323400.1.p, Aqcoe6G139400.1.p
OG0008078	VIT_212s0055g01100.2, VIT_212s0055g01100.1, VIT_200s0357g00070.1, VIT_200s0357g00020.1	Aqcoe3G212500.1.p, Aqcoe3G212500.2.p, Aqcoe6G061400.1.p
OG0008079	VIT_218s0001g05640.1	Aqcoe6G084700.1.p
OG0008080	VIT_207s0130g00510.1, VIT_206s0004g08500.1	Aqcoe6G037900.1.p, Aqcoe6G277500.1.p
OG0008081	VIT_203s0063g01950.1	Aqcoe6G105000.1.p
OG0008082	VIT_212s0035g00640.1, VIT_212s0035g00640.2	Aqcoe6G015100.1.p, Aqcoe6G015100.2.p
OG0008083	VIT_218s0001g07300.2, VIT_218s0001g07300.3, VIT_218s0001g07300.1	Aqcoe5G162100.2.p, Aqcoe5G162100.1.p, Aqcoe6G155100.1.p
OG0008084	VIT_203s0038g04720.1, VIT_204s0023g01980.1, VIT_204s0043g00820.1	Aqcoe6G122700.1.p
OG0008086	VIT_218s0041g01220.1, VIT_218s0041g01150.1, VIT_218s0041g01220.2, VIT_218s0041g01190.1	Aqcoe6G009600.1.p
OG0008087	VIT_203s0091g00650.1, VIT_218s0001g09270.1	Aqcoe5G104500.1.p, Aqcoe5G104500.2.p, Aqcoe6G287800.1.p
OG0008088	VIT_218s0001g08540.1, VIT_218s0001g08540.2	Aqcoe6G316100.2.p, Aqcoe6G316100.1.p
OG0008089	VIT_207s0151g00470.1	Aqcoe6G313300.1.p
OG0008090	VIT_204s0023g01730.2, VIT_204s0023g01730.1, VIT_204s0023g01730.4, VIT_204s0023g01730.3	Aqcoe6G119000.2.p, Aqcoe6G119000.1.p
OG0008091	VIT_207s0191g00110.2, VIT_207s0191g00110.1, VIT_207s0191g00100.1	Aqcoe6G077700.1.p
OG0008092	VIT_207s0191g00160.1, VIT_207s0191g00140.1	Aqcoe6G077300.1.p
OG0008093	VIT_218s0001g14110.2, VIT_218s0001g14110.1	Aqcoe6G207300.1.p
OG0008094	VIT_212s0034g02550.1	Aqcoe6G007400.1.p
OG0008095	VIT_218s0001g03080.2, VIT_218s0001g03080.1	Aqcoe6G020300.1.p
OG0008096	VIT_212s0034g01240.1	Aqcoe6G017600.1.p, Aqcoe6G017700.1.p
OG0008097	VIT_207s0151g00140.1, VIT_207s0151g00490.1	Aqcoe6G275900.1.p
OG0008097	VIT_200s1311g00010.1	Aqcoe5G103300.2.p, Aqcoe5G103300.1.p
OG0008098	VIT_218s0001g11260.1	Aqcoe6G096300.1.p
OG0008100	VIT_209s0018g01270.1, VIT_209s0018g01270.2, VIT_209s0018g01270.3	Aqcoe6G179100.3.p, Aqcoe6G179100.4.p, Aqcoe6G179100.2.p, Aqcoe6G179100.1.p
OG0008101	VIT_203s0063g02120.1, VIT_204s0023g01320.1	Aqcoe6G111500.1.p
OG0008102	VIT_218s0001g00210.1	Aqcoe5G124600.1.p
OG0008103	VIT_207s0031g01250.1	Aqcoe6G057200.2.p, Aqcoe6G057200.1.p, Aqcoe6G057100.1.p
OG0008104	VIT_216s0098g00550.1, VIT_216s0098g00550.2	Aqcoe6G244000.2.p, Aqcoe6G244000.1.p, Aqcoe6G244000.3.p
OG0008105	VIT_218s0001g10580.1	Aqcoe6G142700.1.p, Aqcoe6G142700.3.p, Aqcoe6G142700.2.p
OG0008106	VIT_203s0038g04170.1	Aqcoe5G111600.1.p
OG0008106	VIT_204s0044g01990.1	Aqcoe6G327900.1.p, Aqcoe5G099500.1.p, Aqcoe7G412000.1.p, Aqcoe7G267400.1.p, Aqcoe3G317100.1.p
OG0008107	VIT_218s0122g00380.1, VIT_218s0122g00380.2	Aqcoe6G327700.3.p, Aqcoe6G327700.4.p, Aqcoe6G327700.1.p, Aqcoe6G327700.2.p, Aqcoe5G111900.2.p, Aqcoe5G111900.1.p
OG0008108	VIT_218s0001g06050.1, VIT_218s0001g06200.1	Aqcoe6G080400.1.p, Aqcoe0115s0003.1.p
OG0008109	VIT_218s0122g00890.1	Aqcoe6G167400.1.p
OG0008110	VIT_203s0091g00440.1	Aqcoe6G295600.2.p, Aqcoe6G295600.1.p, Aqcoe6G295600.3.p
OG0008111	VIT_215s0045g00500.1	Aqcoe6G011900.2.p, Aqcoe6G011900.1.p
OG0008112	VIT_218s0001g10480.1, VIT_218s0001g10480.2, VIT_203s0038g00660.1, VIT_203s0038g00660.2	Aqcoe6G140600.1.p, Aqcoe6G140600.2.p
OG0008113	VIT_207s0031g01920.4, VIT_207s0031g01920.1, VIT_207s0031g01920.2, VIT_207s0031g01920.3, VIT_218s0072g00140.5, VIT_218s0072g00140.4, VIT_218s0072g00140.3, VIT_218s0072g00140.1, VIT_218s0072g00140.2	Aqcoe6G043800.1.p
OG0008114	VIT_207s0130g00480.1, VIT_207s0130g00480.4, VIT_207s0130g00480.3, VIT_207s0130g00480.2	Aqcoe6G328600.1.p
OG0008115	VIT_205s0029g00100.1, VIT_207s0031g02480.1	Aqcoe6G027100.1.p
OG0008116	VIT_218s0001g05890.1, VIT_218s0001g05850.1	Aqcoe6G145900.1.p, Aqcoe5G098300.1.p, Aqcoe6G304400.1.p
OG0008117	VIT_219s0014g05210.2, VIT_219s0014g05210.1, VIT_219s0014g05210.3	Aqcoe6G184200.3.p, Aqcoe6G184200.1.p, Aqcoe6G184200.2.p
OG0008118	VIT_203s0038g00420.1	Aqcoe6G090300.2.p, Aqcoe6G090300.1.p
OG0008119	VIT_214s0066g01740.1	Aqcoe6G084600.1.p
OG0008120	VIT_200s1235g00010.2, VIT_200s1235g00010.1	Aqcoe6G196400.4.p, Aqcoe6G196400.3.p, Aqcoe6G196400.5.p, Aqcoe6G196400.2.p, Aqcoe6G196400.1.p
OG0008121	VIT_218s0001g12340.1, VIT_204s0023g01520.1	Aqcoe6G115400.1.p
OG0008122	VIT_203s0038g01780.1	Aqcoe6G208700.1.p
OG0008123	VIT_212s0028g01400.2, VIT_212s0028g01400.4, VIT_212s0028g01400.3, VIT_212s0028g01400.1	Aqcoe6G049900.1.p
OG0008124	VIT_202s0033g00190.2, VIT_202s0033g00190.3, VIT_202s0033g00190.1	Aqcoe6G076900.1.p
OG0008125	VIT_207s0129g00480.1, VIT_207s0129g00500.1	Aqcoe6G291400.1.p
OG0008126	VIT_218s0001g14530.2, VIT_218s0001g14530.1, VIT_212s0055g00925.1	Aqcoe6G214000.1.p
OG0008127	VIT_218s0001g12230.2, VIT_218s0001g12230.1, VIT_218s0001g12230.3, VIT_218s0001g12230.4, VIT_218s0001g12230.5	Aqcoe6G112800.3.p, Aqcoe6G112800.2.p, Aqcoe6G112800.1.p
OG0008128	VIT_218s0001g00440.1	Aqcoe6G198000.1.p
OG0008129	VIT_218s0001g11370.1, VIT_218s0001g11370.2, VIT_218s0001g11370.3	Aqcoe6G101500.1.p
OG0008130	VIT_204s0023g01770.2, VIT_204s0023g01770.1	Aqcoe6G120100.1.p
OG0008131	VIT_204s0023g01220.1, VIT_203s0063g02100.1	Aqcoe5G198900.2.p, Aqcoe5G198900.3.p, Aqcoe5G198900.1.p, Aqcoe6G110900.1.p
OG0008132	VIT_211s0016g05080.1, VIT_211s0016g05080.4, VIT_211s0016g05080.3, VIT_211s0016g05080.2, VIT_211s0016g05080.5	Aqcoe6G171500.1.p
OG0008133	VIT_203s0038g03670.2, VIT_203s0038g03670.1	Aqcoe6G184300.1.p
OG0008134	VIT_218s0001g02970.1	Aqcoe6G021300.1.p
OG0008135	VIT_217s0000g07300.1	Aqcoe6G246200.1.p, Aqcoe6G085000.1.p
OG0008136	VIT_218s0001g08150.1, VIT_218s0001g08150.2, VIT_218s0001g08150.3, VIT_218s0001g08150.4	Aqcoe6G065400.1.p
OG0008137	VIT_218s0001g02880.1, VIT_218s0001g02920.1, VIT_218s0001g02840.1	Aqcoe6G007300.1.p
OG0008138	VIT_218s0001g13960.1	Aqcoe6G272400.1.p
OG0008138	VIT_203s0038g00930.1, VIT_203s0038g00940.1	Aqcoe5G227300.1.p
OG0008139	VIT_200s0391g00030.1	Aqcoe6G081000.1.p
OG0008140	VIT_209s0054g00780.1, VIT_209s0054g00780.3, VIT_209s0054g00780.6, VIT_209s0054g00780.5, VIT_209s0054g00780.4, VIT_209s0054g00780.2	Aqcoe6G056900.1.p
OG0008141	VIT_204s0023g01650.1	Aqcoe6G117900.1.p
OG0008142	VIT_207s0031g02650.1, VIT_218s0001g02480.2, VIT_218s0001g02480.3, VIT_218s0001g02480.1	Aqcoe6G025000.1.p
OG0008143	VIT_218s0001g00090.1, VIT_218s0001g00090.5, VIT_218s0001g00090.4, VIT_218s0001g00090.2, VIT_218s0001g00090.3	Aqcoe6G188800.1.p
OG0008144	VIT_218s0001g08380.1	Aqcoe6G318700.1.p
OG0008145	VIT_212s0034g02160.2, VIT_212s0034g02160.3, VIT_212s0034g02160.1	Aqcoe6G024200.1.p, Aqcoe6G024200.2.p
OG0008146	VIT_203s0063g00360.2, VIT_203s0063g00360.3, VIT_203s0063g00360.4, VIT_203s0063g00360.1	Aqcoe6G140900.1.p, Aqcoe6G140900.2.p
OG0008147	VIT_213s0019g04050.1	Aqcoe6G173200.1.p
OG0008148	VIT_217s0000g01740.2, VIT_217s0000g01740.1	Aqcoe5G369200.5.p, Aqcoe5G369200.1.p
OG0008149	VIT_219s0014g02750.1	Aqcoe4G103100.1.p, Aqcoe4G103100.2.p, Aqcoe7G244200.1.p
OG0008153	VIT_210s0003g02175.1	Aqcoe1G209200.1.p
OG0008154	VIT_210s0003g03280.2, VIT_210s0003g03280.1	Aqcoe4G001500.2.p, Aqcoe4G001500.1.p, Aqcoe4G001500.4.p, Aqcoe4G001500.3.p
OG0008155	VIT_212s0142g00610.2, VIT_212s0142g00610.1	Aqcoe1G212100.1.p, Aqcoe4G024600.1.p
OG0008156	VIT_210s0003g01720.1, VIT_210s0003g01720.4, VIT_210s0003g01720.3, VIT_210s0003g01720.2	Aqcoe4G029200.1.p, Aqcoe4G029200.2.p
OG0008157	VIT_200s0652g00010.1	Aqcoe4G144000.1.p
OG0008158	VIT_219s0090g01260.3, VIT_219s0090g01260.2, VIT_219s0090g01260.1	Aqcoe4G286600.1.p
OG0008159	VIT_210s0003g01110.2, VIT_210s0003g01110.3, VIT_210s0003g01110.1	Aqcoe4G053000.2.p, Aqcoe4G053000.1.p
OG0008160	VIT_210s0003g04110.1, VIT_210s0003g04110.2, VIT_210s0003g04110.3, VIT_210s0003g04110.4, VIT_210s0003g04110.5	Aqcoe4G000300.2.p, Aqcoe4G000300.1.p
OG0008161	VIT_212s0028g02340.1	Aqcoe4G050800.1.p, Aqcoe1G288000.1.p
OG0008162	VIT_219s0090g01540.1	Aqcoe4G277700.1.p, Aqcoe4G277400.2.p, Aqcoe4G277400.1.p, Aqcoe4G146500.1.p
OG0008163	VIT_219s0014g01660.3, VIT_219s0014g01660.1, VIT_219s0014g01660.2	Aqcoe4G059300.1.p, Aqcoe4G059300.2.p, Aqcoe4G059500.2.p, Aqcoe4G059500.1.p, Aqcoe4G059500.3.p
OG0008164	VIT_212s0057g00990.1	Aqcoe4G311700.1.p
OG0008165	VIT_207s0104g00690.1	Aqcoe4G003900.1.p, Aqcoe4G003900.3.p, Aqcoe4G003900.2.p
OG0008166	VIT_210s0003g00040.1	Aqcoe4G093300.2.p, Aqcoe4G093300.1.p
OG0008167	VIT_205s0094g01450.4, VIT_205s0094g01450.3, VIT_205s0094g01450.2, VIT_205s0094g01450.1	Aqcoe4G000500.1.p
OG0008168	VIT_205s0094g01510.2, VIT_205s0094g01510.1	Aqcoe4G008900.2.p, Aqcoe4G008900.1.p
OG0008169	VIT_209s0018g00440.1	Aqcoe5G267200.1.p, Aqcoe7G376700.1.p, Aqcoe4G145000.3.p, Aqcoe4G145000.5.p, Aqcoe4G145000.4.p, Aqcoe4G145000.7.p, Aqcoe4G145000.6.p, Aqcoe4G145000.1.p, Aqcoe4G145000.2.p, Aqcoe4G144400.1.p, Aqcoe4G144400.2.p, Aqcoe4G144600.1.p, Aqcoe4G144600.6.p, Aqcoe4G144600.5.p, Aqcoe4G144600.4.p, Aqcoe4G144600.2.p, Aqcoe4G144600.3.p, Aqcoe7G374400.2.p, Aqcoe7G374400.1.p
OG0008170	VIT_218s0001g14880.1	Aqcoe4G206300.2.p, Aqcoe4G206300.3.p, Aqcoe4G206300.1.p, Aqcoe1G471800.3.p, Aqcoe1G471800.2.p, Aqcoe1G471800.1.p
OG0008171	VIT_200s0181g00020.1	Aqcoe4G260200.1.p
OG0008172	VIT_210s0003g01630.1, VIT_219s0014g01105.1	Aqcoe4G031200.1.p
OG0008173	VIT_200s0203g00060.3, VIT_200s0203g00060.5, VIT_200s0203g00060.4, VIT_200s0203g00060.2, VIT_200s0203g00060.1	Aqcoe4G263000.1.p
OG0008174	VIT_219s0177g00260.2, VIT_219s0177g00260.1	Aqcoe4G229700.5.p, Aqcoe4G229700.1.p, Aqcoe4G229700.6.p, Aqcoe4G229700.3.p, Aqcoe4G229700.2.p
OG0008175	VIT_200s0259g00170.1	Aqcoe4G128000.2.p, Aqcoe4G128000.1.p
OG0008176	VIT_218s0166g00190.1, VIT_204s0044g00870.1	Aqcoe4G185900.1.p, Aqcoe5G243100.1.p
OG0008177	VIT_203s0017g02090.1, VIT_205s0062g00060.1	Aqcoe3G117600.1.p, Aqcoe4G080300.1.p
OG0008178	VIT_201s0127g00810.1, VIT_216s0050g00660.1	Aqcoe5G109300.2.p, Aqcoe5G109300.1.p, Aqcoe4G077700.1.p
OG0008179	VIT_200s0194g00090.3, VIT_200s0194g00090.1, VIT_200s0194g00090.2	Aqcoe4G303800.1.p
OG0008180	VIT_219s0090g01290.2	Aqcoe4G285400.1.p
OG0008180	VIT_219s0090g01290.1	Aqcoe4G285400.3.p, Aqcoe4G285400.2.p
OG0008181	VIT_208s0040g02200.2, VIT_208s0040g02200.1	Aqcoe7G178500.2.p, Aqcoe7G178500.1.p, Aqcoe4G128900.1.p
OG0008182	VIT_216s0100g00690.1, VIT_216s0100g00690.2	Aqcoe7G043800.1.p
OG0008183	VIT_214s0030g00470.2, VIT_214s0030g00470.1, VIT_214s0030g00470.5, VIT_214s0030g00470.4, VIT_214s0030g00470.3	Aqcoe7G270900.3.p, Aqcoe7G270900.2.p, Aqcoe7G270900.1.p
OG0008184	VIT_215s0046g00360.1	Aqcoe7G008600.1.p
OG0008185	VIT_214s0060g00420.1, VIT_205s0020g00760.1	Aqcoe7G277300.1.p, Aqcoe5G293000.1.p
OG0008186	VIT_204s0008g01390.2, VIT_204s0008g01390.5, VIT_204s0008g01390.1, VIT_204s0008g01390.4, VIT_204s0008g01390.3, VIT_205s0020g04945.1	Aqcoe7G423200.1.p
OG0008187	VIT_206s0004g03360.1	Aqcoe7G106200.3.p, Aqcoe7G106200.1.p, Aqcoe7G106200.2.p
OG0008188	VIT_211s0016g02120.1, VIT_204s0008g01200.1	Aqcoe7G126600.1.p, Aqcoe7G126600.2.p
OG0008189	VIT_209s0002g04320.1	Aqcoe7G172400.1.p
OG0008190	VIT_211s0052g00590.1	Aqcoe7G308700.1.p
OG0008191	VIT_211s0118g00710.3, VIT_211s0118g00710.2, VIT_211s0118g00710.1	Aqcoe7G371700.1.p, Aqcoe7G371700.2.p
OG0008192	VIT_209s0002g02390.2, VIT_209s0002g02390.1	Aqcoe7G129600.1.p
OG0008193	VIT_202s0025g02320.3, VIT_202s0025g02320.2, VIT_202s0025g02320.1, VIT_215s0046g00130.1	Aqcoe7G004700.1.p
OG0008194	VIT_211s0016g03700.2, VIT_211s0016g03700.4, VIT_211s0016g03700.3, VIT_211s0016g03700.6, VIT_211s0016g03700.5, VIT_211s0016g03700.1	Aqcoe7G402600.1.p
OG0008195	VIT_211s0016g04000.1	Aqcoe7G399200.1.p
OG0008196	VIT_214s0060g01230.1	Aqcoe7G347400.1.p
OG0008197	VIT_202s0025g03520.2, VIT_202s0025g03520.4, VIT_202s0025g03520.1, VIT_202s0025g03520.3	Aqcoe7G035800.1.p
OG0008198	VIT_207s0095g00700.1, VIT_207s0095g00570.1	Aqcoe7G246500.1.p
OG0008199	VIT_204s0008g06680.1, VIT_204s0008g06680.3, VIT_204s0008g06680.2	Aqcoe7G355600.1.p, Aqcoe7G355600.2.p, Aqcoe0021s0003.1.p
OG0008200	VIT_201s0011g01540.1	Aqcoe7G232700.1.p, Aqcoe7G141900.1.p, Aqcoe7G141800.1.p, Aqcoe3G268400.1.p
OG0008201	VIT_215s0048g01040.2, VIT_215s0048g01040.1	Aqcoe7G049300.3.p, Aqcoe7G049300.2.p, Aqcoe7G049300.1.p
OG0008202	VIT_211s0052g01700.1, VIT_211s0052g01700.2, VIT_211s0052g01700.3	Aqcoe7G329400.1.p
OG0008203	VIT_215s0046g02830.1, VIT_215s0021g00850.1	Aqcoe7G034700.1.p
OG0008204	VIT_215s0046g02210.1	Aqcoe7G019700.1.p, Aqcoe7G019700.3.p, Aqcoe7G019700.2.p
OG0008205	VIT_204s0008g00530.1	Aqcoe7G144400.1.p
OG0008206	VIT_209s0002g04250.1	Aqcoe7G175100.2.p, Aqcoe7G175100.1.p
OG0008207	VIT_204s0008g02840.1, VIT_204s0008g02840.2	Aqcoe7G283900.1.p, Aqcoe7G283900.2.p
OG0008208	VIT_207s0005g04750.2, VIT_207s0005g04750.1	Aqcoe7G295200.1.p
OG0008209	VIT_211s0052g00540.1	Aqcoe7G316400.1.p, Aqcoe7G316400.2.p
OG0008210	VIT_206s0004g00560.1	Aqcoe1G055900.2.p, Aqcoe1G055900.4.p, Aqcoe7G246000.1.p, Aqcoe1G055900.1.p, Aqcoe1G055900.3.p
OG0008211	VIT_211s0052g01830.1, VIT_211s0052g01830.2	Aqcoe7G333600.2.p, Aqcoe7G333600.1.p
OG0008212	VIT_204s0008g02080.2, VIT_204s0008g02080.1	Aqcoe7G110600.1.p
OG0008213	VIT_211s0016g03670.1	Aqcoe7G169100.1.p, Aqcoe7G169100.3.p, Aqcoe7G169100.2.p
OG0008215	VIT_200s1227g00010.1, VIT_200s0555g00050.1	Aqcoe7G074000.1.p
OG0008216	VIT_216s0050g00580.3, VIT_216s0050g00580.2, VIT_216s0050g00580.1	Aqcoe7G035200.1.p
OG0008217	VIT_211s0037g00110.2, VIT_211s0037g00110.1	Aqcoe7G361200.1.p
OG0008218	VIT_211s0016g01700.1	Aqcoe7G421500.1.p
OG0008219	VIT_211s0016g03000.2, VIT_211s0016g03000.4, VIT_211s0016g03000.3, VIT_211s0016g03000.5, VIT_211s0016g03000.1	Aqcoe7G376800.1.p
OG0008220	VIT_210s0003g03310.1, VIT_210s0003g03310.2, VIT_210s0003g03310.3	Aqcoe7G420100.1.p
OG0008221	VIT_215s0046g00940.1	Aqcoe7G011700.1.p
OG0008222	VIT_208s0056g01690.3, VIT_208s0056g01690.2, VIT_208s0056g01690.4, VIT_208s0056g01690.5, VIT_208s0056g01690.1	Aqcoe7G096000.2.p, Aqcoe7G096000.1.p
OG0008223	VIT_211s0052g00610.1, VIT_211s0052g00610.2, VIT_211s0052g00610.3	Aqcoe7G310400.1.p
OG0008224	VIT_216s0100g00340.1, VIT_202s0025g04520.3, VIT_202s0025g04520.2, VIT_202s0025g04520.1, VIT_202s0025g04520.4	Aqcoe7G050500.1.p
OG0008225	VIT_200s0174g00160.2, VIT_200s0174g00160.1, VIT_200s0174g00160.3, VIT_200s1877g00010.1	Aqcoe7G089200.1.p
OG0008226	VIT_215s0046g02050.2, VIT_215s0046g02050.1	Aqcoe7G031500.2.p, Aqcoe7G031500.1.p
OG0008227	VIT_204s0008g03050.1	Aqcoe5G283700.2.p, Aqcoe5G283700.1.p, Aqcoe7G322500.1.p
OG0008228	VIT_202s0025g01720.1	Aqcoe5G463500.1.p, Aqcoe7G007700.1.p
OG0008229	VIT_211s0052g00030.1	Aqcoe7G242200.1.p
OG0008230	VIT_202s0241g00090.2, VIT_202s0241g00090.3, VIT_202s0241g00090.1	Aqcoe7G071200.1.p
OG0008231	VIT_202s0025g02110.1, VIT_216s0098g01640.2, VIT_216s0098g01640.1, VIT_212s0055g00380.1	Aqcoe7G006400.1.p
OG0008232	VIT_209s0054g01590.2, VIT_209s0054g01590.3, VIT_209s0054g01590.1	Aqcoe7G238700.1.p
OG0008233	VIT_204s0008g06040.1	Aqcoe7G367000.1.p
OG0008234	VIT_211s0037g01400.1	Aqcoe7G338200.1.p
OG0008235	VIT_202s0025g02190.1	Aqcoe7G005500.2.p, Aqcoe7G005500.1.p, Aqcoe7G005500.3.p
OG0008236	VIT_211s0016g04570.1	Aqcoe7G202000.1.p
OG0008237	VIT_203s0038g02560.1	Aqcoe3G112300.1.p, Aqcoe7G183200.1.p, Aqcoe7G183200.2.p
OG0008238	VIT_204s0008g05990.1, VIT_211s0016g01720.1	Aqcoe7G065800.1.p, Aqcoe7G119500.1.p
OG0008239	VIT_209s0002g00760.4, VIT_209s0002g00760.3, VIT_209s0002g00760.2, VIT_209s0002g00760.1, VIT_209s0002g00760.5	Aqcoe7G431600.1.p
OG0008240	VIT_202s0025g00390.1, VIT_202s0025g00390.2, VIT_202s0025g00390.3	Aqcoe7G018700.1.p
OG0008241	VIT_209s0002g06030.3, VIT_209s0002g06030.2, VIT_209s0002g06030.1	Aqcoe7G280600.1.p, Aqcoe7G280600.2.p
OG0008242	VIT_209s0002g04625.1, VIT_204s0008g04550.1	Aqcoe7G182700.1.p
OG0008243	VIT_209s0002g06970.1	Aqcoe7G384700.1.p, Aqcoe7G384700.2.p
OG0008244	VIT_216s0050g00480.1	Aqcoe7G035600.1.p
OG0008245	VIT_216s0039g01590.1, VIT_216s0039g01590.2	Aqcoe7G393900.1.p, Aqcoe1G339300.3.p, Aqcoe1G339300.1.p, Aqcoe1G339300.2.p
OG0008246	VIT_211s0016g02300.1	Aqcoe7G129700.1.p
OG0008247	VIT_202s0025g04480.1	Aqcoe7G049800.1.p
OG0008248	VIT_201s0011g04740.1, VIT_201s0011g04720.1	Aqcoe7G255200.1.p
OG0008249	VIT_209s0070g00080.4, VIT_209s0070g00080.3, VIT_209s0070g00080.1, VIT_209s0070g00080.2	Aqcoe7G361100.1.p
OG0008250	VIT_209s0002g00980.1, VIT_209s0002g00980.3	Aqcoe3G052900.1.p, Aqcoe7G432500.1.p
OG0008251	VIT_215s0021g01910.1, VIT_215s0021g01910.3, VIT_215s0021g01910.2	Aqcoe7G093000.1.p
OG0008252	VIT_211s0016g00800.1	Aqcoe7G109400.2.p, Aqcoe7G109400.1.p, Aqcoe7G109400.4.p, Aqcoe7G109400.3.p
OG0008253	VIT_211s0016g00900.3, VIT_211s0016g00900.1, VIT_211s0016g00900.4, VIT_211s0016g00900.2	Aqcoe7G110200.3.p, Aqcoe7G110200.1.p, Aqcoe7G110200.2.p
OG0008254	VIT_218s0164g00180.1, VIT_211s0016g02960.2, VIT_211s0016g02960.1	Aqcoe7G420200.1.p, Aqcoe7G420200.2.p
OG0008255	VIT_209s0002g06920.1	Aqcoe7G233500.1.p
OG0008256	VIT_202s0087g00840.1	Aqcoe7G098000.1.p
OG0008257	VIT_211s0016g02340.1	Aqcoe7G129100.1.p
OG0008258	VIT_209s0002g06980.1, VIT_209s0002g06980.4, VIT_209s0002g06980.3, VIT_209s0002g06980.2	Aqcoe7G384600.1.p
OG0008259	VIT_200s0181g00140.1, VIT_200s0181g00130.1	Aqcoe5G287200.7.p, Aqcoe5G287200.4.p, Aqcoe5G287200.1.p, Aqcoe5G287200.5.p, Aqcoe5G287200.3.p, Aqcoe7G274000.1.p, Aqcoe7G274000.2.p
OG0008260	VIT_211s0103g00580.1	Aqcoe7G296200.1.p
OG0008261	VIT_211s0016g05470.1	Aqcoe7G264400.4.p, Aqcoe7G264400.3.p, Aqcoe7G264400.1.p, Aqcoe7G264400.6.p, Aqcoe7G264400.5.p, Aqcoe7G264400.7.p, Aqcoe7G264400.2.p
OG0008262	VIT_211s0016g02290.1, VIT_211s0016g02290.2	Aqcoe7G129900.1.p
OG0008263	VIT_204s0008g03880.1	Aqcoe7G177300.1.p
OG0008264	VIT_218s0086g00220.1, VIT_218s0086g00220.2	Aqcoe7G144200.1.p
OG0008265	VIT_218s0001g13210.1	Aqcoe5G182500.1.p, Aqcoe0548s0001.1.p
OG0008266	VIT_208s0032g00080.4, VIT_208s0032g00080.3, VIT_208s0032g00080.6, VIT_208s0032g00080.5, VIT_208s0032g00080.1, VIT_208s0032g00080.2	Aqcoe1G062700.1.p, Aqcoe1G062800.1.p
OG0008267	VIT_219s0014g02610.1, VIT_219s0014g02610.2	Aqcoe1G261200.3.p, Aqcoe1G261200.2.p, Aqcoe1G261200.1.p
OG0008268	VIT_213s0019g01830.1	Aqcoe1G281200.1.p
OG0008269	VIT_212s0028g03780.1	Aqcoe1G267600.1.p, Aqcoe1G267500.1.p
OG0008270	VIT_209s0002g06330.1, VIT_209s0002g06330.2	Aqcoe1G093700.1.p, Aqcoe1G093700.2.p
OG0008271	VIT_219s0085g00490.1	Aqcoe1G164600.2.p, Aqcoe1G164600.1.p
OG0008272	VIT_210s0116g00840.1	Aqcoe1G275700.1.p
OG0008273	VIT_210s0003g04670.1, VIT_210s0003g04670.2, VIT_210s0003g04670.3	Aqcoe1G178700.1.p
OG0008274	VIT_208s0217g00090.2, VIT_208s0217g00090.1	Aqcoe1G411700.1.p
OG0008275	VIT_208s0007g08130.1, VIT_208s0007g08130.2	Aqcoe1G295300.1.p, Aqcoe1G479100.2.p, Aqcoe1G479100.1.p
OG0008276	VIT_206s0061g01380.1	Aqcoe1G456600.1.p
OG0008277	VIT_219s0014g03280.1	Aqcoe1G320600.1.p, Aqcoe1G320600.2.p, Aqcoe1G259600.1.p
OG0008278	VIT_212s0059g02450.2, VIT_212s0059g02450.4, VIT_212s0059g02450.1, VIT_212s0059g02450.3, VIT_212s0059g02450.5	Aqcoe1G362400.1.p
OG0008279	VIT_202s0025g01350.1, VIT_202s0025g01350.2	Aqcoe5G455300.2.p, Aqcoe5G455300.1.p, Aqcoe5G455300.3.p, Aqcoe1G133500.1.p
OG0008280	VIT_206s0004g01540.1, VIT_206s0004g01540.2, VIT_206s0004g01540.3, VIT_206s0004g01540.4	Aqcoe1G019500.1.p
OG0008281	VIT_210s0092g00640.1, VIT_219s0085g00030.1	Aqcoe1G171700.1.p
OG0008282	VIT_206s0080g01150.1	Aqcoe1G427400.1.p, Aqcoe1G427400.2.p, Aqcoe1G427400.3.p
OG0008283	VIT_208s0007g06550.1, VIT_208s0007g06550.4, VIT_208s0007g06550.3, VIT_208s0007g06550.2	Aqcoe1G013300.2.p, Aqcoe1G013300.1.p
OG0008284	VIT_202s0012g02070.1	Aqcoe1G418700.3.p, Aqcoe1G418700.1.p, Aqcoe1G418700.4.p, Aqcoe1G418700.2.p
OG0008286	VIT_213s0106g00790.1	Aqcoe1G446800.1.p
OG0008287	VIT_200s0125g00200.1	Aqcoe1G140200.1.p, Aqcoe1G140200.2.p, Aqcoe1G140300.1.p
OG0008288	VIT_212s0028g03300.1	Aqcoe1G256100.1.p
OG0008289	VIT_208s0007g03640.1, VIT_208s0007g03640.4, VIT_208s0007g03640.3, VIT_208s0007g03640.2	Aqcoe1G450600.3.p, Aqcoe1G450600.1.p, Aqcoe1G450600.2.p
OG0008290	VIT_201s0011g01560.1, VIT_210s0042g00820.1	Aqcoe1G186000.1.p
OG0008291	VIT_212s0028g02530.1, VIT_210s0003g00850.1	Aqcoe1G240300.1.p
OG0008292	VIT_208s0032g00530.2, VIT_208s0032g00530.1	Aqcoe1G070000.1.p, Aqcoe1G070000.2.p
OG0008293	VIT_201s0010g00360.1, VIT_201s0010g03830.1	Aqcoe1G161000.1.p
OG0008294	VIT_207s0005g00640.1	Aqcoe1G022300.1.p, Aqcoe1G022300.3.p, Aqcoe1G022300.2.p, Aqcoe5G089600.1.p
OG0008295	VIT_219s0015g01120.1	Aqcoe1G377600.1.p
OG0008296	VIT_208s0040g02810.1	Aqcoe1G479200.1.p
OG0008297	VIT_217s0000g04620.1	Aqcoe1G445700.1.p, Aqcoe1G445700.2.p
OG0008298	VIT_212s0059g00570.1	Aqcoe1G310500.1.p
OG0008299	VIT_204s0023g00150.2, VIT_204s0023g00150.3, VIT_204s0023g00150.1, VIT_204s0023g00150.4	Aqcoe1G200000.1.p
OG0008300	VIT_208s0058g01390.1	Aqcoe1G503300.1.p
OG0008301	VIT_206s0009g01060.2, VIT_206s0009g01060.1	Aqcoe1G069800.2.p, Aqcoe1G069800.1.p
OG0008302	VIT_219s0085g00010.1	Aqcoe1G167700.1.p
OG0008303	VIT_212s0059g01120.1	Aqcoe3G252800.1.p, Aqcoe3G252800.2.p, Aqcoe1G344300.1.p
OG0008304	VIT_214s0030g01930.1	Aqcoe1G159700.3.p, Aqcoe1G159700.1.p, Aqcoe1G159700.2.p
OG0008305	VIT_210s0003g03510.1	Aqcoe1G190400.6.p, Aqcoe1G190400.3.p, Aqcoe1G190400.5.p, Aqcoe1G190400.4.p, Aqcoe1G190400.2.p, Aqcoe1G190400.1.p
OG0008306	VIT_212s0028g02660.1, VIT_212s0028g02660.2	Aqcoe1G246600.1.p
OG0008307	VIT_206s0004g08220.1	Aqcoe1G499400.1.p
OG0008308	VIT_213s0147g00220.1, VIT_213s0147g00220.5, VIT_213s0147g00220.2, VIT_213s0147g00220.3, VIT_213s0147g00220.4	Aqcoe1G446500.1.p
OG0008309	VIT_210s0003g04050.2, VIT_210s0003g04050.3, VIT_210s0003g04050.1	Aqcoe1G185800.1.p, Aqcoe1G185800.2.p
OG0008310	VIT_214s0030g01680.1	Aqcoe1G026500.1.p, Aqcoe1G026700.1.p
OG0008311	VIT_219s0014g00850.1	Aqcoe1G215600.1.p
OG0008312	VIT_206s0004g04630.2, VIT_206s0004g04630.1	Aqcoe5G148200.1.p, Aqcoe5G148200.3.p, Aqcoe5G148200.2.p, Aqcoe1G461500.1.p, Aqcoe1G461500.2.p
OG0008313	VIT_204s0023g03160.1	Aqcoe1G432500.1.p, Aqcoe1G432500.2.p, Aqcoe1G432500.3.p, Aqcoe1G433000.1.p
OG0008314	VIT_210s0003g02880.1, VIT_210s0003g02880.3, VIT_210s0003g02880.2	Aqcoe1G200400.1.p
OG0008315	VIT_213s0019g03680.3, VIT_213s0019g03680.1, VIT_213s0019g03680.2	Aqcoe1G490100.1.p
OG0008316	VIT_210s0003g02620.1	Aqcoe1G207600.1.p
OG0008317	VIT_202s0012g02780.1, VIT_202s0012g02780.2	Aqcoe1G155400.2.p, Aqcoe1G155400.1.p
OG0008318	VIT_213s0106g00610.2, VIT_213s0106g00610.1, VIT_213s0106g00610.3	Aqcoe1G449100.1.p
OG0008319	VIT_206s0061g01300.1	Aqcoe1G110700.1.p
OG0008320	VIT_204s0008g04290.1	Aqcoe1G248100.1.p
OG0008321	VIT_208s0007g03250.1, VIT_208s0007g03250.2	Aqcoe1G444700.1.p
OG0008322	VIT_210s0116g00550.1	Aqcoe1G353900.1.p
OG0008323	VIT_206s0004g06550.1, VIT_206s0004g06550.2	Aqcoe1G423900.1.p
OG0008324	VIT_206s0004g03260.1	Aqcoe1G491900.1.p
OG0008325	VIT_206s0004g01720.2, VIT_206s0004g01720.1	Aqcoe1G021600.1.p
OG0008326	VIT_210s0003g00130.1	Aqcoe1G254500.1.p
OG0008327	VIT_213s0019g04450.2, VIT_213s0019g04450.1, VIT_208s0040g01740.1	Aqcoe1G140600.1.p
OG0008328	VIT_210s0003g04960.1, VIT_210s0003g04960.2	Aqcoe1G180100.1.p
OG0008329	VIT_208s0007g06710.2, VIT_208s0007g06710.1	Aqcoe1G014900.1.p
OG0008330	VIT_200s0301g00040.1, VIT_213s0073g00040.1	Aqcoe1G324700.1.p
OG0008331	VIT_217s0000g07230.3, VIT_217s0000g07230.2, VIT_217s0000g07230.1	Aqcoe1G390900.1.p, Aqcoe3G365000.2.p, Aqcoe3G365000.1.p
OG0008332	VIT_213s0019g03180.2, VIT_213s0019g03180.1	Aqcoe1G092000.1.p
OG0008333	VIT_208s0007g08290.1, VIT_208s0007g08290.2	Aqcoe1G031900.2.p, Aqcoe1G031900.3.p, Aqcoe1G031900.1.p
OG0008334	VIT_213s0019g00020.1	Aqcoe1G475500.2.p, Aqcoe1G475500.1.p
OG0008335	VIT_208s0032g01230.1	Aqcoe1G078000.1.p
OG0008336	VIT_206s0004g07550.1, VIT_213s0067g02181.1	Aqcoe1G393900.1.p
OG0008337	VIT_210s0116g00390.1	Aqcoe1G355900.1.p
OG0008338	VIT_206s0009g03210.3, VIT_206s0009g03210.2, VIT_206s0009g03210.1	Aqcoe1G149900.1.p
OG0008339	VIT_208s0007g02220.1	Aqcoe1G423200.1.p
OG0008340	VIT_206s0004g02080.1	Aqcoe1G033600.1.p
OG0008341	VIT_204s0008g07335.1, VIT_208s0040g01680.1	Aqcoe1G139600.1.p
OG0008342	VIT_208s0007g03980.1	Aqcoe1G112100.2.p, Aqcoe1G112100.1.p
OG0008343	VIT_219s0014g03080.1, VIT_219s0014g03080.2	Aqcoe1G303300.1.p
OG0008344	VIT_209s0002g02050.1, VIT_202s0012g00960.1, VIT_215s0021g00140.1, VIT_213s0067g02290.2, VIT_213s0067g02290.1	Aqcoe1G396800.1.p, Aqcoe1G396800.2.p
OG0008345	VIT_213s0064g01510.3, VIT_213s0064g01510.1	Aqcoe1G020500.1.p
OG0008346	VIT_201s0011g01230.5, VIT_201s0011g01230.1, VIT_201s0011g01230.4, VIT_201s0011g01230.2, VIT_201s0011g01230.3	Aqcoe1G161800.1.p
OG0008347	VIT_219s0014g01180.1	Aqcoe1G221100.1.p
OG0008348	VIT_212s0028g02540.2, VIT_212s0028g02540.1	Aqcoe1G240400.1.p
OG0008349	VIT_206s0004g03600.1	Aqcoe1G487600.1.p, Aqcoe1G487600.2.p
OG0008350	VIT_201s0011g01520.2, VIT_201s0011g01520.1, VIT_219s0085g00500.1, VIT_219s0085g00500.2, VIT_219s0085g00500.3	Aqcoe1G163400.1.p
OG0008351	VIT_201s0011g01160.1	Aqcoe1G162100.5.p, Aqcoe1G162100.2.p, Aqcoe1G162100.1.p, Aqcoe1G162100.3.p
OG0008352	VIT_213s0067g03440.1, VIT_213s0067g03440.2	Aqcoe1G483700.2.p, Aqcoe1G483700.1.p
OG0008353	VIT_201s0011g04890.4, VIT_201s0011g04890.3, VIT_201s0011g04890.1, VIT_201s0011g04890.2, VIT_201s0011g04890.5	Aqcoe1G348700.1.p, Aqcoe3G126900.1.p, Aqcoe5G311800.1.p
OG0008354	VIT_206s0004g02280.1	Aqcoe1G031700.2.p, Aqcoe1G031700.1.p
OG0008355	VIT_212s0028g03620.1	Aqcoe1G354200.1.p
OG0008356	VIT_200s0259g00150.1	Aqcoe1G374200.1.p
OG0008357	VIT_208s0007g01880.1, VIT_206s0004g07180.1, VIT_206s0004g07180.2	Aqcoe1G083700.1.p
OG0008358	VIT_206s0004g02040.2, VIT_206s0004g02040.4, VIT_206s0004g02040.3, VIT_206s0004g02040.1	Aqcoe1G026200.1.p
OG0008359	VIT_208s0056g00810.1, VIT_208s0056g00810.2	Aqcoe1G042100.1.p, Aqcoe1G042100.2.p
OG0008360	VIT_208s0007g00220.2, VIT_208s0007g00220.4, VIT_208s0007g00220.3, VIT_208s0007g00220.1	Aqcoe1G462700.1.p, Aqcoe1G462700.2.p
OG0008361	VIT_207s0031g01910.1, VIT_218s0072g00150.1	Aqcoe5G254800.1.p
OG0008362	VIT_217s0000g00280.1	Aqcoe5G325500.1.p
OG0008363	VIT_205s0020g04770.1, VIT_205s0020g04770.2, VIT_205s0020g04770.3	Aqcoe5G038400.1.p
OG0008364	VIT_216s0098g00780.1, VIT_216s0098g00770.1	Aqcoe5G473500.1.p, Aqcoe5G473600.1.p
OG0008365	VIT_202s0025g03190.1	Aqcoe5G474200.1.p
OG0008366	VIT_213s0064g00050.1, VIT_213s0064g00050.2, VIT_213s0064g00050.5	Aqcoe5G453300.3.p, Aqcoe5G453300.1.p, Aqcoe5G453300.2.p
OG0008367	VIT_201s0146g00400.1	Aqcoe5G341800.1.p
OG0008368	VIT_214s0219g00190.1, VIT_214s0219g00190.2	Aqcoe5G382000.1.p
OG0008369	VIT_205s0062g01200.2, VIT_205s0062g01200.3, VIT_205s0062g01200.1	Aqcoe5G003900.3.p, Aqcoe5G003900.2.p, Aqcoe5G003900.1.p
OG0008370	VIT_212s0055g00510.3, VIT_212s0055g00510.1	Aqcoe5G233600.1.p
OG0008371	VIT_217s0000g00780.2, VIT_217s0000g00780.1, VIT_214s0068g01510.1	Aqcoe5G344900.1.p, Aqcoe3G158700.1.p
OG0008372	VIT_204s0008g02450.1	Aqcoe5G354200.2.p, Aqcoe5G354200.1.p, Aqcoe3G312700.1.p
OG0008373	VIT_204s0044g01730.1	Aqcoe5G079600.1.p, Aqcoe5G077800.1.p, Aqcoe5G078300.1.p, Aqcoe5G079200.1.p, Aqcoe5G077700.1.p, Aqcoe5G078200.1.p, Aqcoe5G079400.1.p, Aqcoe5G079000.1.p, Aqcoe3G047500.1.p, Aqcoe3G046000.1.p, Aqcoe3G047600.1.p, Aqcoe3G099200.1.p
OG0008374	VIT_207s0031g00990.1, VIT_207s0031g01020.1	Aqcoe5G316400.1.p
OG0008375	VIT_214s0060g02220.1, VIT_214s0060g02220.2, VIT_214s0060g02220.3	Aqcoe5G086400.1.p
OG0008376	VIT_217s0000g09490.1	Aqcoe5G395300.1.p
OG0008377	VIT_214s0171g00270.1	Aqcoe5G370800.1.p, Aqcoe5G370800.2.p, Aqcoe3G190100.1.p
OG0008378	VIT_208s0007g01500.1, VIT_208s0007g01500.2	Aqcoe5G407700.1.p
OG0008379	VIT_219s0014g01520.1	Aqcoe5G193000.1.p
OG0008380	VIT_202s0025g01290.2, VIT_202s0025g01290.1, VIT_202s0025g01290.3	Aqcoe5G452000.1.p, Aqcoe5G452000.2.p
OG0008381	VIT_212s0035g01880.1	Aqcoe5G216100.1.p
OG0008382	VIT_201s0150g00610.1	Aqcoe5G309500.1.p
OG0008383	VIT_204s0079g00400.1, VIT_204s0079g00400.2, VIT_216s0115g00190.1, VIT_216s0115g00200.1	Aqcoe5G039500.2.p, Aqcoe5G039500.1.p
OG0008384	VIT_207s0141g00530.1, VIT_207s0141g00380.1	Aqcoe5G040000.1.p
OG0008386	VIT_207s0095g00760.2, VIT_207s0095g00760.1, VIT_205s0029g01200.1, VIT_205s0029g01200.2	Aqcoe5G349800.2.p, Aqcoe5G349800.1.p
OG0008387	VIT_207s0151g00710.1	Aqcoe5G440000.3.p, Aqcoe5G440000.2.p, Aqcoe5G440000.1.p
OG0008388	VIT_219s0015g00220.1, VIT_219s0015g00180.1	Aqcoe5G369700.1.p
OG0008389	VIT_202s0025g01370.4, VIT_202s0025g01370.6, VIT_202s0025g01370.3, VIT_202s0025g01370.1, VIT_202s0025g01370.5, VIT_202s0025g01370.2	Aqcoe5G456500.3.p, Aqcoe5G456500.2.p, Aqcoe5G456500.1.p, Aqcoe5G456500.6.p, Aqcoe5G456500.5.p, Aqcoe5G456500.4.p
OG0008390	VIT_205s0020g03660.1, VIT_205s0020g03660.2	Aqcoe5G052700.1.p
OG0008392	VIT_204s0044g01300.3, VIT_204s0044g01300.2, VIT_204s0044g01300.1	Aqcoe5G235900.2.p, Aqcoe5G235900.1.p
OG0008393	VIT_215s0048g02200.1, VIT_215s0048g02200.3, VIT_215s0048g02200.5, VIT_215s0048g02200.4, VIT_215s0048g02200.2	Aqcoe5G476400.1.p
OG0008394	VIT_202s0154g00610.1, VIT_202s0154g00610.2	Aqcoe5G415500.1.p
OG0008395	VIT_205s0020g01530.1, VIT_205s0020g01530.2, VIT_207s0005g00150.1	Aqcoe5G084700.1.p
OG0008396	VIT_201s0010g03990.1	Aqcoe5G350000.1.p
OG0008397	VIT_212s0055g00370.1	Aqcoe5G273800.1.p
OG0008398	VIT_205s0020g04550.1, VIT_209s0070g00600.1, VIT_200s0120g00005.1, VIT_200s0986g00010.1	Aqcoe5G043900.1.p
OG0008399	VIT_215s0046g01450.1	Aqcoe5G443000.2.p, Aqcoe5G443000.1.p, Aqcoe5G442900.1.p
OG0008400	VIT_202s0025g00440.1, VIT_202s0025g00440.3, VIT_202s0025g00440.4, VIT_202s0025g00440.2	Aqcoe5G436700.1.p
OG0008401	VIT_212s0035g00320.1, VIT_212s0035g00320.3, VIT_212s0035g00320.4, VIT_212s0035g00320.2	Aqcoe5G150100.1.p
OG0008402	VIT_214s0068g02150.1, VIT_214s0068g02150.2, VIT_214s0068g02150.4, VIT_214s0068g02150.5, VIT_214s0068g02150.3	Aqcoe5G359700.1.p, Aqcoe5G359700.2.p
OG0008403	VIT_218s0001g00120.1, VIT_218s0001g00120.2	Aqcoe5G123500.3.p, Aqcoe5G123500.2.p
OG0008404	VIT_215s0021g01500.3, VIT_215s0021g01500.2, VIT_215s0021g01500.1, VIT_215s0021g01460.1	Aqcoe5G447900.2.p, Aqcoe5G447900.1.p
OG0008405	VIT_218s0164g00040.2, VIT_218s0164g00040.1	Aqcoe5G224400.1.p, Aqcoe5G224400.2.p
OG0008406	VIT_204s0023g01850.2, VIT_204s0023g01850.1	Aqcoe5G190200.1.p
OG0008407	VIT_207s0005g03510.1	Aqcoe5G024900.1.p
OG0008408	VIT_202s0012g01500.1, VIT_207s0141g00240.2, VIT_207s0141g00240.1	Aqcoe5G041900.1.p
OG0008409	VIT_201s0137g00210.1	Aqcoe3G134400.1.p, Aqcoe5G382600.1.p
OG0008410	VIT_207s0005g02210.1, VIT_207s0005g02210.5, VIT_207s0005g02210.6, VIT_207s0005g02210.8, VIT_207s0005g02210.7, VIT_207s0005g02210.4, VIT_207s0005g02210.2, VIT_207s0005g02210.3	Aqcoe5G294400.1.p
OG0008411	VIT_201s0150g00100.2, VIT_201s0150g00100.1	Aqcoe5G326000.1.p
OG0008412	VIT_203s0038g03610.1	Aqcoe5G126200.1.p, Aqcoe5G126200.2.p
OG0008413	VIT_202s0025g05010.1, VIT_202s0025g05010.4, VIT_202s0025g05010.3, VIT_202s0025g05010.2	Aqcoe5G421300.1.p
OG0008414	VIT_218s0122g01380.1, VIT_218s0122g01380.2	Aqcoe5G123200.1.p
OG0008415	VIT_205s0077g00280.1, VIT_205s0051g00010.2, VIT_205s0051g00010.3, VIT_205s0051g00010.5, VIT_205s0051g00010.4, VIT_205s0051g00010.1	Aqcoe5G009800.1.p
OG0008416	VIT_212s0035g00810.2, VIT_212s0035g00810.1	Aqcoe5G324400.1.p
OG0008417	VIT_205s0020g02380.1, VIT_207s0104g00680.1	Aqcoe5G065100.1.p
OG0008419	VIT_204s0023g01820.3, VIT_204s0023g01820.5, VIT_204s0023g01820.4, VIT_204s0023g01820.2, VIT_204s0023g01820.1	Aqcoe5G190900.1.p
OG0008420	VIT_207s0197g00030.1, VIT_216s0022g02050.1, VIT_207s0197g00040.1, VIT_200s1247g00010.1, VIT_207s0197g00020.1	Aqcoe5G206300.2.p, Aqcoe5G206300.1.p
OG0008421	VIT_204s0044g00100.3, VIT_204s0044g00100.1, VIT_204s0044g00100.2	Aqcoe5G120100.1.p
OG0008422	VIT_214s0060g02330.1	Aqcoe5G083700.1.p
OG0008423	VIT_207s0005g06310.5, VIT_207s0005g06310.4, VIT_207s0005g06310.3, VIT_207s0005g06310.2, VIT_207s0005g06310.1	Aqcoe5G008000.1.p, Aqcoe5G008000.3.p, Aqcoe5G008000.2.p
OG0008424	VIT_217s0000g09220.1, VIT_214s0030g01480.1	Aqcoe5G399800.1.p
OG0008425	VIT_210s0116g00280.1	Aqcoe5G166800.1.p, Aqcoe5G166800.2.p
OG0008426	VIT_218s0001g11590.1, VIT_218s0001g11590.2	Aqcoe5G205500.2.p, Aqcoe5G205500.3.p, Aqcoe5G205500.1.p
OG0008427	VIT_215s0046g00040.3, VIT_215s0046g00040.2, VIT_215s0046g00040.1, VIT_215s0046g00040.4	Aqcoe5G468300.1.p, Aqcoe5G468300.3.p, Aqcoe5G468300.2.p
OG0008428	VIT_200s2259g00005.1, VIT_200s2417g00010.1, VIT_200s0407g00070.5, VIT_200s0407g00070.2, VIT_200s0407g00070.3, VIT_200s0407g00070.6, VIT_200s0407g00070.4, VIT_200s0407g00070.1	Aqcoe5G160200.1.p
OG0008429	VIT_217s0000g09720.1	Aqcoe5G384700.1.p, Aqcoe5G384700.2.p
OG0008430	VIT_209s0002g01160.2, VIT_209s0002g01160.1, VIT_209s0002g01160.3	Aqcoe5G165800.1.p
OG0008431	VIT_212s0035g01710.1	Aqcoe5G219700.1.p
OG0008432	VIT_215s0046g01480.1	Aqcoe5G372000.1.p
OG0008433	VIT_200s0229g00170.2, VIT_200s0229g00170.3, VIT_200s0229g00170.1	Aqcoe5G411500.2.p, Aqcoe5G411500.1.p
OG0008434	VIT_205s0077g02310.1	Aqcoe5G088800.1.p, Aqcoe5G088800.2.p
OG0008435	VIT_218s0072g00530.1, VIT_218s0072g00510.1, VIT_218s0072g00540.1, VIT_218s0072g00490.1	Aqcoe5G250000.1.p, Aqcoe5G250000.2.p
OG0008436	VIT_207s0031g00060.1	Aqcoe5G143500.1.p
OG0008437	VIT_214s0128g00380.1	Aqcoe5G059600.1.p
OG0008438	VIT_214s0006g03000.3, VIT_214s0006g03000.2, VIT_214s0006g03000.1	Aqcoe5G125400.3.p, Aqcoe5G125400.1.p, Aqcoe5G125400.2.p
OG0008439	VIT_215s0024g00850.2, VIT_215s0024g00850.4, VIT_215s0024g00850.1	Aqcoe5G161800.1.p, Aqcoe5G161800.2.p
OG0008440	VIT_208s0040g02935.1	Aqcoe5G041200.1.p
OG0008441	VIT_205s0077g01770.1	Aqcoe5G094000.3.p, Aqcoe5G094000.2.p, Aqcoe5G094000.1.p
OG0008442	VIT_215s0048g02210.2, VIT_215s0048g02210.5, VIT_215s0048g02210.1, VIT_215s0048g02210.3, VIT_215s0048g02210.4	Aqcoe5G476000.1.p
OG0008443	VIT_205s0020g02240.1	Aqcoe5G067400.2.p, Aqcoe5G067400.1.p
OG0008444	VIT_212s0028g01990.1, VIT_212s0028g01990.2	Aqcoe5G287800.1.p
OG0008445	VIT_215s0046g02170.2, VIT_215s0046g02170.1	Aqcoe5G436600.1.p
OG0008447	VIT_207s0005g04900.3, VIT_207s0005g04900.5, VIT_207s0005g04900.4, VIT_207s0005g04900.7, VIT_207s0005g04900.2, VIT_207s0005g04900.1, VIT_207s0005g04900.6	Aqcoe5G008800.1.p
OG0008448	VIT_201s0011g01460.1, VIT_201s0011g01460.2, VIT_201s0011g01460.3	Aqcoe5G441400.1.p, Aqcoe5G441400.2.p
OG0008449	VIT_202s0025g03690.1	Aqcoe5G463200.2.p, Aqcoe5G463200.1.p
OG0008450	VIT_218s0001g13050.3, VIT_218s0001g13050.2, VIT_218s0001g13050.1	Aqcoe5G424000.2.p, Aqcoe5G424000.3.p, Aqcoe5G424000.1.p
OG0008451	VIT_218s0076g00360.2, VIT_218s0076g00360.1, VIT_218s0076g00360.3	Aqcoe5G245200.1.p
OG0008452	VIT_205s0094g00940.1, VIT_205s0094g00940.2	Aqcoe5G110500.1.p
OG0008453	VIT_216s0013g00610.1	Aqcoe5G411000.1.p
OG0008454	VIT_214s0066g00670.1	Aqcoe5G405500.1.p, Aqcoe5G405500.3.p, Aqcoe5G405500.2.p
OG0008455	VIT_214s0083g00550.1	Aqcoe5G290200.1.p, Aqcoe3G441600.2.p, Aqcoe3G441600.1.p
OG0008456	VIT_218s0122g01030.1, VIT_218s0122g01030.2	Aqcoe5G115800.1.p
OG0008457	VIT_214s0083g00770.4, VIT_214s0083g00770.2, VIT_214s0083g00770.3, VIT_214s0083g00770.1	Aqcoe3G380700.1.p
OG0008458	VIT_201s0011g04130.2, VIT_201s0011g04130.1	Aqcoe3G409800.1.p
OG0008459	VIT_201s0026g00620.1	Aqcoe3G305600.1.p
OG0008459	VIT_217s0000g07770.3, VIT_217s0000g07770.2, VIT_217s0000g07770.1	Aqcoe3G106800.1.p
OG0008460	VIT_217s0000g09970.1, VIT_217s0000g09970.2, VIT_217s0000g09970.3	Aqcoe3G132600.2.p, Aqcoe3G132600.4.p, Aqcoe3G132600.3.p, Aqcoe3G132600.1.p
OG0008461	VIT_201s0010g01770.2, VIT_201s0010g01770.1, VIT_214s0006g03035.1	Aqcoe3G432000.1.p
OG0008462	VIT_201s0011g02850.1, VIT_201s0011g02850.2	Aqcoe3G394400.2.p, Aqcoe3G394400.1.p
OG0008463	VIT_214s0066g00580.2, VIT_214s0066g00580.1	Aqcoe3G145500.2.p, Aqcoe3G145500.3.p, Aqcoe3G145500.1.p
OG0008464	VIT_217s0000g04490.1	Aqcoe3G052400.1.p, Aqcoe3G052400.2.p, Aqcoe3G388300.1.p
OG0008465	VIT_201s0026g01030.1	Aqcoe3G313700.1.p, Aqcoe3G102300.1.p
OG0008466	VIT_214s0083g00360.3, VIT_214s0083g00360.5, VIT_214s0083g00360.1, VIT_214s0083g00360.2, VIT_214s0083g00360.4, VIT_214s0083g00360.6	Aqcoe3G388400.1.p
OG0008467	VIT_201s0011g04520.1, VIT_201s0011g04520.3, VIT_201s0011g04520.4, VIT_201s0011g04520.2	Aqcoe3G019300.1.p
OG0008468	VIT_217s0000g02280.1	Aqcoe3G004800.1.p, Aqcoe3G228100.1.p
OG0008469	VIT_202s0087g00790.4, VIT_202s0087g00790.3, VIT_202s0087g00790.1, VIT_202s0087g00790.2	Aqcoe3G101600.2.p, Aqcoe3G101600.3.p, Aqcoe3G101600.1.p
OG0008470	VIT_201s0182g00020.1	Aqcoe3G349700.1.p
OG0008471	VIT_201s0011g02100.1, VIT_201s0011g02100.2	Aqcoe3G434400.1.p
OG0008472	VIT_201s0010g03400.1	Aqcoe3G194700.1.p
OG0008473	VIT_201s0011g00580.1	Aqcoe3G363900.1.p, Aqcoe3G363900.3.p, Aqcoe3G363900.2.p
OG0008474	VIT_201s0026g01780.1, VIT_201s0026g01780.2	Aqcoe3G330200.1.p, Aqcoe3G087200.1.p
OG0008475	VIT_218s0001g14850.2, VIT_218s0001g14850.1	Aqcoe3G173000.1.p
OG0008476	VIT_201s0026g01720.1, VIT_201s0026g01720.2	Aqcoe3G328500.1.p
OG0008477	VIT_214s0108g00430.1	Aqcoe3G085000.2.p, Aqcoe3G085000.1.p, Aqcoe3G333100.1.p
OG0008478	VIT_201s0011g05590.1	Aqcoe3G416000.1.p
OG0008479	VIT_215s0021g00090.1, VIT_215s0021g00090.2	Aqcoe3G251100.1.p, Aqcoe3G251100.2.p
OG0008480	VIT_201s0011g03640.1	Aqcoe3G036000.1.p
OG0008481	VIT_216s0013g00630.1, VIT_215s0021g01280.1	Aqcoe3G260800.1.p
OG0008482	VIT_216s0013g01940.1	Aqcoe3G270800.1.p, Aqcoe3G270800.2.p
OG0008483	VIT_201s0011g05850.5, VIT_201s0011g05850.1, VIT_201s0011g05850.2, VIT_201s0011g05850.3, VIT_201s0011g05850.4	Aqcoe3G019000.1.p, Aqcoe3G019200.1.p
OG0008484	VIT_215s0046g01630.2, VIT_215s0046g01630.1, VIT_213s0019g04760.2, VIT_213s0019g04760.1	Aqcoe3G087500.1.p
OG0008485	VIT_214s0066g01310.1	Aqcoe3G118900.1.p, Aqcoe3G118900.2.p
OG0008486	VIT_217s0000g06290.2, VIT_217s0000g06290.1	Aqcoe3G340800.1.p
OG0008487	VIT_202s0012g01220.3, VIT_202s0012g01220.2, VIT_202s0012g01220.1	Aqcoe3G231600.1.p
OG0008488	VIT_214s0066g01200.1, VIT_214s0066g01200.2, VIT_214s0066g01200.3	Aqcoe3G290800.1.p
OG0008489	VIT_217s0000g06600.2, VIT_217s0000g06600.1, VIT_201s0026g02740.1	Aqcoe3G350800.1.p
OG0008491	VIT_201s0011g06210.1	Aqcoe3G418900.1.p
OG0008492	VIT_201s0011g00380.1, VIT_214s0068g00390.2, VIT_214s0068g00390.3, VIT_214s0068g00390.1	Aqcoe3G369300.2.p, Aqcoe3G369300.1.p
OG0008493	VIT_201s0026g02280.2, VIT_201s0026g02280.5, VIT_201s0026g02280.3, VIT_201s0026g02280.1	Aqcoe3G080500.1.p
OG0008494	VIT_214s0171g00220.2, VIT_214s0171g00220.1	Aqcoe3G191100.2.p, Aqcoe3G191100.1.p
OG0008495	VIT_200s0204g00220.1	Aqcoe3G260300.2.p, Aqcoe3G260300.4.p, Aqcoe3G260300.3.p, Aqcoe3G260300.1.p
OG0008496	VIT_214s0068g01630.2, VIT_214s0068g01630.1, VIT_214s0068g01630.3	Aqcoe3G163100.1.p
OG0008497	VIT_201s0026g01860.1, VIT_217s0000g05880.1, VIT_213s0084g00590.1	Aqcoe3G332000.1.p
OG0008498	VIT_208s0040g00570.2, VIT_208s0040g00570.3, VIT_208s0040g00570.4, VIT_208s0040g00570.1	Aqcoe3G018900.1.p
OG0008499	VIT_201s0011g02490.1, VIT_201s0011g02490.3, VIT_201s0011g02490.2	Aqcoe3G389600.1.p
OG0008500	VIT_201s0011g04830.1	Aqcoe3G387800.1.p
OG0008501	VIT_203s0038g00880.1	Aqcoe3G153500.1.p
OG0008502	VIT_203s0038g02840.4, VIT_203s0038g02840.3, VIT_203s0038g02840.2, VIT_203s0038g02840.1	Aqcoe3G407100.3.p, Aqcoe3G407100.4.p, Aqcoe3G407100.1.p, Aqcoe3G407100.2.p
OG0008503	VIT_201s0150g00590.2, VIT_201s0150g00590.3, VIT_201s0150g00590.1	Aqcoe3G157400.1.p, Aqcoe3G157400.2.p
OG0008504	VIT_214s0066g02200.2, VIT_214s0066g02200.1	Aqcoe3G100800.3.p, Aqcoe3G100800.2.p, Aqcoe3G100800.1.p
OG0008505	VIT_202s0109g00080.1, VIT_202s0109g00080.2	Aqcoe3G212600.1.p
OG0008506	VIT_207s0005g04530.1	Aqcoe3G422000.1.p
OG0008507	VIT_215s0024g00790.1	Aqcoe3G167900.1.p, Aqcoe3G167900.2.p
OG0008508	VIT_201s0010g01680.1, VIT_201s0010g01680.2, VIT_201s0010g01680.3	Aqcoe3G430600.2.p, Aqcoe3G430600.1.p
OG0008509	VIT_215s0107g00310.4, VIT_215s0107g00310.2, VIT_215s0107g00310.3, VIT_215s0107g00310.1	Aqcoe3G201400.1.p
OG0008510	VIT_201s0010g02080.5, VIT_201s0010g02080.2, VIT_201s0010g02080.3, VIT_201s0010g02080.1, VIT_201s0010g02080.4, VIT_201s0010g02080.6	Aqcoe3G427400.1.p
OG0008511	VIT_217s0000g07700.2, VIT_217s0000g07700.3, VIT_217s0000g07700.1	Aqcoe3G307100.2.p, Aqcoe3G307100.3.p, Aqcoe3G307100.1.p
OG0008512	VIT_217s0000g08290.1	Aqcoe3G123600.1.p, Aqcoe3G289100.1.p
OG0008513	VIT_217s0000g07500.2, VIT_217s0000g07500.4, VIT_217s0000g07500.3, VIT_217s0000g07500.1	Aqcoe3G314200.1.p
OG0008514	VIT_208s0058g00330.1	Aqcoe3G302800.1.p
OG0008515	VIT_208s0040g00840.1	Aqcoe3G049300.1.p
OG0008516	VIT_214s0068g00520.4, VIT_214s0068g00520.1, VIT_214s0068g00520.2, VIT_214s0068g00520.3	Aqcoe3G061600.1.p
OG0008517	VIT_211s0016g00010.1	Aqcoe3G048800.1.p, Aqcoe3G048800.3.p, Aqcoe3G048800.2.p
OG0008518	VIT_217s0000g04550.1, VIT_217s0000g04550.2	Aqcoe3G386200.1.p
OG0008519	VIT_201s0011g04230.1, VIT_201s0011g04230.2, VIT_201s0011g04230.3	Aqcoe3G023500.2.p, Aqcoe3G023500.3.p, Aqcoe3G023500.1.p
OG0008520	VIT_201s0011g02520.2, VIT_201s0011g02520.1, VIT_201s0011g02520.3	Aqcoe3G390200.1.p
OG0008521	VIT_217s0000g07310.1, VIT_217s0000g07310.2	Aqcoe3G371800.2.p, Aqcoe3G371800.1.p
OG0008522	VIT_201s0011g01420.2, VIT_201s0011g01420.1	Aqcoe3G442400.1.p
OG0008523	VIT_201s0026g00650.1	Aqcoe3G304800.1.p
OG0008524	VIT_201s0026g01490.2, VIT_201s0026g01490.1	Aqcoe3G323500.1.p
OG0008525	VIT_203s0038g02530.1, VIT_203s0038g02530.2	Aqcoe3G260000.1.p
OG0008526	VIT_202s0012g02790.2, VIT_212s0055g01200.1, VIT_202s0012g02790.1	Aqcoe3G212800.2.p, Aqcoe3G212800.1.p
OG0008527	VIT_208s0007g06260.4, VIT_208s0007g06260.3, VIT_208s0007g06260.1, VIT_208s0007g06260.2	Aqcoe3G204600.2.p, Aqcoe3G204600.1.p
OG0008528	VIT_217s0000g07970.2, VIT_217s0000g07970.1	Aqcoe3G300000.1.p, Aqcoe3G300000.2.p, Aqcoe3G300000.3.p
OG0008529	VIT_217s0000g05800.1	Aqcoe3G329000.1.p
OG0008530	VIT_214s0068g01670.4, VIT_214s0068g01670.1, VIT_214s0068g01670.3	Aqcoe3G163900.1.p, Aqcoe3G163900.2.p
OG0008531	VIT_200s0616g00020.1	Aqcoe3G263400.1.p
OG0008533	VIT_217s0000g06320.1	Aqcoe3G342800.1.p
OG0008534	VIT_203s0038g04490.1, VIT_209s0070g00580.1	Aqcoe3G021500.1.p
OG0008535	VIT_214s0006g02750.4, VIT_214s0006g02750.2, VIT_214s0006g02750.1, VIT_214s0006g02750.3, VIT_214s0006g02750.5, VIT_214s0006g02750.6	Aqcoe3G031400.1.p
OG0008536	VIT_201s0026g00930.1	Aqcoe3G103900.1.p, Aqcoe3G103900.4.p, Aqcoe3G103900.3.p, Aqcoe3G103900.2.p
OG0008537	VIT_201s0011g03790.1	Aqcoe3G031000.1.p
OG0008538	VIT_209s0018g01880.1	Aqcoe0018s0006.1.p, Aqcoe0018s0006.2.p
OG0008594	VIT_218s0041g00133.1	Aqcoe4G183200.1.p, Aqcoe0131s0001.1.p
OG0008595	VIT_205s0020g02740.2, VIT_205s0020g02740.1	Aqcoe2G333400.2.p, Aqcoe0127s0001.1.p, Aqcoe2G333400.1.p
OG0008596	VIT_214s0083g00300.1, VIT_214s0083g00300.2	Aqcoe3G051900.1.p, Aqcoe0143s0002.1.p
OG0008597	VIT_207s0005g02550.1, VIT_207s0005g02550.4, VIT_207s0005g02550.2, VIT_207s0005g02550.3, VIT_205s0020g01070.1, VIT_205s0020g01070.4, VIT_205s0020g01070.2, VIT_205s0020g01070.3	Aqcoe2G241600.1.p, Aqcoe2G241600.2.p
OG0008598	VIT_216s0013g02130.1, VIT_216s0013g02130.2, VIT_216s0013g02130.3	Aqcoe2G393700.1.p
OG0008599	VIT_205s0020g00910.1	Aqcoe3G401900.1.p, Aqcoe5G434900.1.p, Aqcoe1G486700.1.p, Aqcoe3G125200.1.p, Aqcoe7G378800.1.p, Aqcoe7G378800.3.p, Aqcoe7G378800.2.p, Aqcoe5G308900.1.p, Aqcoe2G271800.1.p, Aqcoe2G274200.1.p, Aqcoe5G438700.1.p, Aqcoe1G416100.1.p, Aqcoe1G416000.3.p, Aqcoe1G416000.1.p, Aqcoe1G416000.4.p, Aqcoe1G416000.2.p
OG0008600	VIT_208s0007g04340.3, VIT_208s0007g04340.2, VIT_208s0007g04340.1	Aqcoe2G160100.3.p, Aqcoe2G160100.2.p, Aqcoe2G160100.1.p, Aqcoe2G160100.4.p
OG0008601	VIT_207s0141g00750.1, VIT_200s0630g00010.1	Aqcoe2G409500.4.p, Aqcoe2G409500.5.p, Aqcoe2G409500.3.p, Aqcoe2G409500.2.p, Aqcoe2G409500.1.p
OG0008602	VIT_207s0104g00700.1	Aqcoe2G324200.1.p
OG0008603	VIT_214s0128g00330.1, VIT_214s0128g00330.2	Aqcoe2G335700.1.p, Aqcoe2G335700.2.p
OG0008604	VIT_205s0102g00230.1	Aqcoe2G429600.1.p
OG0008605	VIT_213s0019g03470.1, VIT_213s0019g03470.2	Aqcoe2G400100.1.p
OG0008606	VIT_200s0220g00070.2, VIT_200s0220g00070.1	Aqcoe2G437000.2.p, Aqcoe2G437000.5.p, Aqcoe2G437000.4.p, Aqcoe2G437000.1.p, Aqcoe2G437000.3.p
OG0008607	VIT_206s0009g03290.1, VIT_206s0009g02770.1	Aqcoe2G043700.1.p
OG0008608	VIT_213s0074g00370.1	Aqcoe2G128400.1.p
OG0008610	VIT_214s0036g01270.1	Aqcoe2G196700.1.p
OG0008611	VIT_206s0009g02300.1	Aqcoe2G076800.1.p
OG0008612	VIT_205s0102g01110.2, VIT_205s0102g01110.4, VIT_205s0102g01110.3, VIT_205s0102g01110.1	Aqcoe2G436600.1.p
OG0008613	VIT_207s0005g01220.2, VIT_207s0005g01220.1	Aqcoe2G278700.1.p
OG0008614	VIT_213s0067g03060.2, VIT_213s0067g03060.1, VIT_213s0067g03060.3	Aqcoe2G076200.2.p, Aqcoe2G076200.1.p
OG0008615	VIT_205s0029g01230.1, VIT_205s0029g01240.1	Aqcoe2G413800.1.p, Aqcoe2G412900.1.p, Aqcoe2G412900.2.p
OG0008616	VIT_204s0043g00860.3, VIT_204s0043g00860.2, VIT_204s0043g00860.4, VIT_204s0043g00860.1	Aqcoe2G418600.1.p, Aqcoe2G418200.1.p, Aqcoe2G418700.1.p, Aqcoe2G418800.2.p, Aqcoe2G418800.1.p, Aqcoe2G418800.3.p, Aqcoe2G417300.1.p
OG0008617	VIT_210s0092g00186.1	Aqcoe2G168700.1.p, Aqcoe7G340900.1.p, Aqcoe4G258100.1.p
OG0008618	VIT_213s0064g00840.1, VIT_213s0064g00810.1	Aqcoe2G021000.1.p
OG0008619	VIT_205s0077g01970.1, VIT_207s0005g00710.1	Aqcoe2G299000.1.p
OG0008620	VIT_206s0061g00180.1	Aqcoe2G023000.1.p
OG0008621	VIT_208s0032g01180.1, VIT_208s0032g01180.2	Aqcoe2G068300.1.p, Aqcoe2G068300.2.p
OG0008622	VIT_208s0007g05410.1	Aqcoe2G038000.1.p
OG0008623	VIT_205s0020g02400.1	Aqcoe2G324600.1.p
OG0008624	VIT_203s0088g00500.4, VIT_203s0088g00500.2, VIT_203s0088g00500.3, VIT_203s0088g00500.1	Aqcoe7G290400.1.p, Aqcoe2G217200.1.p
OG0008625	VIT_214s0060g01750.1	Aqcoe2G291200.1.p
OG0008626	VIT_206s0061g01400.1, VIT_206s0061g01390.1	Aqcoe1G455500.1.p
OG0008626	VIT_208s0007g03790.1	Aqcoe2G129200.1.p, Aqcoe2G129100.1.p
OG0008627	VIT_207s0141g00390.4, VIT_207s0141g00390.2, VIT_207s0141g00390.1, VIT_207s0141g00390.3	Aqcoe2G361800.1.p, Aqcoe2G361800.2.p, Aqcoe2G361800.3.p
OG0008628	VIT_207s0141g00360.1	Aqcoe2G361600.2.p, Aqcoe2G361600.1.p
OG0008629	VIT_215s0048g02930.1, VIT_215s0048g02940.1, VIT_215s0048g02950.1, VIT_215s0048g02920.1, VIT_215s0048g02970.1	Aqcoe2G255100.1.p
OG0008630	VIT_206s0004g07190.1	Aqcoe2G084300.1.p, Aqcoe2G084300.2.p, Aqcoe2G084300.3.p
OG0008631	VIT_205s0020g04520.1	Aqcoe2G355900.1.p
OG0008632	VIT_214s0030g01740.1	Aqcoe2G344300.1.p
OG0008633	VIT_207s0151g01060.1, VIT_207s0151g01060.2	Aqcoe2G341900.1.p, Aqcoe2G341900.3.p, Aqcoe2G341900.2.p, Aqcoe2G341900.4.p
OG0008634	VIT_214s0060g01250.1, VIT_214s0060g01250.2	Aqcoe2G275900.1.p
OG0008635	VIT_206s0080g00230.3, VIT_206s0080g00230.2, VIT_206s0080g00230.4, VIT_206s0080g00230.1	Aqcoe2G137100.2.p, Aqcoe2G137100.1.p
OG0008636	VIT_205s0029g00310.1	Aqcoe2G405000.1.p
OG0008637	VIT_208s0007g06780.2, VIT_208s0007g06780.1	Aqcoe2G009500.1.p
OG0008639	VIT_207s0104g00560.2, VIT_207s0104g00560.1	Aqcoe2G328200.1.p, Aqcoe5G062700.1.p
OG0008640	VIT_206s0004g07860.1, VIT_206s0004g07860.2, VIT_206s0004g07860.3	Aqcoe4G083800.1.p, Aqcoe2G077400.1.p
OG0008641	VIT_205s0020g04150.1	Aqcoe2G353200.1.p
OG0008642	VIT_218s0001g06410.1	Aqcoe2G393200.1.p, Aqcoe5G069700.1.p, Aqcoe4G109100.1.p, Aqcoe2G083500.1.p
OG0008643	VIT_201s0011g02970.1	Aqcoe6G086500.1.p, Aqcoe2G163500.1.p
OG0008644	VIT_213s0156g00330.1, VIT_208s0007g06360.1	Aqcoe2G008700.1.p
OG0008645	VIT_208s0007g08240.1, VIT_206s0004g02230.1	Aqcoe2G021600.1.p
OG0008646	VIT_200s0260g00060.3, VIT_200s0260g00060.1, VIT_200s0260g00060.2	Aqcoe2G406900.1.p
OG0008648	VIT_213s0073g00050.1	Aqcoe2G117100.1.p, Aqcoe1G437600.1.p
OG0008649	VIT_206s0004g04870.2, VIT_206s0004g04870.1	Aqcoe2G220100.2.p, Aqcoe2G220100.1.p
OG0008650	VIT_205s0029g00420.1	Aqcoe2G405800.1.p
OG0008651	VIT_212s0121g00410.1, VIT_210s0071g01085.1	Aqcoe7G373300.1.p, Aqcoe7G361600.1.p, Aqcoe7G361300.1.p, Aqcoe2G089700.1.p, Aqcoe2G031400.1.p, Aqcoe2G031400.2.p, Aqcoe2G089600.1.p, Aqcoe7G362600.1.p, Aqcoe7G362500.1.p, Aqcoe7G362500.2.p, Aqcoe7G361400.1.p, Aqcoe7G360800.1.p, Aqcoe7G361500.3.p, Aqcoe7G361500.2.p, Aqcoe7G361500.1.p, Aqcoe7G361500.4.p, Aqcoe7G360700.1.p
OG0008652	VIT_200s0447g00005.1, VIT_200s0216g00070.1	Aqcoe2G414700.1.p
OG0008653	VIT_206s0004g03390.2	Aqcoe2G166300.1.p
OG0008654	VIT_200s0245g00050.1	Aqcoe2G416400.1.p, Aqcoe2G416400.2.p
OG0008655	VIT_205s0049g01410.1	Aqcoe2G379900.1.p
OG0008656	VIT_217s0000g04830.1	Aqcoe2G391800.2.p, Aqcoe2G391800.1.p, Aqcoe2G391800.3.p
OG0008657	VIT_206s0004g01890.1, VIT_206s0004g01890.2	Aqcoe2G014100.1.p, Aqcoe2G014100.2.p
OG0008658	VIT_207s0005g02430.2	Aqcoe5G288300.1.p, Aqcoe2G238800.2.p, Aqcoe2G238800.3.p, Aqcoe2G238800.1.p
OG0008659	VIT_214s0060g01970.2, VIT_214s0060g01970.3, VIT_214s0060g01970.1	Aqcoe2G286900.1.p, Aqcoe2G286900.2.p
OG0008660	VIT_206s0004g04690.2, VIT_206s0004g04690.1, VIT_206s0004g04690.3	Aqcoe2G150100.1.p
OG0008661	VIT_208s0040g02820.1, VIT_206s0004g03910.1	Aqcoe2G172300.1.p, Aqcoe1G479700.1.p
OG0008662	VIT_200s0270g00050.1	Aqcoe2G247400.1.p, Aqcoe5G271900.1.p
OG0008664	VIT_208s0040g02590.2, VIT_208s0040g02590.3, VIT_208s0040g02590.1	Aqcoe2G177800.1.p
OG0008665	VIT_206s0080g00150.2, VIT_206s0080g00150.6, VIT_206s0080g00150.1, VIT_206s0080g00150.9, VIT_206s0080g00150.7, VIT_206s0080g00150.8, VIT_213s0073g00525.1, VIT_206s0080g00150.5, VIT_206s0080g00150.4, VIT_206s0080g00150.3	Aqcoe2G136900.1.p
OG0008666	VIT_213s0175g00100.1	Aqcoe2G002100.1.p
OG0008667	VIT_208s0007g05060.2, VIT_208s0007g05060.1	Aqcoe2G205200.1.p, Aqcoe1G133200.1.p
OG0008668	VIT_206s0061g01140.1	Aqcoe2G184800.1.p
OG0008669	VIT_206s0004g07560.4, VIT_206s0004g07560.1, VIT_206s0004g07560.3, VIT_206s0004g07560.2	Aqcoe2G080500.1.p, Aqcoe2G080500.2.p
OG0008670	VIT_208s0105g00590.2, VIT_208s0105g00590.1	Aqcoe2G089400.1.p
OG0008671	VIT_207s0005g01180.1, VIT_214s0060g01420.1	Aqcoe2G279400.1.p
OG0008672	VIT_208s0007g02780.1	Aqcoe6G154200.1.p, Aqcoe2G158400.1.p
OG0008673	VIT_205s0094g00910.2, VIT_205s0094g00910.1	Aqcoe2G437100.1.p
OG0008674	VIT_202s0012g00600.1	Aqcoe2G376900.1.p
OG0008675	VIT_214s0128g00320.2, VIT_214s0128g00320.3, VIT_214s0128g00320.1	Aqcoe2G335100.2.p, Aqcoe2G335100.1.p
OG0008677	VIT_213s0064g00570.1	Aqcoe2G017400.1.p
OG0008678	VIT_205s0062g01070.1	Aqcoe2G427700.1.p
OG0008679	VIT_203s0038g04460.4, VIT_203s0038g04460.5, VIT_203s0038g04460.3, VIT_203s0038g04460.2, VIT_203s0038g04460.1	Aqcoe2G415300.1.p, Aqcoe2G415300.2.p, Aqcoe2G415300.3.p
OG0008680	VIT_219s0027g01800.1, VIT_205s0124g00550.4, VIT_205s0124g00550.3, VIT_205s0124g00550.1, VIT_205s0124g00550.2	Aqcoe2G432100.1.p
OG0008681	VIT_200s2625g00005.1, VIT_200s2558g00010.1	Aqcoe2G409600.1.p
OG0008682	VIT_213s0320g00040.1	Aqcoe2G060000.1.p
OG0008683	VIT_206s0004g01100.3, VIT_206s0004g01100.1, VIT_206s0004g01100.2	Aqcoe2G010000.1.p
OG0008684	VIT_208s0007g06720.2, VIT_208s0007g06720.1	Aqcoe2G010800.2.p, Aqcoe2G010800.1.p
OG0008685	VIT_208s0007g08080.1, VIT_208s0007g08080.2, VIT_206s0004g04740.2, VIT_206s0004g04740.1	Aqcoe2G150400.1.p
OG0008686	VIT_204s0069g01180.1, VIT_200s0270g00030.1	Aqcoe2G234900.1.p
OG0008688	VIT_206s0080g00560.2, VIT_206s0080g00560.1	Aqcoe2G122500.1.p, Aqcoe2G122500.2.p
OG0008689	VIT_200s0231g00050.3, VIT_200s0231g00050.2, VIT_200s0231g00050.1, VIT_200s0231g00050.4	Aqcoe2G405900.2.p, Aqcoe2G405900.1.p
OG0008690	VIT_218s0001g00040.1	Aqcoe6G184800.1.p, Aqcoe3G031200.1.p, Aqcoe2G073100.1.p
OG0008691	VIT_200s0499g00050.1, VIT_200s0499g00040.1	Aqcoe2G436000.1.p
OG0008692	VIT_204s0044g01140.1	Aqcoe2G024600.1.p
OG0008693	VIT_205s0077g02340.1	Aqcoe2G293700.1.p
OG0008694	VIT_214s0068g01150.1, VIT_214s0068g01150.2	Aqcoe2G158600.1.p
OG0008695	VIT_205s0020g01270.1	Aqcoe2G296600.1.p
OG0008696	VIT_200s1403g00010.1, VIT_200s1403g00010.2	Aqcoe6G062300.1.p, Aqcoe6G062300.2.p
OG0008697	VIT_218s0072g01150.1, VIT_218s0072g01150.2, VIT_218s0072g01150.4, VIT_218s0072g01150.3	Aqcoe6G014300.1.p
OG0008698	VIT_218s0122g00860.2, VIT_218s0122g00860.1	Aqcoe6G166800.1.p, Aqcoe6G166800.2.p
OG0008699	VIT_205s0049g01270.1	Aqcoe6G039800.1.p
OG0008700	VIT_218s0001g00900.1	Aqcoe6G048800.2.p, Aqcoe6G048800.1.p
OG0008701	VIT_200s0338g00020.2, VIT_200s0338g00020.1, VIT_200s0338g00020.3	Aqcoe6G232200.1.p, Aqcoe6G232200.3.p, Aqcoe6G232200.2.p
OG0008702	VIT_218s0001g02810.3, VIT_218s0001g02810.2, VIT_218s0001g02810.1	Aqcoe6G022300.1.p
OG0008703	VIT_200s0772g00010.1	Aqcoe6G092700.1.p, Aqcoe6G092700.2.p
OG0008704	VIT_204s0023g01660.1	Aqcoe7G041800.1.p, Aqcoe6G118000.1.p
OG0008705	VIT_216s0039g00260.1	Aqcoe3G442600.1.p, Aqcoe6G160200.1.p, Aqcoe7G297400.1.p
OG0008706	VIT_207s0031g00650.1, VIT_218s0001g10460.1	Aqcoe6G140400.3.p, Aqcoe6G140400.2.p, Aqcoe6G140400.1.p
OG0008707	VIT_204s0008g02500.2, VIT_204s0008g02500.1	Aqcoe6G178900.1.p
OG0008708	VIT_206s0004g03190.1, VIT_206s0004g03190.2	Aqcoe6G230900.1.p, Aqcoe6G230900.2.p
OG0008709	VIT_218s0001g02570.1, VIT_218s0001g02570.3, VIT_218s0001g02570.4, VIT_218s0001g02570.2	Aqcoe6G024700.1.p, Aqcoe6G024700.2.p
OG0008710	VIT_204s0210g00190.2, VIT_204s0210g00190.1	Aqcoe6G183900.2.p, Aqcoe6G183900.1.p
OG0008711	VIT_218s0001g10390.1	Aqcoe6G096600.1.p
OG0008712	VIT_218s0001g03910.1, VIT_218s0001g03910.2	Aqcoe4G284100.1.p, Aqcoe6G016900.1.p
OG0008713	VIT_207s0031g02780.1	Aqcoe6G022000.1.p
OG0008714	VIT_204s0023g01380.1	Aqcoe6G112200.1.p
OG0008715	VIT_203s0088g01200.1, VIT_203s0088g01220.1	Aqcoe6G064300.4.p, Aqcoe6G064300.2.p, Aqcoe6G064300.1.p, Aqcoe6G064300.3.p
OG0008716	VIT_210s0116g00510.1, VIT_210s0116g00510.2	Aqcoe6G301100.3.p, Aqcoe6G301100.2.p, Aqcoe6G301100.1.p, Aqcoe6G301100.4.p
OG0008717	VIT_218s0001g00760.1	Aqcoe6G241600.1.p, Aqcoe6G241700.1.p
OG0008718	VIT_218s0001g13510.1, VIT_204s0023g02840.1	Aqcoe6G256800.1.p
OG0008719	VIT_207s0129g00040.1, VIT_200s0513g00020.1	Aqcoe6G278800.2.p, Aqcoe6G278800.1.p
OG0008720	VIT_202s0012g01880.1, VIT_202s0012g01880.3, VIT_202s0012g01880.2, VIT_202s0012g01880.4	Aqcoe6G017100.1.p
OG0008721	VIT_217s0000g03480.1, VIT_200s0386g00060.1	Aqcoe6G318800.3.p, Aqcoe6G318800.4.p, Aqcoe6G318800.1.p, Aqcoe6G318800.2.p
OG0008722	VIT_203s0091g00100.1, VIT_203s0091g00080.1	Aqcoe6G307400.1.p, Aqcoe6G307400.3.p, Aqcoe6G307400.2.p
OG0008723	VIT_200s0253g00060.2, VIT_200s0253g00060.1	Aqcoe5G172800.1.p, Aqcoe6G097000.1.p
OG0008724	VIT_200s0282g00030.1	Aqcoe6G066600.1.p, Aqcoe6G066600.2.p
OG0008725	VIT_207s0031g02260.1	Aqcoe6G166400.1.p, Aqcoe6G166600.1.p, Aqcoe6G172900.1.p
OG0008726	VIT_218s0001g06520.2, VIT_218s0001g06520.1	Aqcoe6G009100.1.p
OG0008727	VIT_203s0091g00380.2, VIT_203s0091g00380.1	Aqcoe6G297100.1.p
OG0008728	VIT_218s0072g00110.1	Aqcoe6G044200.1.p
OG0008729	VIT_207s0031g03200.3, VIT_207s0031g03200.1	Aqcoe6G006100.2.p, Aqcoe6G006100.1.p
OG0008731	VIT_217s0000g07190.1, VIT_217s0000g07190.2	Aqcoe6G049100.1.p
OG0008732	VIT_213s0047g00510.2, VIT_213s0047g00510.5, VIT_213s0047g00510.1, VIT_213s0047g00510.4, VIT_213s0047g00510.3	Aqcoe6G044600.1.p
OG0008733	VIT_218s0001g13570.1	Aqcoe6G253200.1.p
OG0008734	VIT_218s0001g08850.3, VIT_218s0001g08850.6, VIT_218s0001g08850.2, VIT_218s0001g08850.1	Aqcoe6G272600.1.p
OG0008735	VIT_207s0129g00170.1	Aqcoe6G280700.1.p
OG0008736	VIT_207s0031g01850.1	Aqcoe6G044500.1.p
OG0008737	VIT_212s0055g00490.3, VIT_212s0055g00490.4, VIT_212s0055g00490.2, VIT_212s0055g00490.1	Aqcoe6G031200.1.p
OG0008738	VIT_218s0001g15670.1, VIT_218s0001g15670.2, VIT_218s0001g15670.3	Aqcoe6G041400.2.p, Aqcoe6G041400.1.p
OG0008739	VIT_204s0023g03760.1	Aqcoe6G223800.1.p
OG0008740	VIT_218s0001g03580.1	Aqcoe6G188900.1.p
OG0008741	VIT_204s0044g01750.1	Aqcoe6G324100.2.p, Aqcoe6G324100.1.p
OG0008742	VIT_207s0129g00440.1	Aqcoe6G291100.1.p, Aqcoe6G291100.2.p
OG0008743	VIT_218s0001g10120.1, VIT_218s0075g01053.1	Aqcoe6G133800.1.p
OG0008744	VIT_212s0034g02190.1	Aqcoe6G025600.1.p
OG0008745	VIT_217s0000g04630.1	Aqcoe6G217800.1.p, Aqcoe6G217800.2.p, Aqcoe1G308900.1.p
OG0008746	VIT_218s0164g00030.1	Aqcoe6G053800.1.p, Aqcoe6G053800.2.p
OG0008747	VIT_208s0056g00980.1, VIT_208s0056g00980.3, VIT_208s0056g00980.4, VIT_208s0056g00980.2, VIT_208s0056g00980.5	Aqcoe1G306400.1.p, Aqcoe6G170500.1.p
OG0008748	VIT_203s0038g04710.2, VIT_203s0038g04710.1, VIT_203s0038g04710.3, VIT_203s0038g04710.4	Aqcoe6G123000.1.p
OG0008749	VIT_203s0063g01980.1	Aqcoe6G105200.1.p
OG0008750	VIT_218s0166g00290.2, VIT_218s0166g00290.1	Aqcoe6G040000.1.p, Aqcoe6G040000.3.p, Aqcoe6G040000.4.p, Aqcoe6G040000.2.p
OG0008751	VIT_214s0068g00910.1	Aqcoe6G147400.1.p
OG0008752	VIT_218s0001g00560.1, VIT_218s0001g00560.2, VIT_218s0001g00560.5, VIT_218s0001g00560.3, VIT_218s0001g00560.4	Aqcoe6G231300.1.p
OG0008753	VIT_201s0150g00600.1	Aqcoe6G000400.2.p, Aqcoe6G000400.1.p, Aqcoe6G000400.4.p, Aqcoe6G000400.3.p
OG0008754	VIT_218s0001g15600.2, VIT_218s0001g15600.1	Aqcoe6G204500.1.p
OG0008756	VIT_214s0068g00860.1	Aqcoe5G335900.1.p, Aqcoe6G147500.1.p
OG0008757	VIT_206s0004g00900.1	Aqcoe5G321000.1.p, Aqcoe5G251000.1.p, Aqcoe3G351500.1.p, Aqcoe6G251700.1.p
OG0008758	VIT_218s0001g01630.1	Aqcoe6G030600.1.p
OG0008759	VIT_212s0028g01210.4, VIT_212s0028g01210.1, VIT_212s0028g01210.3, VIT_212s0028g01210.2, VIT_216s0100g00530.1	Aqcoe6G181500.1.p, Aqcoe7G046000.1.p
OG0008760	VIT_209s0002g04230.1	Aqcoe7G176500.1.p, Aqcoe6G275500.1.p
OG0008761	VIT_203s0180g00230.2	Aqcoe6G305100.2.p
OG0008761	VIT_203s0180g00230.1	Aqcoe6G305100.1.p
OG0008762	VIT_205s0029g01090.1, VIT_216s0039g01030.1, VIT_216s0039g01030.5, VIT_216s0039g01030.4, VIT_216s0039g01030.3, VIT_216s0039g01030.6, VIT_216s0039g01030.2	Aqcoe6G034300.1.p
OG0008763	VIT_205s0029g00370.1	Aqcoe6G220200.1.p
OG0008764	VIT_218s0001g03110.1, VIT_218s0001g03110.2	Aqcoe6G019800.2.p, Aqcoe6G019800.1.p
OG0008765	VIT_218s0001g01670.3, VIT_218s0001g01670.2, VIT_218s0001g01670.1	Aqcoe6G031600.1.p
OG0008767	VIT_203s0038g02090.1	Aqcoe6G209700.2.p, Aqcoe6G209700.1.p
OG0008768	VIT_204s0023g02510.1, VIT_218s0001g13100.1, VIT_218s0001g13100.4	Aqcoe6G129200.1.p
OG0008769	VIT_219s0015g01220.2, VIT_219s0015g01220.3, VIT_219s0015g01220.1	Aqcoe6G009200.1.p, Aqcoe6G009200.2.p
OG0008770	VIT_218s0001g02790.1	Aqcoe6G022400.1.p
OG0008771	VIT_218s0001g11850.2, VIT_218s0001g11850.1	Aqcoe6G108300.1.p
OG0008772	VIT_218s0072g00830.3, VIT_218s0072g00830.2, VIT_218s0072g00830.1	Aqcoe6G013600.1.p
OG0008773	VIT_218s0001g03230.2, VIT_218s0001g03230.1, VIT_218s0001g03230.3	Aqcoe6G047000.1.p, Aqcoe6G047000.2.p
OG0008774	VIT_207s0031g01200.2, VIT_207s0031g01200.1, VIT_207s0031g01200.3	Aqcoe6G057600.1.p
OG0008775	VIT_202s0488g00040.1	Aqcoe3G181100.1.p, Aqcoe1028s0001.1.p
OG0008776	VIT_214s0171g00460.1	Aqcoe6G024300.1.p
OG0008777	VIT_204s0044g01200.3, VIT_204s0044g01200.1, VIT_204s0044g01200.2	Aqcoe6G034900.1.p
OG0008778	VIT_212s0028g01390.1, VIT_212s0028g01390.3, VIT_212s0028g01390.4, VIT_212s0028g01390.2	Aqcoe0022s0001.1.p, Aqcoe1G215000.1.p, Aqcoe1G215000.2.p
OG0008779	VIT_219s0014g02500.1	Aqcoe4G096500.2.p, Aqcoe4G096500.1.p
OG0008780	VIT_202s0012g01770.3, VIT_202s0012g01770.4, VIT_200s0186g00100.1, VIT_202s0012g01770.2, VIT_202s0012g01770.1	Aqcoe4G039000.1.p
OG0008781	VIT_219s0014g02990.3, VIT_219s0014g02990.1, VIT_219s0014g02990.2	Aqcoe4G132000.1.p, Aqcoe4G132000.2.p
OG0008782	VIT_212s0059g01660.1	Aqcoe4G286400.2.p, Aqcoe4G286400.3.p, Aqcoe4G286400.1.p
OG0008783	VIT_200s0392g00010.1, VIT_200s0361g00080.1	Aqcoe4G252800.1.p
OG0008784	VIT_219s0177g00320.2, VIT_219s0177g00320.1	Aqcoe4G236000.4.p, Aqcoe4G236000.3.p, Aqcoe4G236000.5.p, Aqcoe4G236000.2.p, Aqcoe4G236000.1.p
OG0008785	VIT_208s0032g00620.1	Aqcoe1G207200.1.p
OG0008786	VIT_219s0014g01220.1	Aqcoe4G258400.1.p, Aqcoe4G136600.1.p, Aqcoe1G381000.1.p, Aqcoe4G038500.1.p, Aqcoe4G277000.1.p, Aqcoe1G222800.1.p, Aqcoe1G222900.1.p, Aqcoe1G223200.1.p
OG0008787	VIT_219s0014g01310.1, VIT_219s0014g01310.3	Aqcoe4G040900.1.p, Aqcoe4G040900.3.p
OG0008788	VIT_217s0000g00300.1	Aqcoe4G028800.1.p, Aqcoe4G028800.2.p
OG0008789	VIT_210s0003g03250.2, VIT_210s0003g03250.1	Aqcoe4G001900.1.p, Aqcoe4G001900.2.p
OG0008790	VIT_219s0177g00360.1	Aqcoe4G043200.2.p, Aqcoe4G043200.1.p
OG0008791	VIT_208s0007g07590.4, VIT_208s0007g07590.3, VIT_208s0007g07590.2, VIT_208s0007g07590.1	Aqcoe4G043400.1.p, Aqcoe1G296100.2.p, Aqcoe1G296100.1.p, Aqcoe1G296100.3.p
OG0008792	VIT_212s0028g00640.2, VIT_212s0028g00640.3, VIT_212s0028g00640.4, VIT_212s0028g00640.1	Aqcoe4G009400.2.p, Aqcoe4G009400.1.p, Aqcoe4G009400.3.p
OG0008793	VIT_219s0014g03680.1	Aqcoe4G258700.1.p, Aqcoe4G258700.3.p, Aqcoe4G258700.2.p, Aqcoe4G258700.4.p
OG0008794	VIT_210s0003g00210.1, VIT_210s0003g00210.3, VIT_210s0003g00210.2	Aqcoe4G080600.1.p
OG0008795	VIT_212s0028g03140.2, VIT_212s0028g03140.4, VIT_212s0028g03140.3, VIT_212s0028g03140.5, VIT_212s0028g03140.1	Aqcoe4G081700.1.p
OG0008796	VIT_203s0091g00320.1	Aqcoe4G002700.1.p
OG0008797	VIT_200s0226g00100.1, VIT_200s0226g00100.3, VIT_200s0226g00100.2	Aqcoe4G032800.1.p, Aqcoe4G032800.3.p, Aqcoe4G032800.2.p
OG0008798	VIT_200s0337g00040.1	Aqcoe4G246500.1.p, Aqcoe5G022800.1.p
OG0008799	VIT_219s0014g03920.1	Aqcoe5G278700.1.p, Aqcoe4G265800.1.p, Aqcoe4G265800.3.p, Aqcoe4G265800.2.p
OG0008800	VIT_210s0092g00120.1, VIT_210s0092g00120.2	Aqcoe4G004800.2.p, Aqcoe4G004800.1.p
OG0008801	VIT_211s0016g00850.1	Aqcoe4G003600.1.p
OG0008802	VIT_212s0028g03430.3, VIT_212s0028g03430.1, VIT_212s0028g03430.2	Aqcoe4G095400.1.p
OG0008803	VIT_217s0000g05130.1	Aqcoe3G367900.2.p, Aqcoe4G175700.1.p, Aqcoe1G396500.1.p, Aqcoe3G367900.1.p
OG0008804	VIT_202s0025g02700.1	Aqcoe4G154200.1.p, Aqcoe1G420700.1.p
OG0008805	VIT_216s0039g02530.1, VIT_216s0039g02530.2	Aqcoe3G208200.2.p, Aqcoe3G208200.1.p, Aqcoe4G291000.1.p
OG0008806	VIT_212s0059g01650.1	Aqcoe4G290200.1.p
OG0008807	VIT_200s0203g00020.1, VIT_212s0057g00220.1	Aqcoe4G261200.1.p
OG0008808	VIT_219s0090g00230.1, VIT_219s0090g00230.2	Aqcoe4G198300.1.p
OG0008809	VIT_219s0014g03180.1, VIT_212s0059g00280.1	Aqcoe4G147300.1.p
OG0008810	VIT_209s0002g05260.1	Aqcoe7G197200.1.p
OG0008811	VIT_208s0056g01170.1	Aqcoe7G210300.1.p
OG0008812	VIT_211s0037g00820.1, VIT_211s0037g00820.4, VIT_211s0037g00820.3, VIT_211s0037g00820.2	Aqcoe7G220900.1.p
OG0008813	VIT_204s0008g03810.2, VIT_204s0008g03810.1	Aqcoe7G173500.1.p, Aqcoe7G404000.1.p
OG0008814	VIT_211s0016g00340.1, VIT_211s0016g00340.2, VIT_211s0016g00340.3	Aqcoe7G101600.1.p
OG0008815	VIT_200s0181g00190.1, VIT_200s0181g00210.2, VIT_200s0181g00210.3, VIT_200s0181g00210.4, VIT_200s0181g00210.1	Aqcoe7G325400.1.p
OG0008816	VIT_215s0048g00420.1	Aqcoe7G074300.1.p
OG0008817	VIT_200s0445g00020.1	Aqcoe7G275100.1.p, Aqcoe1G323700.1.p
OG0008818	VIT_202s0025g00490.2, VIT_202s0025g00490.1	Aqcoe7G018400.1.p
OG0008819	VIT_200s0299g00030.2, VIT_200s2481g00010.1, VIT_200s0299g00030.3, VIT_200s0299g00030.1	Aqcoe7G393400.1.p
OG0008820	VIT_211s0037g00930.1	Aqcoe7G342200.1.p
OG0008821	VIT_215s0046g01040.1	Aqcoe7G013300.2.p, Aqcoe7G013300.1.p
OG0008822	VIT_211s0065g00480.1	Aqcoe7G305100.1.p
OG0008823	VIT_211s0052g01390.6, VIT_211s0052g01390.5, VIT_211s0052g01390.4, VIT_211s0052g01390.3, VIT_211s0052g01390.2, VIT_211s0052g01390.1	Aqcoe7G327000.2.p, Aqcoe7G327000.1.p
OG0008824	VIT_201s0011g05730.1, VIT_201s0011g05730.2, VIT_201s0011g05730.3	Aqcoe3G330300.1.p, Aqcoe7G338800.2.p, Aqcoe7G338800.1.p
OG0008825	VIT_216s0022g02080.1	Aqcoe7G060400.1.p
OG0008826	VIT_211s0016g00110.1	Aqcoe7G359800.1.p
OG0008827	VIT_211s0118g00770.4, VIT_211s0118g00770.2, VIT_211s0118g00770.3, VIT_211s0118g00770.1	Aqcoe7G370800.1.p
OG0008828	VIT_204s0008g03860.1, VIT_204s0008g03860.2, VIT_211s0016g03850.1	Aqcoe7G404500.1.p
OG0008829	VIT_216s0022g02320.3, VIT_216s0022g02320.2, VIT_216s0022g02320.1, VIT_216s0022g02320.4	Aqcoe7G054500.1.p
OG0008830	VIT_216s0100g00410.1, VIT_216s0100g00410.2, VIT_216s0100g00410.3	Aqcoe7G048800.1.p
OG0008831	VIT_212s0059g02380.1	Aqcoe7G177700.1.p
OG0008832	VIT_200s0145g00085.1	Aqcoe7G166900.1.p
OG0008833	VIT_211s0016g04490.3, VIT_211s0016g04490.4, VIT_211s0016g04490.2, VIT_211s0016g04490.1	Aqcoe7G195800.1.p
OG0008834	VIT_209s0018g01740.1	Aqcoe7G350600.1.p, Aqcoe7G350600.4.p, Aqcoe7G350600.3.p, Aqcoe7G350600.2.p
OG0008835	VIT_211s0052g00640.3, VIT_211s0052g00640.5, VIT_211s0052g00640.1, VIT_211s0052g00640.2, VIT_211s0052g00640.6, VIT_211s0052g00640.4	Aqcoe7G311400.1.p
OG0008836	VIT_208s0007g06790.1	Aqcoe7G045400.1.p
OG0008837	VIT_215s0046g02070.1	Aqcoe7G018300.1.p
OG0008838	VIT_211s0206g00180.2, VIT_211s0206g00180.3, VIT_211s0206g00180.4, VIT_211s0206g00180.1, VIT_211s0206g00150.2, VIT_211s0206g00150.1, VIT_211s0206g00150.4, VIT_211s0206g00150.3, VIT_211s0206g00150.5	Aqcoe7G362000.1.p, Aqcoe7G362000.2.p, Aqcoe7G362000.3.p
OG0008839	VIT_200s0229g00190.1, VIT_200s0229g00190.2, VIT_200s0229g00190.3	Aqcoe7G089600.1.p, Aqcoe7G089600.2.p
OG0008840	VIT_204s0008g05840.1	Aqcoe7G360900.1.p, Aqcoe7G360900.2.p
OG0008841	VIT_200s0246g00140.1	Aqcoe7G226400.1.p
OG0008841	VIT_200s0246g00150.1	Aqcoe7G226500.1.p
OG0008842	VIT_214s0066g01910.3, VIT_214s0066g01910.2, VIT_214s0066g01910.1	Aqcoe3G105300.1.p, Aqcoe3G105300.2.p, Aqcoe7G210100.1.p
OG0008843	VIT_211s0037g01040.1	Aqcoe7G253100.4.p, Aqcoe7G253100.3.p, Aqcoe7G253100.5.p, Aqcoe7G253100.1.p, Aqcoe7G253100.2.p
OG0008844	VIT_211s0016g01400.1, VIT_204s0008g01730.1	Aqcoe7G115100.1.p
OG0008845	VIT_213s0067g01320.1, VIT_213s0067g01320.2	Aqcoe7G063300.1.p, Aqcoe1G413400.1.p, Aqcoe1G413400.15.p, Aqcoe1G413400.14.p
OG0008846	VIT_214s0060g01030.1	Aqcoe7G244100.2.p, Aqcoe7G244100.1.p
OG0008847	VIT_202s0236g00120.1, VIT_202s0236g00100.1, VIT_202s0236g00010.2, VIT_202s0236g00060.1, VIT_202s0236g00010.1, VIT_202s0236g00050.1, VIT_202s0236g00070.1, VIT_202s0236g00070.2, VIT_202s0236g00090.1	Aqcoe7G363700.1.p, Aqcoe3G243800.1.p
OG0008849	VIT_211s0016g00720.1, VIT_211s0016g00720.2	Aqcoe7G432000.1.p, Aqcoe7G108900.1.p
OG0008850	VIT_211s0016g05120.3, VIT_211s0016g05120.5, VIT_211s0016g05120.2, VIT_211s0016g05120.4, VIT_211s0016g05120.1, VIT_218s0086g00580.1, VIT_218s0086g00560.1	Aqcoe7G390300.1.p, Aqcoe1G329800.1.p
OG0008851	VIT_209s0002g02670.1, VIT_209s0002g02670.2, VIT_209s0002g02670.5, VIT_209s0002g02670.3, VIT_209s0002g02670.6, VIT_209s0002g02670.4	Aqcoe7G416600.1.p
OG0008852	VIT_204s0008g01120.1	Aqcoe7G125700.1.p
OG0008853	VIT_209s0018g01700.1, VIT_209s0018g01700.2	Aqcoe7G220600.3.p, Aqcoe7G220600.4.p, Aqcoe7G220600.1.p, Aqcoe7G220600.2.p
OG0008854	VIT_216s0115g00310.1, VIT_216s0115g00080.1, VIT_216s0115g00080.2	Aqcoe7G347300.4.p, Aqcoe7G347300.1.p, Aqcoe7G347300.2.p, Aqcoe7G347300.3.p
OG0008855	VIT_209s0002g02620.2, VIT_209s0002g02620.1, VIT_209s0002g02610.1	Aqcoe7G415600.1.p
OG0008856	VIT_219s0015g01690.1	Aqcoe7G083400.1.p, Aqcoe7G083400.3.p, Aqcoe7G083400.2.p
OG0008857	VIT_211s0016g02360.1	Aqcoe7G131300.1.p
OG0008858	VIT_209s0054g00930.3, VIT_209s0054g00930.2, VIT_209s0054g00930.1	Aqcoe7G296100.1.p
OG0008859	VIT_206s0004g07100.1, VIT_213s0067g01710.1	Aqcoe7G114100.1.p
OG0008860	VIT_209s0002g04520.1	Aqcoe7G399300.1.p, Aqcoe7G180600.1.p
OG0008861	VIT_206s0061g01590.2, VIT_206s0061g01590.1	Aqcoe7G142100.1.p, Aqcoe1G452100.1.p
OG0008862	VIT_202s0025g01990.1, VIT_202s0025g01990.2	Aqcoe7G007300.1.p
OG0008863	VIT_202s0033g01370.3, VIT_202s0033g01370.4, VIT_202s0033g01370.5, VIT_202s0033g01370.1, VIT_202s0033g01370.2	Aqcoe7G096500.1.p
OG0008864	VIT_209s0002g04070.2, VIT_209s0002g04070.1	Aqcoe7G164300.2.p, Aqcoe7G164300.1.p, Aqcoe7G065500.1.p
OG0008865	VIT_211s0103g00300.1, VIT_211s0103g00300.2, VIT_211s0103g00300.4, VIT_211s0103g00300.5, VIT_211s0103g00300.3	Aqcoe7G290500.1.p
OG0008866	VIT_204s0008g03550.1	Aqcoe7G162300.1.p, Aqcoe7G173900.1.p
OG0008867	VIT_211s0016g04860.3, VIT_211s0016g04860.2, VIT_211s0016g04860.1	Aqcoe7G393300.1.p
OG0008868	VIT_204s0069g00850.1, VIT_209s0002g02290.1	Aqcoe7G423700.1.p
OG0008869	VIT_209s0002g04450.1	Aqcoe7G405000.1.p, Aqcoe7G405000.2.p
OG0008870	VIT_211s0016g01290.2, VIT_211s0016g01290.3, VIT_211s0016g01290.1	Aqcoe7G114400.1.p, Aqcoe7G114400.3.p, Aqcoe7G114400.2.p
OG0008870	VIT_204s0008g01860.1, VIT_200s0389g00040.1, VIT_200s0389g00030.1, VIT_200s0389g00030.3, VIT_200s0389g00030.2, VIT_200s0389g00040.2, VIT_200s0389g00040.3	Aqcoe7G113300.1.p
OG0008871	VIT_202s0154g00450.2, VIT_202s0154g00450.1, VIT_202s0154g00450.3	Aqcoe7G081600.1.p
OG0008872	VIT_207s0005g01600.1, VIT_207s0005g01600.2	Aqcoe7G248800.1.p
OG0008873	VIT_208s0217g00040.1	Aqcoe7G324700.1.p, Aqcoe7G324700.2.p
OG0008874	VIT_215s0048g02980.2, VIT_215s0048g02980.1	Aqcoe7G003000.1.p
OG0008875	VIT_206s0004g04500.1, VIT_206s0004g04500.3, VIT_206s0004g04500.2, VIT_206s0004g04500.4	Aqcoe1G086200.1.p, Aqcoe7G206000.1.p, Aqcoe7G206000.2.p
OG0008876	VIT_209s0002g07360.1	Aqcoe7G266400.1.p, Aqcoe7G266400.2.p
OG0008877	VIT_201s0010g00940.5, VIT_201s0010g00940.3, VIT_201s0010g00940.1, VIT_201s0010g00940.6, VIT_201s0010g00940.7, VIT_201s0010g00940.2, VIT_201s0010g00940.4	Aqcoe7G209300.1.p
OG0008878	VIT_211s0052g00690.2, VIT_211s0052g00690.1	Aqcoe7G311600.1.p, Aqcoe7G311600.3.p, Aqcoe7G311600.2.p, Aqcoe7G311600.4.p
OG0008879	VIT_216s0100g00330.1	Aqcoe7G050300.1.p
OG0008880	VIT_209s0002g00370.1, VIT_209s0002g00370.2	Aqcoe7G441300.1.p
OG0008881	VIT_204s0069g00780.4, VIT_204s0069g00780.2, VIT_204s0069g00780.5, VIT_204s0069g00780.1, VIT_204s0069g00780.3, VIT_209s0018g01950.1	Aqcoe7G334400.1.p
OG0008882	VIT_205s0124g00530.1, VIT_205s0124g00530.3, VIT_205s0124g00530.4, VIT_205s0124g00530.2	Aqcoe7G188900.2.p, Aqcoe7G188900.1.p
OG0008883	VIT_216s0022g01870.1	Aqcoe7G064700.1.p
OG0008884	VIT_204s0008g02860.1	Aqcoe7G237600.1.p
OG0008885	VIT_202s0241g00060.2, VIT_202s0241g00060.1	Aqcoe7G070500.1.p
OG0008886	VIT_216s0050g01920.1, VIT_216s0050g01880.1	Aqcoe7G020300.1.p
OG0008887	VIT_211s0016g03630.1	Aqcoe7G167500.1.p
OG0008888	VIT_209s0018g01930.1, VIT_210s0092g00280.1	Aqcoe7G333700.1.p, Aqcoe5G288900.1.p
OG0008889	VIT_209s0002g03190.1	Aqcoe7G418700.2.p, Aqcoe7G418700.1.p
OG0008890	VIT_215s0048g00960.2, VIT_215s0048g00960.1	Aqcoe7G069100.2.p, Aqcoe7G069100.1.p
OG0008891	VIT_209s0002g07210.1	Aqcoe7G194900.2.p, Aqcoe7G194900.1.p
OG0008892	VIT_211s0052g01120.1	Aqcoe7G325300.1.p
OG0008893	VIT_211s0016g03520.7, VIT_211s0016g03520.5, VIT_211s0016g03520.6, VIT_211s0016g03520.2, VIT_211s0016g03520.4	Aqcoe7G164200.1.p
OG0008894	VIT_204s0008g01770.2, VIT_204s0008g01770.4, VIT_204s0008g01770.1, VIT_204s0008g01770.5, VIT_204s0008g01770.7, VIT_204s0008g01770.6, VIT_204s0008g01770.3	Aqcoe7G114900.1.p
OG0008895	VIT_204s0008g05700.4, VIT_204s0008g05700.5, VIT_204s0008g05700.3, VIT_204s0008g05700.2, VIT_204s0008g05700.1	Aqcoe7G379400.1.p, Aqcoe7G379400.2.p
OG0008896	VIT_212s0059g01100.1, VIT_212s0059g01100.2	Aqcoe1G346400.1.p, Aqcoe1G346400.2.p, Aqcoe0115s0002.1.p, Aqcoe1G052700.1.p
OG0008897	VIT_216s0039g02040.3, VIT_216s0039g02040.2, VIT_216s0039g02040.1	Aqcoe0099s0002.1.p
OG0008898	VIT_219s0014g02080.1, VIT_219s0014g02080.2	Aqcoe1G250400.1.p, Aqcoe1G250400.2.p
OG0008899	VIT_210s0003g01260.1	Aqcoe1G227500.1.p
OG0008900	VIT_208s0007g08140.2, VIT_208s0007g08140.1	Aqcoe1G030400.3.p, Aqcoe1G030400.4.p, Aqcoe1G030400.1.p, Aqcoe1G030400.2.p
OG0008901	VIT_213s0067g03560.1	Aqcoe1G480600.1.p
OG0008902	VIT_200s0866g00010.1, VIT_208s0007g00565.1	Aqcoe1G412100.1.p
OG0008903	VIT_204s0023g03820.1, VIT_204s0023g03820.2	Aqcoe1G358700.1.p
OG0008904	VIT_213s0064g00720.2, VIT_213s0064g00720.3, VIT_213s0064g00720.1	Aqcoe1G031200.1.p, Aqcoe1G031200.2.p
OG0008905	VIT_214s0066g00170.1	Aqcoe5G389600.1.p
OG0008905	VIT_212s0057g01460.1	Aqcoe1G376900.1.p
OG0008906	VIT_208s0217g00010.1	Aqcoe1G413700.1.p, Aqcoe1G413800.1.p
OG0008907	VIT_208s0007g00610.2, VIT_208s0007g00610.1	Aqcoe1G106100.2.p, Aqcoe1G106100.1.p
OG0008908	VIT_213s0067g02870.1, VIT_213s0067g02870.2	Aqcoe1G405000.1.p
OG0008909	VIT_211s0016g04350.2, VIT_211s0016g04350.3, VIT_211s0016g04350.1	Aqcoe1G403000.1.p
OG0008910	VIT_212s0059g02460.1	Aqcoe1G365300.2.p, Aqcoe1G365300.1.p
OG0008911	VIT_208s0056g01620.4, VIT_208s0056g01620.3, VIT_208s0056g01620.1, VIT_208s0056g01620.6, VIT_208s0056g01620.2, VIT_208s0056g01620.5	Aqcoe1G066200.1.p
OG0008912	VIT_213s0074g00040.1, VIT_213s0074g00040.3, VIT_213s0074g00040.2, VIT_213s0074g00040.4, VIT_213s0074g00040.5	Aqcoe1G118100.1.p
OG0008913	VIT_208s0056g01410.1, VIT_210s0116g00470.1	Aqcoe1G342100.1.p, Aqcoe5G407800.1.p, Aqcoe1G414900.1.p, Aqcoe5G407900.1.p
OG0008914	VIT_206s0009g01760.1	Aqcoe1G011300.1.p
OG0008915	VIT_206s0004g06560.1	Aqcoe1G423800.3.p, Aqcoe1G423800.1.p, Aqcoe1G423800.2.p
OG0008916	VIT_208s0007g08050.2, VIT_208s0007g08050.3, VIT_208s0007g08050.1	Aqcoe1G023500.2.p, Aqcoe1G023500.1.p
OG0008917	VIT_208s0007g07300.1	Aqcoe1G056800.1.p
OG0008918	VIT_213s0019g04410.2, VIT_213s0019g04410.1	Aqcoe1G142100.1.p
OG0008919	VIT_206s0004g03140.1, VIT_206s0004g03140.4, VIT_206s0004g03140.3	Aqcoe1G494300.1.p, Aqcoe1G494300.2.p
OG0008920	VIT_213s0067g03530.1	Aqcoe1G482800.1.p
OG0008921	VIT_213s0047g00535.1, VIT_208s0040g01600.1	Aqcoe1G137200.1.p
OG0008922	VIT_208s0040g01260.2, VIT_208s0040g01260.1	Aqcoe1G047200.2.p, Aqcoe1G047200.1.p
OG0008923	VIT_204s0008g02620.3, VIT_204s0008g02620.2, VIT_204s0008g02620.1	Aqcoe1G455300.1.p
OG0008924	VIT_218s0001g02080.1, VIT_218s0001g02060.3, VIT_218s0001g02060.2, VIT_218s0001g02060.4, VIT_218s0001g02060.1	Aqcoe1G156700.1.p, Aqcoe1G158200.1.p
OG0008925	VIT_210s0003g02050.2, VIT_210s0003g02050.1	Aqcoe1G211000.1.p, Aqcoe1G210900.1.p
OG0008926	VIT_208s0105g00400.1	Aqcoe1G418600.1.p, Aqcoe1G418600.2.p
OG0008927	VIT_219s0090g00020.1	Aqcoe1G275900.1.p, Aqcoe1G275900.2.p, Aqcoe1G417600.1.p, Aqcoe1G417600.2.p
OG0008928	VIT_206s0004g03640.4, VIT_206s0004g03640.5, VIT_206s0004g03640.3, VIT_206s0004g03640.1, VIT_206s0004g03640.2	Aqcoe1G485900.1.p
OG0008929	VIT_215s0024g00040.1	Aqcoe1G382400.1.p
OG0008930	VIT_212s0057g00400.1	Aqcoe1G392300.1.p
OG0008931	VIT_212s0028g02170.2, VIT_212s0028g02170.1	Aqcoe1G227600.2.p, Aqcoe1G227600.3.p, Aqcoe1G227600.1.p
OG0008932	VIT_212s0035g01950.1, VIT_212s0035g01950.3, VIT_212s0035g01950.4, VIT_212s0035g01950.2	Aqcoe1G221300.2.p, Aqcoe1G221300.1.p
OG0008933	VIT_212s0059g02290.1	Aqcoe1G303900.1.p
OG0008934	VIT_215s0046g01560.2, VIT_215s0046g01560.1	Aqcoe1G340400.1.p
OG0008935	VIT_206s0004g03440.2, VIT_206s0004g03440.1	Aqcoe1G489700.1.p
OG0008936	VIT_210s0003g00240.1	Aqcoe1G252600.6.p, Aqcoe1G252600.3.p, Aqcoe1G252600.7.p, Aqcoe1G252600.4.p, Aqcoe1G252600.8.p, Aqcoe1G252600.5.p, Aqcoe1G252600.1.p, Aqcoe1G252600.2.p
OG0008937	VIT_209s0054g00720.1	Aqcoe5G002200.2.p, Aqcoe5G002200.1.p
OG0008938	VIT_219s0090g01480.1	Aqcoe1G310600.3.p, Aqcoe1G310600.2.p, Aqcoe1G310600.1.p
OG0008939	VIT_206s0004g07530.1	Aqcoe1G393500.1.p
OG0008940	VIT_208s0007g00060.2, VIT_208s0007g00060.3, VIT_208s0007g00060.1	Aqcoe1G466900.1.p
OG0008941	VIT_208s0007g08790.1	Aqcoe1G036400.1.p
OG0008942	VIT_208s0007g02830.1	Aqcoe1G437700.1.p
OG0008943	VIT_219s0090g00430.1	Aqcoe1G142800.1.p
OG0008944	VIT_204s0044g00550.1, VIT_204s0044g00550.2	Aqcoe1G076500.2.p, Aqcoe1G076500.1.p
OG0008945	VIT_211s0016g00930.1	Aqcoe1G093400.4.p, Aqcoe1G093400.2.p, Aqcoe1G093400.1.p, Aqcoe1G093400.3.p
OG0008946	VIT_202s0033g00240.1, VIT_202s0033g00130.1, VIT_202s0033g00180.1	Aqcoe1G202300.1.p
OG0008947	VIT_208s0007g03750.1	Aqcoe1G453800.1.p, Aqcoe1G453800.2.p
OG0008948	VIT_206s0009g00270.1	Aqcoe1G077300.1.p
OG0008949	VIT_208s0007g06750.1	Aqcoe1G015800.1.p
OG0008950	VIT_213s0019g04740.3, VIT_213s0019g04740.1, VIT_213s0019g04740.4, VIT_213s0019g04740.2	Aqcoe1G132800.1.p
OG0008951	VIT_206s0009g02520.2, VIT_206s0009g02520.1	Aqcoe1G072300.1.p, Aqcoe1G072300.2.p
OG0008952	VIT_206s0080g00870.2, VIT_206s0080g00870.1, VIT_208s0007g02860.1	Aqcoe1G438200.1.p
OG0008953	VIT_206s0004g01240.1, VIT_206s0004g01240.2	Aqcoe1G013500.1.p
OG0008954	VIT_210s0003g02810.1, VIT_210s0003g02810.2, VIT_212s0028g00270.1	Aqcoe1G199600.1.p
OG0008955	VIT_212s0035g00290.1, VIT_213s0019g02370.1, VIT_213s0019g02370.2	Aqcoe1G098600.1.p, Aqcoe1G098600.2.p
OG0008956	VIT_206s0009g03780.2, VIT_206s0009g03780.4, VIT_206s0009g03780.3, VIT_206s0009g03780.5, VIT_206s0009g03780.1	Aqcoe1G035700.1.p
OG0008958	VIT_219s0014g02360.1	Aqcoe1G258300.1.p
OG0008959	VIT_212s0142g00620.1, VIT_209s0070g00390.1	Aqcoe1G211300.1.p
OG0008960	VIT_208s0007g07820.1	Aqcoe1G034000.1.p
OG0008961	VIT_206s0004g04290.1	Aqcoe1G470300.2.p
OG0008962	VIT_201s0011g01050.2, VIT_201s0011g01050.1	Aqcoe1G159400.1.p
OG0008963	VIT_206s0004g06990.2, VIT_206s0004g06990.1, VIT_206s0004g06990.3, VIT_206s0004g06980.1	Aqcoe1G408400.2.p, Aqcoe1G408400.1.p
OG0008964	VIT_213s0064g00180.1	Aqcoe1G037400.1.p
OG0008965	VIT_219s0014g01250.1	Aqcoe1G223600.1.p
OG0008966	VIT_202s0012g01840.3, VIT_202s0012g01840.1, VIT_202s0012g01840.2	Aqcoe1G180600.1.p
OG0008967	VIT_213s0047g01100.3, VIT_213s0047g01100.2, VIT_213s0047g01100.1, VIT_213s0101g00380.1	Aqcoe1G154700.2.p, Aqcoe1G154700.1.p
OG0008968	VIT_215s0048g02140.1, VIT_215s0048g02140.2	Aqcoe1G178000.1.p, Aqcoe1G178000.2.p
OG0008969	VIT_217s0000g10250.3, VIT_217s0000g10250.2, VIT_217s0000g10250.1	Aqcoe1G167200.1.p
OG0008970	VIT_208s0058g01150.1, VIT_208s0058g01150.3, VIT_208s0058g01150.2, VIT_208s0058g01150.4	Aqcoe1G401100.2.p, Aqcoe1G401100.1.p
OG0008971	VIT_205s0094g00800.2, VIT_205s0094g00800.1, VIT_205s0094g00800.3	Aqcoe1G497400.1.p
OG0008972	VIT_206s0004g04460.1	Aqcoe1G465500.1.p, Aqcoe1G465500.2.p
OG0008973	VIT_206s0004g07390.1	Aqcoe1G150200.1.p
OG0008974	VIT_202s0025g02410.1	Aqcoe1G331100.1.p
OG0008975	VIT_206s0004g01330.1, VIT_206s0004g01330.3, VIT_206s0004g01330.2	Aqcoe1G383200.1.p, Aqcoe1G383300.1.p, Aqcoe5G017000.1.p
OG0008976	VIT_210s0116g01630.1, VIT_210s0116g01630.2, VIT_210s0116g01630.3	Aqcoe1G229800.1.p
OG0008977	VIT_213s0064g00030.2, VIT_213s0064g00030.1	Aqcoe1G037300.1.p, Aqcoe1G037300.2.p, Aqcoe1G037300.3.p
OG0008978	VIT_206s0009g01020.2, VIT_206s0009g01020.1	Aqcoe1G073400.1.p
OG0008979	VIT_201s0011g01090.1	Aqcoe1G159100.1.p
OG0008980	VIT_208s0040g02250.2, VIT_208s0040g02250.1	Aqcoe1G493300.1.p
OG0008981	VIT_219s0014g01320.1	Aqcoe1G224300.1.p
OG0008982	VIT_205s0094g00760.2, VIT_205s0094g00760.3, VIT_205s0094g00760.6, VIT_205s0094g00760.4, VIT_205s0094g00760.1, VIT_205s0094g00760.5	Aqcoe1G455600.1.p
OG0008983	VIT_208s0040g00500.1	Aqcoe1G171600.2.p, Aqcoe1G171600.1.p, Aqcoe1G171600.3.p
OG0008984	VIT_213s0067g00210.4, VIT_213s0067g00210.2, VIT_213s0067g00210.1, VIT_213s0067g00210.3	Aqcoe1G499100.2.p, Aqcoe1G499100.1.p
OG0008985	VIT_213s0019g04360.1	Aqcoe1G143100.1.p
OG0008986	VIT_208s0007g01710.2, VIT_208s0007g01710.1	Aqcoe3G037400.1.p, Aqcoe1G087700.1.p
OG0008987	VIT_201s0011g01990.1, VIT_201s0011g01990.2, VIT_203s0017g01700.1	Aqcoe1G166700.1.p
OG0008988	VIT_212s0028g02990.1	Aqcoe1G250600.1.p
OG0008989	VIT_212s0057g00230.2, VIT_212s0057g00230.1	Aqcoe1G138600.1.p
OG0008990	VIT_208s0007g02470.1, VIT_206s0080g01160.1	Aqcoe1G432100.1.p
OG0008991	VIT_209s0002g06730.2	Aqcoe1G262900.1.p
OG0008992	VIT_215s0021g02040.1	Aqcoe1G285600.1.p, Aqcoe3G274900.1.p
OG0008993	VIT_208s0007g07410.2, VIT_208s0007g07410.1	Aqcoe1G058700.1.p
OG0008994	VIT_216s0039g01880.1, VIT_202s0012g02060.1	Aqcoe1G418800.1.p
OG0008995	VIT_206s0009g03440.1, VIT_206s0009g03440.2, VIT_206s0009g03440.3	Aqcoe1G042400.1.p
OG0008996	VIT_200s0181g00230.1, VIT_200s0181g00230.3, VIT_200s0181g00230.2	Aqcoe1G267200.1.p
OG0008997	VIT_200s2188g00010.1, VIT_200s2188g00010.2, VIT_200s0187g00130.1	Aqcoe1G392400.1.p
OG0008998	VIT_212s0028g01080.2	Aqcoe1G182400.1.p
OG0008999	VIT_206s0009g03610.4, VIT_206s0009g03610.1, VIT_206s0009g03610.2, VIT_206s0009g03610.3	Aqcoe1G039600.3.p, Aqcoe1G039600.4.p, Aqcoe1G039600.2.p, Aqcoe1G039600.1.p
OG0009000	VIT_207s0130g00180.1	Aqcoe1G302600.1.p
OG0009001	VIT_218s0122g00240.1, VIT_218s0122g00230.1	Aqcoe1G194200.1.p
OG0009002	VIT_219s0014g00250.3, VIT_219s0014g00250.4, VIT_219s0014g00250.2, VIT_219s0014g00250.1	Aqcoe1G208600.1.p
OG0009003	VIT_209s0002g06120.2, VIT_209s0002g06120.1	Aqcoe1G156400.1.p
OG0009004	VIT_208s0007g06240.1, VIT_208s0007g06240.3, VIT_208s0007g06240.2	Aqcoe1G020700.1.p
OG0009005	VIT_206s0004g07140.1, VIT_206s0004g07140.3, VIT_206s0004g07140.4, VIT_206s0004g07140.2	Aqcoe1G199400.2.p, Aqcoe1G199400.3.p, Aqcoe1G199400.1.p
OG0009006	VIT_219s0177g00140.1, VIT_210s0116g00530.1	Aqcoe1G354400.1.p
OG0009007	VIT_200s0265g00030.2, VIT_219s0014g02840.1	Aqcoe1G267000.1.p
OG0009008	VIT_217s0000g02630.1, VIT_200s0203g00080.1	Aqcoe3G016200.1.p, Aqcoe1228s0001.1.p, Aqcoe3G016200.2.p
OG0009009	VIT_218s0086g00180.2, VIT_218s0086g00180.3, VIT_218s0086g00180.1	Aqcoe5G305000.2.p, Aqcoe5G305000.1.p
OG0009010	VIT_204s0043g00360.1, VIT_205s0077g00110.1	Aqcoe5G010400.1.p
OG0009011	VIT_217s0000g10210.1	Aqcoe5G378600.3.p, Aqcoe5G378600.1.p, Aqcoe5G378600.2.p
OG0009012	VIT_217s0000g10090.1	Aqcoe5G379900.1.p
OG0009013	VIT_205s0029g00010.1	Aqcoe5G006700.1.p
OG0009014	VIT_217s0000g10060.1, VIT_201s0010g02190.1	Aqcoe3G131100.1.p, Aqcoe5G381000.1.p
OG0009015	VIT_218s0041g00350.1	Aqcoe5G300000.4.p, Aqcoe5G300000.1.p, Aqcoe5G300000.2.p, Aqcoe5G300000.3.p
OG0009016	VIT_218s0089g00220.1, VIT_218s0089g00220.2, VIT_202s0109g00370.1, VIT_218s0089g00220.3	Aqcoe5G217800.1.p
OG0009017	VIT_201s0010g02590.1	Aqcoe5G372400.4.p, Aqcoe5G372400.1.p, Aqcoe5G372400.6.p, Aqcoe5G372400.2.p, Aqcoe5G372400.5.p, Aqcoe5G372400.3.p
OG0009018	VIT_212s0035g01125.1, VIT_218s0001g03370.2, VIT_218s0001g03370.1	Aqcoe5G220200.2.p, Aqcoe5G220200.1.p
OG0009019	VIT_205s0020g03470.1, VIT_205s0020g03470.2	Aqcoe5G054900.1.p
OG0009020	VIT_204s0210g00200.1	Aqcoe5G122400.1.p
OG0009021	VIT_218s0166g00200.1	Aqcoe5G243300.1.p
OG0009022	VIT_218s0001g07920.1	Aqcoe5G218400.1.p
OG0009023	VIT_218s0072g01180.3, VIT_218s0072g01180.4, VIT_218s0072g01180.2, VIT_218s0072g01180.1	Aqcoe5G269400.1.p
OG0009024	VIT_201s0010g03650.1, VIT_201s0010g03650.3, VIT_201s0010g03650.2, VIT_201s0010g03650.4	Aqcoe5G357000.2.p, Aqcoe5G357000.1.p
OG0009025	VIT_205s0049g00960.3, VIT_205s0049g00960.1, VIT_205s0049g00960.2	Aqcoe5G027100.1.p
OG0009026	VIT_202s0025g02550.1	Aqcoe5G469300.1.p
OG0009027	VIT_215s0048g02500.3, VIT_215s0048g02500.5, VIT_215s0048g02500.4, VIT_215s0048g02500.2, VIT_215s0048g02500.1	Aqcoe5G471600.1.p
OG0009028	VIT_201s0010g03320.1	Aqcoe5G361600.1.p
OG0009029	VIT_206s0009g02360.1	Aqcoe3G165000.1.p, Aqcoe5G192500.1.p
OG0009030	VIT_216s0098g01310.1	Aqcoe5G461700.1.p
OG0009031	VIT_218s0001g00660.1, VIT_218s0001g00660.2	Aqcoe5G127100.3.p, Aqcoe5G127100.1.p, Aqcoe5G127100.2.p
OG0009032	VIT_214s0219g00110.1	Aqcoe3G131300.1.p
OG0009033	VIT_200s0742g00030.3, VIT_200s0742g00030.4, VIT_200s0742g00030.2, VIT_200s0742g00030.1	Aqcoe5G220500.1.p
OG0009034	VIT_207s0005g04620.1	Aqcoe5G009700.1.p
OG0009035	VIT_205s0077g00550.1, VIT_205s0077g00550.3, VIT_205s0077g00550.2	Aqcoe5G268400.1.p
OG0009036	VIT_218s0001g03070.1	Aqcoe5G318600.1.p
OG0009037	VIT_218s0001g13280.1, VIT_218s0001g13280.2	Aqcoe5G182100.1.p
OG0009038	VIT_207s0005g02140.2, VIT_207s0005g02140.3, VIT_207s0005g02140.1	Aqcoe5G296200.1.p
OG0009039	VIT_216s0050g02390.1	Aqcoe5G445100.1.p
OG0009040	VIT_212s0035g01750.1, VIT_212s0035g01750.3, VIT_212s0035g01750.2	Aqcoe5G218000.1.p, Aqcoe5G218000.2.p
OG0009041	VIT_214s0060g02060.2, VIT_214s0060g02060.5, VIT_214s0060g02060.4, VIT_214s0060g02060.3, VIT_214s0060g02060.1	Aqcoe5G093700.1.p
OG0009042	VIT_218s0001g03730.1, VIT_218s0001g03730.3, VIT_218s0001g03730.2	Aqcoe5G279400.1.p
OG0009043	VIT_203s0038g04750.2, VIT_203s0038g04750.1	Aqcoe5G188800.1.p, Aqcoe5G188800.2.p
OG0009044	VIT_214s0030g00490.2, VIT_214s0030g00490.1	Aqcoe5G070100.3.p, Aqcoe5G070100.2.p, Aqcoe5G070100.1.p
OG0009045	VIT_214s0068g02130.2, VIT_214s0068g02130.1	Aqcoe5G360400.1.p
OG0009046	VIT_216s0050g01050.2, VIT_216s0050g01050.1	Aqcoe5G435600.1.p
OG0009047	VIT_207s0005g01530.1	Aqcoe5G271200.1.p
OG0009048	VIT_216s0098g00810.2, VIT_216s0098g00810.3, VIT_216s0098g00810.4, VIT_216s0098g00810.1, VIT_216s0098g00810.7, VIT_216s0098g00810.8, VIT_216s0098g00810.9, VIT_216s0098g00810.5, VIT_216s0098g00810.6	Aqcoe5G473100.1.p
OG0009049	VIT_202s0025g02200.1, VIT_202s0025g02200.3, VIT_202s0025g02200.4, VIT_202s0025g02200.2	Aqcoe3G084300.1.p, Aqcoe3G084300.2.p, Aqcoe5G465400.1.p
OG0009050	VIT_200s0592g00020.1	Aqcoe5G313600.1.p
OG0009051	VIT_201s0011g02910.2, VIT_201s0011g02910.1	Aqcoe5G067900.1.p
OG0009052	VIT_217s0000g02190.2, VIT_217s0000g02190.4	Aqcoe5G102600.1.p, Aqcoe5G102400.1.p
OG0009053	VIT_215s0046g00120.1	Aqcoe5G468000.1.p
OG0009054	VIT_207s0005g04650.1	Aqcoe5G009100.2.p, Aqcoe5G009100.1.p
OG0009055	VIT_203s0091g00810.1	Aqcoe5G101300.1.p
OG0009056	VIT_207s0031g00620.3, VIT_207s0031g00620.2, VIT_207s0031g00620.1, VIT_207s0031g00620.4	Aqcoe5G151500.1.p
OG0009057	VIT_205s0049g02250.1	Aqcoe5G112300.1.p
OG0009059	VIT_218s0072g00400.1	Aqcoe5G099900.1.p, Aqcoe5G099900.2.p
OG0009060	VIT_203s0063g00210.1	Aqcoe5G148500.1.p
OG0009061	VIT_218s0122g00190.2, VIT_218s0122g00190.1, VIT_218s0122g00190.3	Aqcoe5G114200.1.p, Aqcoe5G114200.2.p
OG0009062	VIT_205s0051g00070.1, VIT_205s0051g00070.3, VIT_205s0051g00070.2	Aqcoe5G008900.2.p, Aqcoe5G008900.3.p, Aqcoe5G008900.1.p
OG0009063	VIT_212s0055g01110.1	Aqcoe5G317000.1.p
OG0009064	VIT_203s0038g02210.1	Aqcoe5G211300.1.p
OG0009065	VIT_205s0020g04870.2	Aqcoe5G037200.1.p
OG0009066	VIT_217s0000g09210.1	Aqcoe5G399900.3.p, Aqcoe5G399900.1.p, Aqcoe5G399900.2.p
OG0009067	VIT_204s0043g00560.2	Aqcoe5G009500.1.p
OG0009068	VIT_207s0005g00100.1, VIT_207s0005g00100.3, VIT_207s0005g00100.2	Aqcoe5G084500.1.p
OG0009069	VIT_218s0072g00840.1	Aqcoe5G020200.1.p
OG0009070	VIT_203s0038g02830.2, VIT_203s0038g02830.1	Aqcoe5G129600.2.p, Aqcoe5G129600.1.p, Aqcoe5G129600.3.p
OG0009073	VIT_207s0151g00690.1	Aqcoe5G051400.1.p
OG0009074	VIT_217s0000g01240.1	Aqcoe5G351900.1.p
OG0009075	VIT_202s0025g03950.1, VIT_202s0025g03950.2, VIT_202s0025g03950.3	Aqcoe5G423000.1.p
OG0009076	VIT_218s0001g01800.1	Aqcoe5G317200.2.p, Aqcoe5G317200.1.p
OG0009077	VIT_212s0034g01130.3, VIT_212s0034g01130.1, VIT_212s0034g01130.2, VIT_212s0034g01130.7, VIT_212s0034g01130.6, VIT_212s0034g01130.5, VIT_212s0034g01130.4	Aqcoe5G255600.1.p
OG0009078	VIT_200s0508g00020.1	Aqcoe5G362700.1.p, Aqcoe5G362700.2.p
OG0009079	VIT_201s0150g00570.3, VIT_201s0150g00570.1	Aqcoe5G308100.1.p
OG0009080	VIT_205s0077g02110.1	Aqcoe5G090800.1.p
OG0009081	VIT_207s0005g04260.4, VIT_207s0005g04260.2, VIT_207s0005g04260.5, VIT_207s0005g04260.3, VIT_207s0005g04260.1	Aqcoe5G073500.1.p
OG0009082	VIT_207s0255g00010.1	Aqcoe5G172200.1.p, Aqcoe5G172200.2.p
OG0009083	VIT_205s0077g01010.1, VIT_205s0077g01010.2	Aqcoe5G286200.1.p
OG0009084	VIT_214s0081g00490.2, VIT_214s0081g00490.4, VIT_212s0055g01120.1, VIT_214s0081g00490.5, VIT_214s0081g00490.3, VIT_214s0081g00490.1	Aqcoe5G037300.2.p, Aqcoe5G037300.1.p
OG0009085	VIT_207s0129g01040.3, VIT_207s0129g01040.1, VIT_207s0129g01040.2, VIT_207s0129g01040.5	Aqcoe5G138200.1.p
OG0009086	VIT_213s0067g03010.1, VIT_213s0067g02710.1	Aqcoe5G309300.1.p
OG0009087	VIT_205s0020g02480.1, VIT_207s0104g00610.1	Aqcoe5G063200.1.p
OG0009088	VIT_201s0146g00100.1, VIT_201s0146g00100.2, VIT_201s0146g00100.4	Aqcoe3G164200.1.p, Aqcoe5G347800.1.p, Aqcoe5G347800.2.p
OG0009089	VIT_202s0025g02470.3, VIT_202s0025g02470.2, VIT_202s0025g02470.1	Aqcoe5G461800.1.p
OG0009090	VIT_212s0028g01140.3, VIT_212s0028g01140.1	Aqcoe5G464800.1.p
OG0009091	VIT_218s0001g14230.2, VIT_218s0001g14230.6, VIT_218s0001g14230.4, VIT_218s0001g14230.1, VIT_218s0001g14230.5, VIT_218s0001g14230.3	Aqcoe5G208800.1.p, Aqcoe5G208800.2.p
OG0009092	VIT_218s0122g00900.3, VIT_218s0122g00900.4, VIT_218s0122g00900.2, VIT_218s0122g00900.1	Aqcoe5G115600.1.p
OG0009093	VIT_205s0020g01730.2, VIT_205s0020g01730.1	Aqcoe5G080600.1.p
OG0009094	VIT_215s0048g00540.3, VIT_215s0048g00540.1, VIT_215s0048g00540.2	Aqcoe5G420300.1.p
OG0009095	VIT_207s0151g01130.1	Aqcoe5G058100.2.p, Aqcoe5G058100.1.p
OG0009096	VIT_204s0043g00740.1, VIT_204s0043g00740.2	Aqcoe5G229200.1.p
OG0009097	VIT_207s0005g03440.1, VIT_207s0005g03470.1	Aqcoe5G025300.1.p
OG0009098	VIT_215s0048g00230.1, VIT_215s0048g00230.2	Aqcoe5G417300.4.p, Aqcoe5G417300.2.p, Aqcoe5G417300.3.p, Aqcoe5G417300.5.p, Aqcoe5G417300.7.p, Aqcoe5G417300.8.p, Aqcoe5G417300.1.p, Aqcoe5G417300.6.p
OG0009099	VIT_207s0031g03150.3, VIT_207s0031g03150.2, VIT_207s0031g03150.1	Aqcoe5G300300.1.p
OG0009100	VIT_203s0180g00110.1	Aqcoe5G140800.1.p
OG0009101	VIT_214s0066g00920.4, VIT_214s0066g00920.1, VIT_214s0066g00920.2, VIT_214s0066g00920.3	Aqcoe3G280200.1.p
OG0009102	VIT_214s0108g01390.1	Aqcoe3G357600.1.p, Aqcoe3G135300.1.p
OG0009103	VIT_217s0000g09280.1	Aqcoe3G144200.1.p
OG0009104	VIT_201s0010g01230.4, VIT_201s0010g01230.3, VIT_201s0010g01230.1, VIT_201s0010g01230.6, VIT_201s0010g01230.5, VIT_201s0010g01230.2	Aqcoe3G433300.2.p, Aqcoe3G433300.1.p
OG0009105	VIT_201s0011g04196.1, VIT_201s0011g04190.1	Aqcoe3G023800.1.p
OG0009106	VIT_214s0066g01130.2, VIT_214s0066g01130.1, VIT_214s0066g01130.3	Aqcoe3G123500.1.p
OG0009107	VIT_201s0011g00750.1, VIT_201s0011g00760.1	Aqcoe3G361900.1.p
OG0009108	VIT_217s0053g00600.4, VIT_217s0053g00600.2, VIT_217s0053g00600.1, VIT_217s0053g00600.3, VIT_208s0040g00880.1	Aqcoe3G437700.2.p, Aqcoe3G437700.1.p, Aqcoe3G437700.3.p
OG0009109	VIT_217s0000g00870.1	Aqcoe3G422100.1.p
OG0009110	VIT_201s0011g02150.1, VIT_201s0011g02150.2	Aqcoe3G434800.3.p, Aqcoe3G434800.2.p, Aqcoe3G434800.1.p
OG0009111	VIT_216s0013g01410.1	Aqcoe3G270300.1.p, Aqcoe3G270300.2.p
OG0009112	VIT_217s0000g06870.1	Aqcoe3G359100.1.p
OG0009113	VIT_202s0234g00080.2, VIT_202s0234g00080.5, VIT_202s0234g00080.1, VIT_202s0234g00080.3, VIT_202s0234g00080.4	Aqcoe3G266900.1.p
OG0009114	VIT_217s0000g07810.1, VIT_217s0000g07810.2	Aqcoe3G107100.3.p, Aqcoe3G107100.2.p, Aqcoe3G107100.1.p, Aqcoe3G305000.1.p
OG0009115	VIT_217s0000g02260.2, VIT_217s0000g02260.1	Aqcoe3G416500.1.p
OG0009116	VIT_207s0005g04970.1	Aqcoe3G261900.1.p
OG0009117	VIT_217s0053g00670.1	Aqcoe3G423800.1.p
OG0009118	VIT_214s0108g00080.1	Aqcoe3G328800.1.p
OG0009119	VIT_214s0066g01230.1, VIT_214s0066g01230.3, VIT_214s0066g01230.2	Aqcoe3G121500.3.p, Aqcoe3G121500.2.p, Aqcoe3G121500.1.p
OG0009120	VIT_201s0011g06370.1, VIT_204s0008g05325.1	Aqcoe3G406200.1.p
OG0009121	VIT_202s0012g00310.1, VIT_202s0012g00310.2	Aqcoe3G258700.1.p, Aqcoe3G258700.2.p
OG0009122	VIT_214s0083g00640.2, VIT_214s0083g00640.1	Aqcoe3G384500.2.p, Aqcoe3G384500.1.p
OG0009123	VIT_202s0087g00586.1	Aqcoe3G216500.1.p
OG0009124	VIT_214s0066g01620.1, VIT_217s0000g07920.1, VIT_217s0000g07920.3, VIT_217s0000g07920.2	Aqcoe3G111800.1.p
OG0009125	VIT_217s0000g06450.1	Aqcoe3G347600.1.p
OG0009126	VIT_202s0012g00850.1	Aqcoe3G049200.1.p
OG0009127	VIT_213s0106g00380.1, VIT_202s0012g00620.1	Aqcoe3G307000.1.p
OG0009128	VIT_214s0083g01170.4, VIT_214s0083g01170.3	Aqcoe3G063400.1.p
OG0009129	VIT_215s0021g00320.1	Aqcoe3G237700.1.p
OG0009130	VIT_201s0011g02060.1	Aqcoe3G434200.1.p
OG0009131	VIT_201s0011g03060.2, VIT_201s0011g03060.1	Aqcoe3G050300.1.p
OG0009132	VIT_202s0012g02090.1	Aqcoe3G167800.1.p
OG0009133	VIT_211s0118g00410.1	Aqcoe3G074500.1.p
OG0009134	VIT_202s0012g02270.1, VIT_202s0012g02270.3, VIT_202s0012g02270.2, VIT_202s0012g02270.4	Aqcoe3G420400.1.p
OG0009135	VIT_214s0068g01530.1	Aqcoe3G158900.1.p
OG0009136	VIT_214s0066g01920.1, VIT_214s0066g01920.2	Aqcoe3G307600.1.p, Aqcoe3G307300.1.p, Aqcoe3G307300.2.p
OG0009137	VIT_202s0087g00100.1	Aqcoe3G235800.1.p
OG0009138	VIT_201s0010g02570.1	Aqcoe3G189300.1.p
OG0009139	VIT_214s0006g03240.1, VIT_214s0006g03240.3, VIT_214s0006g03240.4, VIT_214s0006g03240.2	Aqcoe3G399000.1.p
OG0009140	VIT_200s0220g00020.1	Aqcoe3G372900.1.p
OG0009141	VIT_217s0053g00750.2, VIT_217s0053g00750.3, VIT_217s0053g00750.1, VIT_217s0053g00750.4	Aqcoe3G420600.1.p, Aqcoe3G420600.2.p
OG0009142	VIT_214s0006g02880.1	Aqcoe3G035400.2.p, Aqcoe3G035400.1.p
OG0009143	VIT_214s0171g00130.1	Aqcoe3G193100.1.p, Aqcoe3G193100.2.p
OG0009144	VIT_201s0113g00430.4, VIT_201s0113g00430.1, VIT_201s0113g00430.2, VIT_201s0113g00430.5, VIT_201s0113g00430.3	Aqcoe3G059100.1.p
OG0009145	VIT_217s0000g04740.2, VIT_217s0000g04740.1	Aqcoe3G071200.1.p, Aqcoe3G071200.2.p
OG0009146	VIT_202s0012g00300.1	Aqcoe3G258800.1.p
OG0009147	VIT_217s0000g08540.1, VIT_217s0000g08540.2	Aqcoe3G124500.3.p
OG0009148	VIT_201s0011g04060.1	Aqcoe3G024800.1.p, Aqcoe3G024800.2.p
OG0009149	VIT_217s0000g02670.1, VIT_217s0000g02670.2	Aqcoe3G407700.1.p
OG0009150	VIT_201s0026g00810.1	Aqcoe3G303300.1.p
OG0009151	VIT_202s0012g01000.3, VIT_202s0012g01000.1, VIT_202s0012g01000.2, VIT_202s0012g01000.5, VIT_202s0012g01000.4, VIT_202s0012g01000.6	Aqcoe3G228500.1.p
OG0009152	VIT_200s0616g00010.1	Aqcoe3G262700.1.p
OG0009153	VIT_201s0127g00200.1, VIT_201s0127g00150.2, VIT_201s0127g00150.1, VIT_201s0127g00180.1	Aqcoe3G280100.1.p
OG0009154	VIT_214s0108g00500.2, VIT_214s0108g00500.1, VIT_219s0014g00760.1	Aqcoe3G081000.1.p
OG0009155	VIT_202s0109g00230.2, VIT_202s0109g00230.4	Aqcoe3G212100.1.p
OG0009156	VIT_214s0068g00270.2, VIT_214s0068g00270.6, VIT_214s0068g00270.4, VIT_214s0068g00270.5, VIT_214s0068g00270.3, VIT_214s0068g00270.1	Aqcoe3G062800.1.p
OG0009157	VIT_219s0015g01950.1	Aqcoe3G411100.1.p
OG0009158	VIT_200s0441g00010.1, VIT_200s0441g00010.2, VIT_200s0441g00010.4, VIT_200s0441g00010.3, VIT_200s0525g00010.1	Aqcoe3G196000.1.p
OG0009159	VIT_215s0021g01370.1, VIT_215s0021g01370.2	Aqcoe3G262300.1.p
OG0009160	VIT_216s0013g01680.2, VIT_216s0013g01680.1	Aqcoe3G274000.3.p, Aqcoe3G274000.4.p, Aqcoe3G274000.1.p, Aqcoe3G274000.2.p
OG0009161	VIT_208s0007g05890.1, VIT_208s0007g05890.2, VIT_208s0007g05890.3	Aqcoe3G173200.1.p, Aqcoe3G173200.3.p, Aqcoe3G173200.2.p
OG0009162	VIT_214s0006g02210.1	Aqcoe3G404500.2.p, Aqcoe3G404500.1.p
OG0009163	VIT_201s0011g03610.1, VIT_201s0011g03610.2	Aqcoe3G036600.1.p
OG0009164	VIT_214s0066g02020.1	Aqcoe3G308900.1.p
OG0009165	VIT_217s0000g04250.1, VIT_217s0000g04250.2, VIT_217s0000g04250.3, VIT_217s0000g04250.4	Aqcoe3G393700.1.p
OG0009166	VIT_214s0006g03180.1, VIT_201s0011g03270.1	Aqcoe3G043200.1.p
OG0009167	VIT_217s0000g07530.2, VIT_217s0000g07530.1	Aqcoe3G314500.3.p, Aqcoe3G314500.2.p, Aqcoe3G314500.1.p
OG0009168	VIT_217s0000g03840.1	Aqcoe3G041800.1.p
OG0009169	VIT_217s0000g06910.1	Aqcoe3G057100.1.p
OG0009170	VIT_218s0001g01950.1	Aqcoe3G100500.3.p, Aqcoe3G100500.1.p, Aqcoe3G100500.2.p
OG0009171	VIT_214s0006g02960.3, VIT_214s0006g02960.5, VIT_214s0006g02960.4, VIT_214s0006g02960.1, VIT_214s0006g02960.2	Aqcoe3G039400.1.p
OG0009172	VIT_201s0137g00310.2, VIT_201s0137g00310.3, VIT_201s0137g00310.1, VIT_201s0137g00310.4	Aqcoe3G135800.1.p
OG0009173	VIT_201s0011g04500.1	Aqcoe3G021000.2.p, Aqcoe3G021000.3.p, Aqcoe3G021000.1.p
OG0009174	VIT_217s0000g00950.1, VIT_217s0000g00950.2	Aqcoe3G161400.1.p
OG0009175	VIT_217s0000g02400.1	Aqcoe3G003700.1.p
OG0009176	VIT_201s0011g03860.1, VIT_208s0058g01175.1	Aqcoe3G402100.1.p
OG0009178	VIT_202s0012g01210.1	Aqcoe3G231700.1.p
OG0009179	VIT_214s0066g01410.3, VIT_214s0066g01410.2, VIT_214s0066g01410.1	Aqcoe3G117700.1.p
OG0009255	VIT_205s0020g02650.1	Aqcoe2G331800.1.p, Aqcoe0040s0001.1.p
OG0009256	VIT_206s0061g00010.3, VIT_206s0061g00010.1, VIT_206s0061g00010.5, VIT_206s0061g00010.4, VIT_206s0061g00010.2	Aqcoe2G030000.1.p
OG0009257	VIT_207s0005g00680.1, VIT_207s0005g00680.2	Aqcoe5G090300.1.p, Aqcoe2G290900.1.p
OG0009258	VIT_205s0020g04900.1, VIT_205s0020g04900.2, VIT_205s0020g04900.3	Aqcoe2G364000.1.p
OG0009259	VIT_207s0005g02670.1	Aqcoe2G248600.1.p, Aqcoe2G248500.1.p, Aqcoe2G248400.1.p, Aqcoe0874s0001.1.p, Aqcoe2G248700.1.p, Aqcoe2G249100.1.p, Aqcoe2G249200.1.p, Aqcoe4G279100.1.p, Aqcoe5G394200.1.p, Aqcoe4G208100.1.p, Aqcoe1G276800.1.p, Aqcoe0015s0005.1.p, Aqcoe1G276400.1.p
OG0009260	VIT_208s0007g08760.2, VIT_208s0007g08760.1, VIT_208s0007g08760.3	Aqcoe2G024200.2.p, Aqcoe2G024200.1.p
OG0009261	VIT_206s0009g03190.1	Aqcoe2G042600.2.p, Aqcoe2G042600.1.p
OG0009262	VIT_205s0077g01270.2, VIT_205s0077g01260.2, VIT_205s0077g01260.1, VIT_205s0077g01270.1	Aqcoe2G277100.1.p
OG0009263	VIT_208s0058g00640.1, VIT_201s0137g00480.1, VIT_208s0058g00640.2	Aqcoe1G148200.1.p
OG0009263	VIT_201s0137g00470.1	Aqcoe2G081500.1.p
OG0009264	VIT_210s0092g00060.1, VIT_210s0092g00060.2	Aqcoe2G358900.1.p, Aqcoe2G125800.1.p
OG0009265	VIT_212s0035g01850.2, VIT_212s0035g01850.1	Aqcoe2G134600.1.p
OG0009266	VIT_213s0106g00620.1	Aqcoe3G085200.1.p, Aqcoe2G138300.1.p, Aqcoe2G138300.3.p, Aqcoe2G138300.2.p
OG0009267	VIT_212s0059g00260.1	Aqcoe2G161700.1.p
OG0009268	VIT_208s0040g03330.1, VIT_208s0040g03330.2	Aqcoe2G180200.1.p
OG0009269	VIT_203s0038g03910.1	Aqcoe2G104600.1.p
OG0009270	VIT_214s0030g01250.1, VIT_214s0030g01250.2	Aqcoe2G310500.3.p, Aqcoe2G310500.2.p, Aqcoe2G310500.1.p
OG0009271	VIT_203s0038g01240.1	Aqcoe2G388100.1.p, Aqcoe2G388100.2.p
OG0009272	VIT_213s0019g01450.2, VIT_213s0019g01450.1	Aqcoe2G147800.1.p
OG0009273	VIT_206s0004g07380.1	Aqcoe2G083400.1.p, Aqcoe4G109200.1.p
OG0009274	VIT_213s0019g05180.1	Aqcoe1G126900.1.p, Aqcoe2G212700.1.p
OG0009275	VIT_216s0039g01610.1	Aqcoe2G173200.1.p, Aqcoe6G329100.1.p
OG0009276	VIT_206s0004g07840.3, VIT_206s0004g07840.2, VIT_206s0004g07840.1	Aqcoe2G078200.1.p, Aqcoe2G077800.1.p
OG0009277	VIT_208s0007g02000.1	Aqcoe2G100700.1.p, Aqcoe1G429200.1.p, Aqcoe1G429000.1.p
OG0009278	VIT_208s0007g08650.2, VIT_208s0007g08650.3, VIT_208s0007g08650.1	Aqcoe2G021900.2.p, Aqcoe2G021900.1.p
OG0009279	VIT_202s0087g00360.1, VIT_202s0087g00360.3, VIT_202s0087g00360.2	Aqcoe2G401700.2.p, Aqcoe2G401700.1.p
OG0009280	VIT_200s0245g00040.1, VIT_214s0128g00460.3, VIT_214s0128g00460.2, VIT_214s0128g00460.1	Aqcoe2G339200.1.p
OG0009281	VIT_207s0005g01770.1	Aqcoe5G268900.1.p, Aqcoe2G266800.1.p
OG0009282	VIT_208s0056g00590.1, VIT_205s0020g00350.1	Aqcoe2G194400.1.p, Aqcoe2G189000.1.p
OG0009282	VIT_206s0009g02080.1	Aqcoe2G163900.1.p
OG0009283	VIT_206s0009g01420.2, VIT_206s0009g01420.1	Aqcoe2G012600.2.p, Aqcoe2G012600.1.p, Aqcoe2G001900.1.p
OG0009284	VIT_207s0005g06610.1, VIT_207s0005g06610.2	Aqcoe2G398400.2.p, Aqcoe2G398400.1.p
OG0009285	VIT_201s0011g01260.1	Aqcoe2G101600.1.p
OG0009286	VIT_206s0004g01840.1, VIT_200s0590g00010.1	Aqcoe2G005700.1.p, Aqcoe4G072600.1.p
OG0009287	VIT_209s0054g00710.1	Aqcoe1G366300.1.p, Aqcoe2G134800.1.p, Aqcoe4G118100.1.p, Aqcoe2G114300.1.p, Aqcoe5G399500.1.p
OG0009288	VIT_200s0207g00100.1, VIT_200s0207g00100.2	Aqcoe2G430000.1.p, Aqcoe2G430000.2.p
OG0009289	VIT_201s0011g05570.2, VIT_201s0011g05570.1	Aqcoe2G133200.1.p, Aqcoe3G006700.1.p
OG0009290	VIT_207s0005g05590.1	Aqcoe3G155900.1.p, Aqcoe2G390000.1.p
OG0009291	VIT_217s0000g03860.1	Aqcoe2G318700.1.p
OG0009292	VIT_214s0030g01860.1, VIT_214s0030g01860.2	Aqcoe2G351400.1.p
OG0009293	VIT_202s0012g00140.3, VIT_202s0012g00140.1	Aqcoe2G037000.1.p, Aqcoe3G248200.1.p
OG0009294	VIT_207s0141g00310.1, VIT_207s0141g00310.2, VIT_207s0141g00310.3	Aqcoe2G360100.1.p
OG0009295	VIT_208s0007g07330.1	Aqcoe2G056500.1.p, Aqcoe1G057000.1.p
OG0009296	VIT_206s0080g00800.1	Aqcoe2G115200.1.p
OG0009298	VIT_209s0002g02280.1	Aqcoe2G413000.3.p, Aqcoe2G413000.1.p, Aqcoe2G413000.6.p, Aqcoe2G413000.5.p, Aqcoe2G413000.2.p, Aqcoe2G413000.4.p
OG0009299	VIT_205s0051g00440.2, VIT_205s0051g00440.1, VIT_213s0047g01030.1	Aqcoe2G393500.1.p, Aqcoe2G393500.2.p
OG0009300	VIT_202s0025g02010.1	Aqcoe2G270300.2.p, Aqcoe2G270300.1.p, Aqcoe7G294500.1.p, Aqcoe2G272000.1.p
OG0009301	VIT_219s0085g00820.2, VIT_219s0085g00820.1	Aqcoe2G026200.1.p
OG0009302	VIT_209s0002g01060.1	Aqcoe2G408100.1.p
OG0009303	VIT_204s0008g01190.5, VIT_204s0008g01190.2, VIT_204s0008g01190.1, VIT_204s0008g01190.3	Aqcoe2G047800.2.p, Aqcoe2G047800.1.p, Aqcoe1G040800.1.p, Aqcoe1G040800.2.p
OG0009304	VIT_208s0007g07460.1	Aqcoe2G063400.2.p, Aqcoe2G063400.1.p
OG0009306	VIT_208s0040g03380.1, VIT_208s0040g03380.2	Aqcoe2G180500.1.p
OG0009307	VIT_207s0005g01580.1, VIT_205s0077g01075.1, VIT_201s0127g00065.1	Aqcoe2G272800.1.p
OG0009308	VIT_207s0141g00660.1	Aqcoe2G362900.1.p
OG0009309	VIT_205s0020g02950.3, VIT_205s0020g02950.5, VIT_205s0020g02950.2, VIT_205s0020g02950.4, VIT_205s0020g02950.1	Aqcoe2G338000.1.p
OG0009310	VIT_206s0061g00850.1	Aqcoe1G122700.1.p, Aqcoe2G216400.1.p
OG0009311	VIT_204s0008g05080.1, VIT_204s0008g05080.2	Aqcoe7G215200.1.p
OG0009311	VIT_200s0179g00310.1, VIT_214s0030g02160.1	Aqcoe2G355000.1.p
OG0009312	VIT_209s0002g01180.1	Aqcoe2G016500.1.p
OG0009313	VIT_208s0007g00460.2, VIT_213s0047g01205.1, VIT_208s0007g00460.1	Aqcoe2G220500.1.p, Aqcoe2G220500.2.p
OG0009314	VIT_218s0089g01200.1	Aqcoe5G477600.1.p
OG0009315	VIT_206s0004g00170.1, VIT_206s0004g00170.2, VIT_206s0004g00170.3	Aqcoe2G061900.1.p
OG0009316	VIT_208s0058g01420.1	Aqcoe2G076000.1.p, Aqcoe2G076000.2.p
OG0009317	VIT_214s0060g00075.1	Aqcoe7G302900.1.p, Aqcoe2G236100.1.p
OG0009318	VIT_205s0020g01040.1	Aqcoe5G286600.1.p, Aqcoe2G242800.1.p
OG0009319	VIT_208s0056g01200.1	Aqcoe2G000800.1.p
OG0009321	VIT_207s0005g03790.1	Aqcoe2G379800.1.p
OG0009322	VIT_208s0058g00830.1	Aqcoe2G233800.1.p, Aqcoe2G233500.1.p
OG0009323	VIT_205s0124g00020.1	Aqcoe2G428900.1.p, Aqcoe2G428900.2.p
OG0009324	VIT_208s0007g05600.1	Aqcoe2G035000.2.p, Aqcoe2G388700.1.p, Aqcoe2G035000.1.p
OG0009325	VIT_214s0060g00970.1, VIT_218s0157g00160.1	Aqcoe2G267700.1.p
OG0009326	VIT_207s0104g00500.3, VIT_207s0104g00500.1, VIT_207s0104g00500.2	Aqcoe2G338400.1.p
OG0009327	VIT_208s0007g07110.1	Aqcoe2G050800.1.p, Aqcoe2G050800.2.p
OG0009328	VIT_207s0005g02610.1	Aqcoe2G247200.1.p
OG0009329	VIT_207s0005g03490.3, VIT_207s0005g03490.2, VIT_207s0005g03490.1	Aqcoe2G374300.1.p
OG0009330	VIT_214s0128g00360.1, VIT_214s0128g00360.2	Aqcoe2G336600.2.p, Aqcoe2G336600.1.p
OG0009331	VIT_207s0289g00020.1, VIT_207s0141g00320.1	Aqcoe2G425300.1.p
OG0009332	VIT_213s0067g00390.4, VIT_213s0067g00390.3, VIT_213s0067g00390.1, VIT_213s0067g00390.2	Aqcoe2G099500.1.p
OG0009333	VIT_201s0010g00580.1, VIT_201s0010g00580.2	Aqcoe2G045000.2.p, Aqcoe2G045000.1.p
OG0009334	VIT_205s0020g02640.1, VIT_205s0020g02640.2	Aqcoe2G331700.1.p
OG0009335	VIT_207s0005g02760.2, VIT_207s0005g02760.1	Aqcoe2G251100.1.p, Aqcoe2G251100.2.p
OG0009336	VIT_214s0060g00320.1, VIT_214s0060g00320.2	Aqcoe2G245400.1.p
OG0009337	VIT_216s0013g01960.3, VIT_216s0013g01960.1	Aqcoe2G405300.1.p
OG0009338	VIT_213s0019g01070.2, VIT_213s0019g01070.1	Aqcoe2G151800.2.p, Aqcoe2G151800.1.p
OG0009339	VIT_211s0016g05630.1, VIT_211s0016g05630.2	Aqcoe2G048700.1.p
OG0009340	VIT_200s0252g00050.1, VIT_200s0252g00050.3, VIT_200s0252g00050.2	Aqcoe2G024900.2.p, Aqcoe2G024900.1.p
OG0009341	VIT_207s0005g03020.1	Aqcoe2G369200.1.p, Aqcoe5G030800.1.p
OG0009342	VIT_207s0005g05620.1, VIT_207s0005g05620.2	Aqcoe2G389200.4.p, Aqcoe2G389200.5.p, Aqcoe2G389200.2.p, Aqcoe2G389200.3.p, Aqcoe2G389200.1.p
OG0009343	VIT_218s0041g01930.2, VIT_218s0041g01930.1, VIT_208s0007g05460.1	Aqcoe2G404000.1.p, Aqcoe2G404000.2.p
OG0009344	VIT_208s0056g01270.1, VIT_208s0056g01270.3, VIT_208s0056g01270.2, VIT_208s0056g01270.4	Aqcoe2G062500.1.p
OG0009345	VIT_205s0049g01470.1, VIT_205s0049g01470.2, VIT_213s0073g00670.1	Aqcoe2G425500.1.p
OG0009346	VIT_214s0060g00450.1	Aqcoe2G251900.3.p, Aqcoe2G251900.2.p, Aqcoe2G251900.1.p
OG0009347	VIT_209s0070g00120.1	Aqcoe2G110700.2.p, Aqcoe2G110700.1.p
OG0009348	VIT_212s0142g00220.1, VIT_212s0142g00220.2	Aqcoe1G208500.1.p, Aqcoe2G142500.1.p
OG0009349	VIT_206s0004g02120.1	Aqcoe2G015100.1.p
OG0009350	VIT_214s0068g02005.1, VIT_201s0011g04695.1	Aqcoe2G096400.1.p, Aqcoe2G096400.2.p, Aqcoe1G116100.1.p, Aqcoe1G116800.1.p
OG0009351	VIT_205s0020g00820.2, VIT_205s0020g00820.1, VIT_205s0020g00820.3	Aqcoe2G250100.1.p
OG0009352	VIT_205s0020g03030.2, VIT_205s0020g03030.4, VIT_205s0020g03030.1, VIT_205s0020g03030.3	Aqcoe2G339800.1.p
OG0009353	VIT_213s0156g00150.1, VIT_206s0004g01135.1, VIT_206s0004g02250.1	Aqcoe2G010900.1.p
OG0009354	VIT_207s0151g00780.1	Aqcoe2G234700.2.p, Aqcoe2G234700.1.p
OG0009355	VIT_204s0023g00410.1	Aqcoe2G427500.1.p
OG0009356	VIT_207s0129g00400.1	Aqcoe2G004400.1.p
OG0009357	VIT_205s0020g01310.1, VIT_205s0020g01310.4, VIT_205s0020g01310.3, VIT_205s0020g01310.2	Aqcoe2G306300.2.p, Aqcoe2G306300.3.p, Aqcoe2G306300.1.p
OG0009358	VIT_214s0128g00850.2, VIT_214s0128g00850.3, VIT_214s0128g00850.4, VIT_214s0128g00850.1	Aqcoe2G308300.1.p
OG0009359	VIT_208s0040g00420.1	Aqcoe2G003800.1.p
OG0009360	VIT_208s0032g00090.1	Aqcoe2G063300.2.p, Aqcoe2G063300.1.p
OG0009361	VIT_219s0015g00150.1	Aqcoe1G384400.1.p, Aqcoe2G337000.1.p
OG0009362	VIT_210s0116g00860.1, VIT_210s0116g00860.2, VIT_210s0116g00860.3, VIT_210s0116g00860.4	Aqcoe2G160800.1.p
OG0009363	VIT_219s0015g01340.3, VIT_219s0015g01340.1	Aqcoe2G029200.1.p, Aqcoe7G176400.2.p, Aqcoe7G176400.1.p
OG0009364	VIT_213s0019g01900.1, VIT_213s0019g01900.2	Aqcoe2G224500.1.p
OG0009365	VIT_208s0007g06200.1, VIT_208s0007g06200.2, VIT_208s0007g06200.4, VIT_208s0007g06200.3	Aqcoe2G006200.1.p
OG0009366	VIT_207s0141g00370.1	Aqcoe2G022300.1.p
OG0009367	VIT_214s0060g00340.1	Aqcoe2G246900.1.p
OG0009369	VIT_207s0005g01370.1	Aqcoe2G276600.4.p, Aqcoe2G276600.3.p, Aqcoe2G276600.2.p, Aqcoe2G276600.5.p, Aqcoe2G276600.1.p
OG0009370	VIT_217s0000g08500.1	Aqcoe6G198300.1.p, Aqcoe2G151200.1.p
OG0009371	VIT_214s0060g01100.3, VIT_214s0060g01100.5, VIT_214s0060g01100.2	Aqcoe2G271300.1.p
OG0009372	VIT_214s0030g02220.1	Aqcoe5G042800.1.p
OG0009373	VIT_203s0017g01930.1, VIT_203s0017g01930.2	Aqcoe2G064800.1.p
OG0009374	VIT_208s0007g07510.1	Aqcoe4G193900.1.p, Aqcoe2G061200.2.p, Aqcoe2G061200.1.p
OG0009375	VIT_205s0020g03040.1	Aqcoe5G058700.1.p, Aqcoe2G339900.1.p
OG0009376	VIT_209s0002g00780.2, VIT_209s0002g00780.1	Aqcoe2G432500.1.p, Aqcoe3G105200.1.p
OG0009377	VIT_218s0122g00710.1	Aqcoe6G320000.1.p, Aqcoe0082s0003.1.p
OG0009378	VIT_218s0001g13070.1	Aqcoe6G128900.1.p, Aqcoe6G128900.2.p, Aqcoe6G128900.3.p
OG0009379	VIT_218s0001g03850.1	Aqcoe6G016300.1.p
OG0009380	VIT_218s0001g13030.1	Aqcoe6G127700.1.p
OG0009382	VIT_216s0098g01540.1	Aqcoe6G214300.1.p
OG0009383	VIT_218s0122g00880.1	Aqcoe6G167300.1.p
OG0009384	VIT_212s0035g00700.1	Aqcoe6G014700.1.p
OG0009385	VIT_203s0038g04010.1	Aqcoe6G164300.1.p
OG0009386	VIT_218s0041g00290.1, VIT_218s0041g00290.2	Aqcoe6G011700.1.p
OG0009387	VIT_216s0013g00380.1, VIT_216s0039g00940.1, VIT_216s0039g00940.3, VIT_216s0039g00940.2	Aqcoe3G045900.1.p, Aqcoe5G019600.1.p, Aqcoe6G327000.1.p, Aqcoe4G068300.1.p, Aqcoe0079s0003.2.p, Aqcoe0079s0003.1.p, Aqcoe0977s0001.1.p
OG0009388	VIT_204s0023g03690.1, VIT_203s0038g02300.1	Aqcoe6G223100.1.p, Aqcoe3G091600.1.p
OG0009389	VIT_207s0031g02410.2, VIT_207s0031g02410.1, VIT_207s0031g02410.4, VIT_207s0031g02410.3	Aqcoe6G032600.1.p
OG0009390	VIT_218s0001g13890.1, VIT_218s0001g13890.2	Aqcoe6G315400.1.p, Aqcoe6G243000.1.p
OG0009391	VIT_212s0178g00010.2, VIT_212s0178g00010.1	Aqcoe6G062700.1.p, Aqcoe6G062700.2.p
OG0009392	VIT_207s0129g00610.1, VIT_207s0129g00610.2, VIT_207s0129g00610.3	Aqcoe6G297200.1.p
OG0009393	VIT_218s0001g15370.2, VIT_218s0001g15370.1, VIT_218s0001g15370.3	Aqcoe6G035100.2.p, Aqcoe6G035100.1.p
OG0009394	VIT_203s0063g01020.4, VIT_203s0063g01020.1, VIT_203s0063g01020.3, VIT_203s0063g01020.2	Aqcoe6G152800.1.p, Aqcoe6G152800.2.p
OG0009395	VIT_218s0001g02370.1, VIT_218s0001g02370.2	Aqcoe6G026000.1.p, Aqcoe6G026000.2.p
OG0009396	VIT_218s0122g00430.1, VIT_218s0122g00430.2, VIT_218s0122g00430.3, VIT_218s0122g00430.4	Aqcoe6G326200.1.p
OG0009397	VIT_203s0038g04080.1	Aqcoe6G321200.1.p
OG0009398	VIT_218s0001g01210.2, VIT_218s0001g01210.1, VIT_218s0001g01210.4, VIT_218s0001g01210.3	Aqcoe6G029400.3.p, Aqcoe6G029400.1.p, Aqcoe6G029400.2.p, Aqcoe6G029400.4.p
OG0009399	VIT_203s0038g03050.1	Aqcoe6G226800.1.p
OG0009400	VIT_207s0129g00530.1	Aqcoe6G293500.1.p, Aqcoe6G293600.1.p, Aqcoe6G293700.1.p
OG0009401	VIT_204s0023g02720.1	Aqcoe6G131500.1.p
OG0009402	VIT_218s0001g00580.1	Aqcoe6G230700.1.p
OG0009403	VIT_204s0044g01710.1	Aqcoe6G320800.1.p, Aqcoe6G320800.2.p, Aqcoe6G320800.4.p, Aqcoe6G320800.3.p
OG0009404	VIT_203s0091g00480.1, VIT_203s0091g00480.2	Aqcoe6G293000.1.p
OG0009405	VIT_203s0038g02510.3, VIT_203s0038g02510.2, VIT_203s0038g02510.1	Aqcoe6G218000.1.p
OG0009406	VIT_207s0005g00830.1, VIT_203s0038g02230.1	Aqcoe6G214600.1.p
OG0009407	VIT_218s0001g14450.1, VIT_204s0023g03510.1, VIT_204s0023g03510.2	Aqcoe6G210900.1.p
OG0009408	VIT_200s0386g00020.1	Aqcoe6G162800.1.p
OG0009409	VIT_200s0302g00050.1	Aqcoe6G197500.1.p
OG0009411	VIT_218s0122g00830.1	Aqcoe6G165800.1.p
OG0009412	VIT_212s0055g00710.1	Aqcoe6G037400.1.p
OG0009413	VIT_218s0001g08170.1	Aqcoe6G065200.1.p
OG0009414	VIT_204s0023g03880.1, VIT_204s0023g03880.2	Aqcoe5G213300.2.p, Aqcoe5G213300.1.p
OG0009414	VIT_203s0038g02410.1	Aqcoe6G220700.1.p
OG0009415	VIT_208s0040g00490.1	Aqcoe6G081600.1.p
OG0009416	VIT_218s0001g15290.1	Aqcoe6G037700.1.p
OG0009417	VIT_203s0038g00740.1	Aqcoe6G246300.1.p
OG0009418	VIT_203s0063g02020.2, VIT_203s0063g02020.1	Aqcoe6G107400.1.p
OG0009420	VIT_212s0035g01080.3, VIT_212s0035g01080.2, VIT_212s0035g01080.1	Aqcoe6G008800.1.p, Aqcoe6G008800.2.p
OG0009421	VIT_218s0072g00120.1	Aqcoe6G044100.1.p
OG0009422	VIT_218s0001g06810.1, VIT_203s0038g02740.1, VIT_203s0097g00290.1	Aqcoe6G008600.1.p
OG0009423	VIT_203s0091g00460.1, VIT_203s0091g00460.3, VIT_203s0091g00460.5, VIT_203s0091g00460.2, VIT_203s0091g00460.4, VIT_203s0091g00460.6	Aqcoe6G293800.1.p
OG0009424	VIT_211s0016g05610.1, VIT_211s0016g05610.2	Aqcoe6G068300.2.p, Aqcoe6G068300.1.p
OG0009425	VIT_203s0091g00610.2, VIT_203s0091g00610.1	Aqcoe1G256300.1.p, Aqcoe6G288500.1.p
OG0009426	VIT_203s0063g00510.1	Aqcoe6G007100.1.p
OG0009427	VIT_218s0001g00750.2, VIT_218s0001g00750.1	Aqcoe6G241800.2.p, Aqcoe6G241800.1.p
OG0009428	VIT_218s0001g12470.1	Aqcoe6G119300.1.p, Aqcoe6G119300.2.p
OG0009429	VIT_207s0031g01280.2, VIT_207s0031g01280.1	Aqcoe6G055400.2.p, Aqcoe6G055400.1.p
OG0009430	VIT_204s0023g02140.1	Aqcoe6G124900.1.p
OG0009431	VIT_218s0001g12300.2, VIT_218s0001g12300.1	Aqcoe6G114200.1.p
OG0009432	VIT_212s0034g02170.1, VIT_212s0034g02170.2, VIT_212s0034g02170.3	Aqcoe6G023400.1.p
OG0009433	VIT_200s0199g00170.1, VIT_217s0000g03490.1	Aqcoe6G255300.1.p, Aqcoe5G026400.1.p
OG0009434	VIT_200s0340g00080.1	Aqcoe6G028000.1.p
OG0009435	VIT_218s0001g00610.2, VIT_218s0001g00610.1, VIT_218s0001g00610.3, VIT_200s0338g00030.1	Aqcoe6G229800.1.p
OG0009436	VIT_206s0009g01900.2, VIT_206s0009g01900.1	Aqcoe5G060400.2.p, Aqcoe5G060400.1.p, Aqcoe5G060400.3.p, Aqcoe6G320400.1.p, Aqcoe6G320400.2.p
OG0009437	VIT_212s0057g01500.1	Aqcoe6G127900.1.p
OG0009438	VIT_213s0074g00030.3, VIT_213s0074g00030.1, VIT_213s0074g00030.2	Aqcoe7G097600.1.p, Aqcoe6G078700.1.p
OG0009439	VIT_203s0038g04180.1	Aqcoe6G328100.1.p
OG0009440	VIT_203s0063g01050.1, VIT_203s0063g01050.2, VIT_209s0002g07980.1	Aqcoe6G094800.1.p
OG0009441	VIT_212s0034g02075.1	Aqcoe6G021900.2.p, Aqcoe6G021900.1.p
OG0009442	VIT_207s0031g00670.1, VIT_209s0018g01320.1	Aqcoe6G140800.1.p, Aqcoe6G140800.2.p
OG0009443	VIT_203s0038g03980.1	Aqcoe6G165400.1.p, Aqcoe6G165400.2.p
OG0009445	VIT_216s0022g00160.1	Aqcoe6G261400.1.p
OG0009446	VIT_218s0001g06350.1	Aqcoe6G078100.1.p, Aqcoe4G191300.1.p
OG0009447	VIT_200s0199g00020.2, VIT_200s0199g00020.1, VIT_200s0407g00040.1	Aqcoe6G154400.1.p, Aqcoe6G154400.2.p
OG0009448	VIT_218s0001g10690.1	Aqcoe6G144500.1.p, Aqcoe5G154300.1.p
OG0009449	VIT_207s0255g00160.1, VIT_200s1466g00020.1	Aqcoe6G103400.1.p
OG0009450	VIT_212s0035g00800.2, VIT_212s0035g00800.1	Aqcoe6G013700.1.p
OG0009451	VIT_218s0001g12250.1	Aqcoe6G113200.1.p
OG0009452	VIT_203s0063g01930.1	Aqcoe6G104800.1.p
OG0009452	VIT_203s0038g04160.1	Aqcoe5G111700.1.p
OG0009453	VIT_207s0031g01150.2, VIT_207s0031g01150.1, VIT_207s0031g01150.4, VIT_207s0031g01150.3	Aqcoe6G058500.1.p, Aqcoe6G058500.2.p
OG0009454	VIT_204s0044g01770.3, VIT_204s0044g01770.2, VIT_204s0044g01770.1	Aqcoe6G324400.1.p
OG0009455	VIT_212s0142g00070.1	Aqcoe6G049800.1.p
OG0009456	VIT_212s0034g01330.1, VIT_212s0034g01370.2, VIT_212s0034g01370.1	Aqcoe6G018500.1.p
OG0009457	VIT_201s0146g00240.1	Aqcoe6G113500.4.p, Aqcoe6G113500.2.p, Aqcoe6G113500.1.p, Aqcoe6G113500.3.p
OG0009458	VIT_218s0001g07260.1, VIT_218s0001g07260.2, VIT_218s0001g07260.3	Aqcoe6G155700.2.p, Aqcoe6G155700.1.p
OG0009459	VIT_205s0020g04440.1, VIT_205s0020g04440.2, VIT_205s0020g04440.3	Aqcoe5G046000.1.p
OG0009460	VIT_201s0011g06070.1	Aqcoe6G112100.1.p
OG0009461	VIT_218s0001g11320.1	Aqcoe6G099400.1.p
OG0009462	VIT_218s0001g13160.4, VIT_218s0001g13160.5, VIT_218s0001g13160.6, VIT_218s0001g13160.3, VIT_218s0001g13160.1, VIT_218s0001g13160.2	Aqcoe6G129800.1.p
OG0009463	VIT_200s0670g00010.1	Aqcoe6G201700.1.p
OG0009464	VIT_205s0136g00230.1, VIT_201s0011g04472.1	Aqcoe1G059600.1.p, Aqcoe7G406300.1.p, Aqcoe7G406100.1.p, Aqcoe7G406600.1.p, Aqcoe7G401300.1.p, Aqcoe7G414500.1.p, Aqcoe7G414400.1.p, Aqcoe7G317900.1.p, Aqcoe7G317600.1.p, Aqcoe7G317700.1.p, Aqcoe7G318500.1.p, Aqcoe6G110700.1.p, Aqcoe5G214300.1.p, Aqcoe7G414800.1.p, Aqcoe7G414600.1.p
OG0009465	VIT_211s0016g02310.1, VIT_209s0002g02380.1	Aqcoe6G048400.1.p
OG0009466	VIT_207s0129g00030.1	Aqcoe6G278700.1.p
OG0009467	VIT_207s0104g00080.1	Aqcoe6G163700.1.p
OG0009468	VIT_200s0301g00100.1	Aqcoe6G136400.2.p, Aqcoe6G136400.1.p, Aqcoe1G331800.1.p
OG0009469	VIT_216s0022g01250.2, VIT_216s0022g01250.4, VIT_216s0022g01250.1, VIT_216s0022g01250.3	Aqcoe7G033300.1.p, Aqcoe6G278100.1.p
OG0009470	VIT_213s0067g00140.1	Aqcoe0017s0006.1.p
OG0009471	VIT_213s0067g00150.2, VIT_213s0067g00150.1	Aqcoe0017s0007.1.p, Aqcoe0017s0007.2.p
OG0009472	VIT_212s0028g01180.1	Aqcoe1G291000.1.p, Aqcoe1G289100.1.p, Aqcoe1G289200.1.p, Aqcoe1G290300.1.p, Aqcoe1G055600.1.p, Aqcoe4G050000.1.p, Aqcoe4G050200.1.p, Aqcoe4G049600.1.p, Aqcoe4G050100.1.p, Aqcoe4G049400.1.p, Aqcoe4G049400.2.p, Aqcoe4G048900.1.p, Aqcoe3G020100.1.p, Aqcoe3G020300.1.p, Aqcoe3G020200.1.p
OG0009473	VIT_210s0003g02710.1, VIT_210s0003g02710.2	Aqcoe4G014100.2.p, Aqcoe4G014100.1.p
OG0009475	VIT_207s0104g01410.1	Aqcoe4G215300.1.p
OG0009476	VIT_209s0002g01040.1, VIT_209s0002g01030.1	Aqcoe4G254100.1.p, Aqcoe4G032400.1.p
OG0009477	VIT_210s0003g00150.2, VIT_210s0003g00150.1	Aqcoe4G090900.1.p, Aqcoe4G090900.2.p
OG0009478	VIT_210s0116g00520.2, VIT_210s0116g00520.1	Aqcoe4G228000.1.p
OG0009479	VIT_210s0003g04340.2, VIT_210s0003g04340.1	Aqcoe4G014600.1.p
OG0009480	VIT_219s0090g00300.4, VIT_219s0090g00300.1, VIT_219s0090g00300.3, VIT_219s0090g00300.2	Aqcoe4G197900.1.p
OG0009481	VIT_218s0117g00250.1	Aqcoe4G080700.1.p
OG0009482	VIT_212s0059g01210.3, VIT_212s0059g01210.2, VIT_212s0059g01210.1	Aqcoe4G225200.2.p, Aqcoe4G225200.3.p, Aqcoe4G225200.1.p
OG0009483	VIT_219s0027g00080.1	Aqcoe4G005600.1.p, Aqcoe4G005600.2.p
OG0009484	VIT_219s0090g01810.1	Aqcoe1G388100.1.p
OG0009484	VIT_212s0057g00660.1	Aqcoe4G314000.1.p
OG0009485	VIT_215s0048g00310.1	Aqcoe4G291100.1.p, Aqcoe3G208300.1.p
OG0009486	VIT_219s0014g03500.1	Aqcoe4G166100.1.p, Aqcoe4G166100.2.p
OG0009487	VIT_210s0003g04480.1	Aqcoe4G002900.1.p, Aqcoe4G023700.1.p
OG0009488	VIT_202s0087g00770.2, VIT_202s0087g00770.1	Aqcoe4G278700.1.p, Aqcoe4G278700.2.p
OG0009489	VIT_203s0017g01940.1	Aqcoe4G051200.1.p
OG0009490	VIT_219s0014g02210.2, VIT_219s0014g02210.1, VIT_219s0014g02210.3	Aqcoe4G090400.1.p
OG0009491	VIT_200s0531g00030.1	Aqcoe4G310200.1.p
OG0009492	VIT_210s0003g01560.2, VIT_210s0003g01560.3, VIT_210s0003g01560.1	Aqcoe4G032300.1.p
OG0009493	VIT_219s0014g01170.1, VIT_219s0014g01170.2, VIT_219s0014g01170.3	Aqcoe3G153000.1.p, Aqcoe4G035600.1.p
OG0009494	VIT_210s0003g01650.1	Aqcoe4G028100.1.p
OG0009495	VIT_207s0031g02150.1	Aqcoe4G034100.1.p
OG0009496	VIT_212s0059g00290.3, VIT_212s0059g00290.1, VIT_212s0059g00290.5, VIT_212s0059g00290.4, VIT_212s0059g00290.2	Aqcoe4G285600.1.p, Aqcoe3G210400.1.p
OG0009497	VIT_213s0047g00320.1, VIT_210s0003g04370.1	Aqcoe7G321000.1.p
OG0009499	VIT_204s0008g04750.1	Aqcoe7G206500.1.p, Aqcoe7G206700.1.p, Aqcoe7G206700.2.p
OG0009500	VIT_211s0078g00260.2, VIT_211s0078g00260.1	Aqcoe7G284500.1.p
OG0009501	VIT_204s0008g06800.1, VIT_204s0008g06800.2	Aqcoe7G351000.1.p
OG0009502	VIT_209s0002g00720.1	Aqcoe7G436800.1.p
OG0009503	VIT_202s0241g00010.1, VIT_200s1323g00010.1	Aqcoe7G068900.1.p, Aqcoe7G068600.1.p
OG0009504	VIT_209s0002g04360.2, VIT_209s0002g04360.3, VIT_209s0002g04360.1	Aqcoe7G402400.1.p
OG0009505	VIT_209s0002g08260.1, VIT_209s0002g08260.2, VIT_209s0002g08260.3	Aqcoe7G375800.1.p
OG0009506	VIT_215s0048g01660.3, VIT_215s0048g01660.1, VIT_215s0048g01660.2	Aqcoe7G059800.1.p, Aqcoe7G058500.1.p, Aqcoe7G058500.2.p
OG0009507	VIT_211s0016g02670.4, VIT_211s0016g02670.3, VIT_211s0016g02670.2, VIT_211s0016g02670.1	Aqcoe7G141300.1.p, Aqcoe7G139700.1.p
OG0009509	VIT_215s0021g02450.2, VIT_215s0021g02450.1	Aqcoe5G411400.1.p
OG0009510	VIT_204s0008g03330.6, VIT_204s0008g03330.4, VIT_204s0008g03330.5, VIT_204s0008g03330.3, VIT_204s0008g03330.2, VIT_204s0008g03330.1	Aqcoe7G411700.1.p
OG0009511	VIT_216s0050g00140.1	Aqcoe7G037500.1.p
OG0009512	VIT_204s0008g00900.2	Aqcoe0011s0002.1.p, Aqcoe3G265700.1.p
OG0009512	VIT_204s0008g00900.1, VIT_204s0008g00900.3, VIT_211s0016g02410.1	Aqcoe7G131800.1.p
OG0009513	VIT_213s0067g01530.1, VIT_213s0067g01530.2	Aqcoe7G157000.3.p, Aqcoe7G157000.2.p, Aqcoe7G157000.1.p
OG0009514	VIT_200s0533g00040.3, VIT_200s0533g00040.2, VIT_200s0533g00040.4, VIT_200s0533g00040.1	Aqcoe7G094200.1.p, Aqcoe7G094200.3.p, Aqcoe7G094200.2.p
OG0009515	VIT_211s0118g00470.1	Aqcoe7G281700.2.p, Aqcoe7G281700.1.p, Aqcoe7G281700.3.p
OG0009516	VIT_211s0016g03320.2, VIT_211s0016g03320.1	Aqcoe7G159300.1.p
OG0009517	VIT_213s0019g00850.1	Aqcoe7G060300.1.p
OG0009518	VIT_215s0046g02400.1	Aqcoe7G030400.1.p
OG0009519	VIT_211s0118g00760.1, VIT_211s0118g00760.2	Aqcoe7G370900.2.p, Aqcoe7G370900.1.p
OG0009520	VIT_211s0052g00330.1	Aqcoe7G261800.3.p, Aqcoe7G261800.2.p, Aqcoe7G261800.1.p
OG0009521	VIT_211s0016g03640.3, VIT_211s0016g03640.1, VIT_211s0016g03640.2	Aqcoe7G168400.1.p, Aqcoe1G047900.1.p
OG0009522	VIT_206s0004g04730.2, VIT_206s0004g04730.1	Aqcoe7G375900.1.p, Aqcoe7G375900.3.p, Aqcoe7G375900.2.p
OG0009523	VIT_215s0048g00390.1	Aqcoe7G073100.3.p, Aqcoe7G073100.4.p, Aqcoe7G073100.1.p, Aqcoe7G073100.2.p
OG0009524	VIT_211s0065g00380.2, VIT_211s0065g00380.1, VIT_211s0065g00380.4, VIT_211s0065g00380.3	Aqcoe7G240900.1.p
OG0009525	VIT_211s0016g02100.1, VIT_211s0016g02100.2, VIT_211s0016g02100.3, VIT_211s0016g02100.4	Aqcoe7G424500.1.p
OG0009526	VIT_204s0008g03710.2, VIT_204s0008g03710.1	Aqcoe7G170300.1.p
OG0009527	VIT_209s0070g00130.1	Aqcoe7G361900.1.p
OG0009528	VIT_216s0050g00640.1, VIT_202s0025g03440.1, VIT_215s0046g02550.1	Aqcoe7G033000.1.p
OG0009529	VIT_202s0025g04770.4, VIT_202s0025g04770.2, VIT_202s0025g04770.1, VIT_202s0025g04770.3	Aqcoe7G056300.1.p
OG0009530	VIT_211s0103g00630.1	Aqcoe1G138900.1.p, Aqcoe7G296700.1.p, Aqcoe7G296700.2.p
OG0009531	VIT_204s0008g06970.2, VIT_204s0008g06970.1	Aqcoe7G346300.1.p
OG0009532	VIT_216s0098g00940.1, VIT_216s0098g00940.2	Aqcoe7G276800.1.p, Aqcoe7G276700.1.p, Aqcoe7G276700.2.p
OG0009533	VIT_209s0002g04570.2, VIT_209s0002g04570.1	Aqcoe7G180900.1.p
OG0009534	VIT_209s0018g01420.2, VIT_209s0018g01420.1, VIT_209s0018g01420.3	Aqcoe7G253000.3.p, Aqcoe7G253000.2.p, Aqcoe7G253000.1.p
OG0009535	VIT_202s0033g00395.1, VIT_204s0008g03240.3, VIT_204s0008g03240.2, VIT_204s0008g03240.1	Aqcoe7G157500.1.p, Aqcoe7G157500.2.p
OG0009536	VIT_211s0052g00960.1	Aqcoe7G258400.1.p
OG0009537	VIT_209s0002g06490.1, VIT_209s0002g06490.2	Aqcoe7G264900.1.p
OG0009538	VIT_214s0068g01955.1, VIT_204s0008g06690.1	Aqcoe7G252200.1.p
OG0009539	VIT_207s0185g00140.1	Aqcoe7G422700.1.p, Aqcoe3G140100.1.p
OG0009540	VIT_209s0002g06990.1	Aqcoe7G234500.1.p, Aqcoe1G382300.1.p
OG0009541	VIT_216s0100g01290.1, VIT_215s0046g03680.1, VIT_215s0046g03680.4, VIT_215s0046g03680.2, VIT_215s0046g03680.3	Aqcoe7G038600.1.p
OG0009542	VIT_209s0002g00700.3, VIT_209s0002g00700.1, VIT_209s0002g00700.2	Aqcoe7G106900.1.p, Aqcoe7G106900.2.p
OG0009543	VIT_209s0002g03890.1	Aqcoe7G158900.1.p
OG0009544	VIT_211s0037g00620.1	Aqcoe7G351400.1.p, Aqcoe7G351400.2.p, Aqcoe7G351300.1.p
OG0009545	VIT_211s0052g00700.1	Aqcoe7G306200.2.p, Aqcoe7G306200.1.p
OG0009546	VIT_202s0154g00600.3, VIT_202s0154g00600.2, VIT_202s0154g00600.1	Aqcoe7G082900.2.p, Aqcoe7G082900.1.p, Aqcoe7G082900.3.p
OG0009547	VIT_210s0092g00660.1, VIT_205s0094g00060.2, VIT_205s0094g00060.1, VIT_205s0094g00060.3	Aqcoe7G403300.1.p
OG0009548	VIT_215s0046g01090.1	Aqcoe7G014200.2.p, Aqcoe7G014200.3.p, Aqcoe7G014200.1.p, Aqcoe5G451700.1.p
OG0009549	VIT_216s0050g00960.2, VIT_216s0050g00960.4, VIT_216s0050g00960.1, VIT_216s0050g00960.3, VIT_216s0050g00960.6, VIT_216s0050g00960.5	Aqcoe7G026400.1.p
OG0009550	VIT_215s0046g01550.1	Aqcoe7G023400.1.p
OG0009551	VIT_211s0016g05260.3, VIT_211s0016g05260.4, VIT_211s0016g05260.2, VIT_211s0016g05260.1	Aqcoe7G267800.1.p
OG0009552	VIT_209s0002g02590.1	Aqcoe7G421100.1.p
OG0009553	VIT_211s0065g00460.1	Aqcoe7G239300.1.p, Aqcoe7G239300.2.p
OG0009554	VIT_201s0011g04970.1, VIT_201s0011g04970.2	Aqcoe7G007000.1.p, Aqcoe7G007000.2.p
OG0009555	VIT_209s0018g01630.2, VIT_209s0018g01630.3, VIT_209s0018g01630.1	Aqcoe7G259400.2.p, Aqcoe7G259400.1.p
OG0009556	VIT_204s0008g02850.1, VIT_211s0065g00320.1	Aqcoe7G283700.1.p
OG0009557	VIT_215s0021g02710.1	Aqcoe7G083700.1.p, Aqcoe5G414800.1.p
OG0009558	VIT_204s0008g04840.1, VIT_203s0063g01620.1, VIT_209s0054g00540.1, VIT_209s0002g01790.1, VIT_209s0054g00270.1, VIT_207s0095g00580.1, VIT_208s0056g00360.1, VIT_206s0009g02050.1, VIT_211s0078g00280.1, VIT_200s0193g00140.1, VIT_204s0008g06900.1	Aqcoe7G197500.3.p
OG0009559	VIT_211s0016g02270.1	Aqcoe7G130400.1.p
OG0009560	VIT_211s0016g05890.1	Aqcoe7G379300.1.p
OG0009561	VIT_216s0050g00090.1	Aqcoe7G037900.1.p
OG0009562	VIT_204s0043g00320.1, VIT_213s0019g03560.1	Aqcoe7G149200.1.p
OG0009563	VIT_204s0008g03150.1	Aqcoe7G249900.1.p
OG0009564	VIT_211s0016g04900.1, VIT_204s0008g01050.1	Aqcoe7G392700.4.p, Aqcoe7G392700.3.p, Aqcoe7G392700.7.p, Aqcoe7G392700.6.p, Aqcoe7G392700.5.p, Aqcoe7G392700.1.p, Aqcoe7G392700.8.p, Aqcoe7G392700.2.p
OG0009565	VIT_211s0078g00310.1, VIT_211s0078g00310.2	Aqcoe7G286000.1.p
OG0009566	VIT_216s0022g02110.1	Aqcoe7G059600.1.p
OG0009567	VIT_211s0052g00860.4, VIT_211s0052g00860.2, VIT_211s0052g00860.3, VIT_211s0052g00860.1	Aqcoe7G324600.1.p, Aqcoe7G324800.1.p
OG0009568	VIT_204s0008g02870.2, VIT_204s0008g02870.1, VIT_204s0008g02870.3	Aqcoe7G252700.2.p, Aqcoe7G252700.3.p, Aqcoe7G252700.1.p
OG0009569	VIT_211s0016g02530.1, VIT_211s0016g02530.3, VIT_211s0016g02530.2	Aqcoe7G133100.1.p
OG0009570	VIT_202s0025g03955.1, VIT_218s0041g01260.1	Aqcoe7G371000.1.p
OG0009571	VIT_216s0013g01530.1	Aqcoe7G092100.1.p
OG0009572	VIT_202s0025g01270.2, VIT_202s0025g01270.1, VIT_202s0025g01270.3, VIT_202s0025g01270.4	Aqcoe7G014900.4.p, Aqcoe7G014900.3.p, Aqcoe7G014900.1.p, Aqcoe7G014900.2.p
OG0009573	VIT_218s0072g00790.1, VIT_218s0072g00790.2	Aqcoe7G123900.4.p, Aqcoe7G123900.3.p, Aqcoe7G123900.2.p, Aqcoe7G123900.1.p, Aqcoe7G123900.5.p
OG0009574	VIT_211s0016g00300.1	Aqcoe7G442100.1.p
OG0009575	VIT_204s0008g03260.2, VIT_204s0008g03260.1	Aqcoe7G157800.2.p, Aqcoe7G157800.1.p
OG0009576	VIT_211s0016g01910.4, VIT_211s0016g01910.1, VIT_211s0016g01910.2, VIT_211s0016g01910.3, VIT_211s0016g01910.5	Aqcoe7G123200.1.p
OG0009577	VIT_219s0015g00970.1	Aqcoe7G136000.1.p, Aqcoe1G219300.2.p, Aqcoe1G219300.1.p
OG0009578	VIT_211s0052g00470.4, VIT_211s0052g00470.1, VIT_211s0052g00470.3, VIT_211s0052g00470.5, VIT_211s0052g00470.2	Aqcoe7G307100.2.p, Aqcoe7G307100.3.p, Aqcoe7G307100.1.p
OG0009579	VIT_204s0008g01690.1	Aqcoe7G116300.1.p
OG0009580	VIT_211s0065g00180.1	Aqcoe7G242000.1.p
OG0009581	VIT_202s0025g04190.1	Aqcoe7G105100.3.p, Aqcoe7G105100.1.p, Aqcoe7G105100.2.p
OG0009582	VIT_200s0233g00050.1, VIT_202s0154g00130.1	Aqcoe7G079100.1.p, Aqcoe7G079100.2.p
OG0009583	VIT_215s0045g00770.1, VIT_215s0045g00630.1	Aqcoe7G368100.1.p
OG0009584	VIT_211s0016g03190.1, VIT_217s0000g08400.1	Aqcoe7G407900.1.p, Aqcoe7G408000.1.p, Aqcoe7G410600.1.p
OG0009585	VIT_216s0022g02040.1	Aqcoe7G061600.1.p, Aqcoe7G061600.5.p, Aqcoe7G061600.4.p, Aqcoe7G061600.3.p, Aqcoe7G061600.2.p
OG0009586	VIT_200s0323g00080.1, VIT_200s0323g00080.2	Aqcoe7G076600.1.p
OG0009587	VIT_218s0001g13560.1, VIT_218s0001g13560.2, VIT_218s0001g13560.3	Aqcoe7G151300.3.p, Aqcoe7G151300.2.p, Aqcoe7G151300.1.p
OG0009588	VIT_211s0016g04950.1, VIT_211s0016g04950.2	Aqcoe7G278900.1.p
OG0009589	VIT_218s0122g00820.1	Aqcoe5G114600.1.p
OG0009590	VIT_208s0105g00440.1	Aqcoe1G417800.1.p
OG0009591	VIT_213s0067g02890.1	Aqcoe1G042200.1.p, Aqcoe1G042200.3.p, Aqcoe1G042200.4.p, Aqcoe1G042200.2.p
OG0009592	VIT_208s0032g00660.2, VIT_208s0032g00660.1	Aqcoe1G070900.1.p
OG0009593	VIT_204s0008g00770.2, VIT_204s0008g00770.4	Aqcoe1G205800.1.p, Aqcoe1G205800.2.p
OG0009594	VIT_208s0007g03930.1, VIT_208s0007g03930.2	Aqcoe1G111200.2.p, Aqcoe1G111200.3.p, Aqcoe1G111200.1.p
OG0009595	VIT_208s0032g00360.1, VIT_208s0032g00360.3, VIT_208s0032g00360.2	Aqcoe1G069900.1.p
OG0009596	VIT_210s0116g00740.1	Aqcoe1G322200.1.p
OG0009597	VIT_211s0149g00130.3, VIT_211s0149g00130.2, VIT_211s0149g00130.1	Aqcoe1G074700.1.p
OG0009598	VIT_213s0101g00100.1	Aqcoe1G442900.1.p
OG0009599	VIT_206s0004g07800.1, VIT_206s0004g05640.1	Aqcoe1G094400.1.p, Aqcoe5G012600.1.p
OG0009600	VIT_210s0003g04680.1, VIT_210s0003g04680.2	Aqcoe1G178900.1.p
OG0009601	VIT_206s0004g03870.2, VIT_206s0004g03870.3, VIT_206s0004g03870.1	Aqcoe1G481200.1.p
OG0009602	VIT_212s0142g00440.1	Aqcoe1G210000.1.p
OG0009603	VIT_213s0064g01440.1	Aqcoe1G019800.1.p, Aqcoe3G093200.1.p
OG0009604	VIT_219s0015g01680.1	Aqcoe1G377100.1.p
OG0009605	VIT_206s0061g01260.1	Aqcoe1G111300.1.p
OG0009606	VIT_206s0061g00800.1, VIT_206s0061g00800.2	Aqcoe1G123300.1.p, Aqcoe1G123300.3.p, Aqcoe1G123300.2.p
OG0009608	VIT_210s0003g04600.1	Aqcoe1G183700.1.p
OG0009609	VIT_208s0007g02820.1, VIT_208s0007g02820.4, VIT_208s0007g02820.3, VIT_208s0007g02820.2	Aqcoe1G437400.1.p
OG0009610	VIT_213s0067g03130.1	Aqcoe1G146000.1.p
OG0009611	VIT_219s0014g01550.1	Aqcoe1G286300.1.p
OG0009612	VIT_217s0000g07290.2, VIT_217s0000g07290.3, VIT_217s0000g07290.4, VIT_217s0000g07290.1	Aqcoe3G366700.1.p, Aqcoe1G280300.1.p
OG0009613	VIT_206s0061g00510.1	Aqcoe1G131500.2.p, Aqcoe1G131500.1.p
OG0009614	VIT_208s0007g04690.4, VIT_208s0007g04690.3, VIT_208s0007g04690.1, VIT_208s0007g04690.2	Aqcoe1G111600.1.p
OG0009615	VIT_219s0027g00350.2, VIT_219s0027g00350.1	Aqcoe1G181000.1.p
OG0009616	VIT_208s0040g00300.3, VIT_208s0040g00300.2, VIT_208s0040g00300.1	Aqcoe1G005000.1.p
OG0009617	VIT_208s0058g00610.1	Aqcoe1G148900.1.p
OG0009618	VIT_212s0142g00580.1	Aqcoe1G182200.2.p, Aqcoe1G182200.1.p
OG0009619	VIT_219s0014g02940.1, VIT_219s0014g02960.1, VIT_210s0003g03350.1, VIT_210s0003g05270.1, VIT_219s0014g02930.1	Aqcoe1G270500.1.p
OG0009620	VIT_219s0085g01100.8, VIT_219s0085g01100.5, VIT_219s0085g01100.4, VIT_219s0085g01100.9, VIT_219s0085g01100.3, VIT_219s0085g01100.7, VIT_219s0085g01100.2, VIT_219s0085g01100.1, VIT_219s0085g01100.6	Aqcoe1G157200.1.p, Aqcoe1G157200.2.p
OG0009621	VIT_213s0067g02340.1, VIT_213s0067g02340.2	Aqcoe1G397500.2.p, Aqcoe1G397500.1.p
OG0009622	VIT_209s0002g08670.1, VIT_219s0027g01790.1	Aqcoe1G216900.1.p, Aqcoe1G217300.1.p, Aqcoe1G261700.1.p
OG0009624	VIT_206s0004g03880.1	Aqcoe1G480900.1.p, Aqcoe1G480900.2.p, Aqcoe1G481100.1.p
OG0009625	VIT_205s0077g00700.2, VIT_205s0077g00700.1	Aqcoe1G112400.1.p
OG0009626	VIT_208s0007g01820.1	Aqcoe1G084900.3.p, Aqcoe1G084900.1.p, Aqcoe1G084900.4.p, Aqcoe1G084900.2.p
OG0009627	VIT_200s2579g00010.1, VIT_200s2607g00010.1	Aqcoe1G063800.1.p, Aqcoe1G063800.2.p
OG0009628	VIT_210s0003g04580.2, VIT_210s0003g04580.1	Aqcoe1G184400.1.p, Aqcoe3G246000.1.p
OG0009629	VIT_219s0090g01250.2, VIT_219s0090g01250.3	Aqcoe1G334600.1.p
OG0009630	VIT_201s0011g01710.3, VIT_201s0011g01710.4, VIT_201s0011g01710.2, VIT_201s0011g01710.5, VIT_201s0011g01710.1	Aqcoe1G168300.1.p
OG0009631	VIT_213s0067g02530.1	Aqcoe1G400000.1.p
OG0009632	VIT_206s0061g01510.1, VIT_215s0021g00610.1, VIT_215s0021g00610.3, VIT_215s0021g00610.2	Aqcoe1G452700.1.p
OG0009633	VIT_206s0061g00060.2, VIT_206s0061g00060.1	Aqcoe1G035500.2.p, Aqcoe1G035500.1.p
OG0009634	VIT_202s0012g01580.1	Aqcoe1G429300.1.p
OG0009635	VIT_217s0000g02160.1, VIT_217s0000g02160.2	Aqcoe1G008900.1.p
OG0009636	VIT_203s0038g01960.1	Aqcoe5G117200.1.p, Aqcoe1G064900.1.p, Aqcoe1G135900.1.p
OG0009637	VIT_219s0014g00330.1	Aqcoe1G210200.1.p, Aqcoe1G210200.2.p
OG0009638	VIT_212s0059g02000.1	Aqcoe1G333400.1.p
OG0009639	VIT_212s0028g01150.3, VIT_212s0028g01150.2, VIT_212s0028g01150.1, VIT_212s0028g01160.1	Aqcoe1G186900.1.p
OG0009640	VIT_210s0003g03080.1	Aqcoe1G195000.1.p, Aqcoe1G195000.2.p
OG0009641	VIT_205s0094g01380.1, VIT_205s0094g01380.2, VIT_210s0042g00120.2, VIT_210s0042g00120.1	Aqcoe1G206500.1.p
OG0009642	VIT_212s0059g01730.1, VIT_219s0014g03220.1	Aqcoe1G319600.1.p
OG0009643	VIT_206s0004g07050.2, VIT_206s0004g07050.1	Aqcoe1G153800.1.p, Aqcoe1G153800.4.p, Aqcoe1G153800.2.p, Aqcoe1G153800.3.p
OG0009644	VIT_206s0004g01220.1, VIT_206s0004g01220.3, VIT_206s0004g01220.2	Aqcoe1G002900.1.p
OG0009645	VIT_200s0494g00020.2, VIT_200s0494g00020.1, VIT_200s1308g00010.1, VIT_200s1308g00010.2, VIT_200s0566g00020.1, VIT_200s0494g00020.3, VIT_200s0566g00010.1	Aqcoe1G029000.1.p
OG0009646	VIT_208s0040g02260.1	Aqcoe1G493200.1.p
OG0009647	VIT_206s0009g02340.1, VIT_212s0034g01530.1	Aqcoe1G006000.2.p, Aqcoe1G006000.1.p, Aqcoe1G006000.3.p
OG0009648	VIT_213s0019g00220.1	Aqcoe1G436400.1.p
OG0009649	VIT_215s0046g02440.1, VIT_210s0003g01200.1	Aqcoe1G229300.1.p
OG0009650	VIT_206s0061g01310.2, VIT_206s0061g01310.1	Aqcoe1G110500.1.p
OG0009651	VIT_208s0007g04840.2, VIT_208s0007g04840.3, VIT_208s0007g04840.1	Aqcoe1G129700.1.p
OG0009652	VIT_213s0067g02950.1	Aqcoe1G402300.1.p, Aqcoe3G215300.1.p, Aqcoe3G152800.1.p, Aqcoe1G402200.1.p
OG0009653	VIT_206s0004g03150.2, VIT_206s0004g03150.4, VIT_206s0004g03150.5, VIT_206s0004g03150.3, VIT_206s0004g03150.1	Aqcoe1G494200.1.p
OG0009654	VIT_216s0039g00320.1	Aqcoe1G123900.1.p
OG0009655	VIT_217s0000g01430.1	Aqcoe1G368000.1.p
OG0009656	VIT_206s0004g00460.1	Aqcoe1G056600.2.p, Aqcoe1G056600.1.p, Aqcoe1G056600.3.p, Aqcoe1G056600.4.p
OG0009657	VIT_213s0067g01470.1, VIT_213s0067g01470.2	Aqcoe1G407800.1.p
OG0009658	VIT_213s0019g05090.1, VIT_213s0019g05090.2	Aqcoe1G130500.1.p
OG0009659	VIT_212s0059g00550.3, VIT_212s0059g00550.2, VIT_212s0059g00550.1	Aqcoe1G333900.1.p
OG0009660	VIT_213s0019g02020.1, VIT_208s0007g00760.1	Aqcoe1G104300.1.p
OG0009661	VIT_210s0003g05840.1, VIT_210s0003g05840.2	Aqcoe1G171900.1.p
OG0009662	VIT_219s0090g00500.1, VIT_212s0059g02146.1	Aqcoe1G234600.1.p
OG0009663	VIT_208s0040g01970.1, VIT_206s0004g03050.1	Aqcoe1G497200.1.p
OG0009664	VIT_213s0084g00810.1	Aqcoe1G043200.2.p, Aqcoe1G043200.1.p
OG0009665	VIT_210s0597g00020.1	Aqcoe1G271700.1.p
OG0009666	VIT_208s0056g00580.2, VIT_208s0056g00580.1	Aqcoe1G499000.1.p
OG0009668	VIT_200s0184g00040.2, VIT_200s0184g00040.1	Aqcoe1G157100.1.p
OG0009669	VIT_210s0116g00330.1	Aqcoe1G341100.1.p, Aqcoe1G341100.2.p
OG0009670	VIT_208s0007g08150.1, VIT_208s0007g08145.1	Aqcoe1G030300.1.p
OG0009672	VIT_219s0015g00600.1	Aqcoe1G482200.2.p, Aqcoe1G482200.1.p
OG0009673	VIT_219s0085g01040.1, VIT_201s0010g00390.1	Aqcoe1G160800.1.p
OG0009674	VIT_211s0037g00300.2, VIT_211s0037g00300.1, VIT_211s0037g00300.3	Aqcoe3G222600.1.p, Aqcoe1G113600.1.p
OG0009675	VIT_206s0004g00940.4, VIT_206s0004g00940.2, VIT_206s0004g00940.3, VIT_206s0004g00940.1	Aqcoe1G007300.1.p
OG0009676	VIT_201s0011g01830.5, VIT_201s0011g01830.1, VIT_201s0011g01830.2, VIT_201s0011g01830.3, VIT_201s0011g01830.4	Aqcoe1G169100.1.p
OG0009677	VIT_212s0028g03360.1, VIT_212s0028g03360.2	Aqcoe1G258400.3.p, Aqcoe1G258400.4.p, Aqcoe1G258400.1.p, Aqcoe1G258400.2.p
OG0009678	VIT_203s0017g02180.1	Aqcoe1G338600.1.p
OG0009679	VIT_213s0019g05260.1, VIT_213s0019g05260.4, VIT_213s0019g05260.2, VIT_213s0019g05260.3	Aqcoe1G125600.1.p
OG0009680	VIT_206s0004g00190.2, VIT_206s0004g00190.1, VIT_206s0004g00190.3	Aqcoe1G060800.2.p, Aqcoe1G060800.1.p
OG0009681	VIT_206s0004g02950.1	Aqcoe1G145300.1.p
OG0009682	VIT_207s0005g01400.1, VIT_207s0005g01400.3, VIT_207s0005g01400.2	Aqcoe1G000100.1.p
OG0009683	VIT_212s0028g03040.1	Aqcoe1G251200.1.p
OG0009684	VIT_211s0037g00340.1	Aqcoe1G190100.1.p, Aqcoe1G190100.2.p
OG0009685	VIT_213s0067g00280.3, VIT_213s0067g00280.2, VIT_213s0067g00280.8, VIT_213s0067g00280.7, VIT_213s0067g00280.5, VIT_213s0067g00280.1, VIT_213s0067g00280.6, VIT_213s0067g00280.4	Aqcoe1G427900.1.p
OG0009686	VIT_208s0007g04630.1	Aqcoe1G123800.1.p
OG0009687	VIT_212s0059g00710.1	Aqcoe1G231200.1.p
OG0009688	VIT_207s0191g00200.1	Aqcoe1G447200.1.p, Aqcoe1G447200.2.p
OG0009689	VIT_208s0040g00100.2, VIT_208s0040g00100.5, VIT_208s0040g00100.4, VIT_208s0040g00100.1, VIT_208s0040g00100.3	Aqcoe1G011200.1.p, Aqcoe1G011200.2.p
OG0009690	VIT_206s0004g00040.1	Aqcoe0392s0002.1.p
OG0009691	VIT_204s0023g00860.3, VIT_204s0023g00860.1	Aqcoe5G003000.1.p
OG0009692	VIT_215s0046g00790.1, VIT_215s0046g00820.1, VIT_215s0046g00900.1, VIT_215s0046g00920.1	Aqcoe5G459200.1.p
OG0009693	VIT_205s0020g03440.1, VIT_205s0020g03440.4, VIT_205s0020g03440.3, VIT_205s0020g03440.2	Aqcoe5G055100.1.p
OG0009694	VIT_218s0001g03830.1	Aqcoe5G097400.1.p
OG0009695	VIT_205s0049g00470.1, VIT_205s0049g00470.2	Aqcoe5G028400.1.p
OG0009696	VIT_218s0001g13120.1, VIT_206s0004g06180.1, VIT_206s0004g06200.1	Aqcoe5G184900.1.p
OG0009697	VIT_203s0038g02880.1	Aqcoe5G128800.1.p
OG0009698	VIT_218s0072g00390.1	Aqcoe5G103400.1.p, Aqcoe5G100000.3.p, Aqcoe5G100000.2.p, Aqcoe5G100000.4.p, Aqcoe5G100000.1.p
OG0009699	VIT_205s0029g01310.1, VIT_205s0029g01310.2	Aqcoe5G000300.1.p
OG0009700	VIT_214s0030g01370.1	Aqcoe5G072400.1.p
OG0009701	VIT_213s0067g01660.1	Aqcoe5G448500.1.p, Aqcoe5G448500.2.p, Aqcoe5G448500.3.p
OG0009702	VIT_201s0011g04810.1	Aqcoe5G326200.1.p
OG0009703	VIT_215s0046g02040.2, VIT_215s0046g02040.3, VIT_215s0046g02040.1	Aqcoe5G437200.1.p
OG0009704	VIT_204s0023g03190.1	Aqcoe5G226600.1.p
OG0009705	VIT_201s0010g02470.1, VIT_201s0010g02470.2	Aqcoe5G374200.1.p
OG0009706	VIT_203s0063g00390.1	Aqcoe5G152500.1.p
OG0009707	VIT_218s0001g09960.1, VIT_218s0001g09960.2	Aqcoe5G142800.1.p
OG0009708	VIT_204s0023g02740.1	Aqcoe5G181600.1.p, Aqcoe5G181600.2.p
OG0009709	VIT_205s0077g00190.1, VIT_205s0077g00300.1, VIT_205s0077g00810.1	Aqcoe5G134700.1.p
OG0009710	VIT_202s0025g01620.1	Aqcoe5G464900.1.p
OG0009711	VIT_205s0020g00810.2, VIT_205s0020g00810.3, VIT_205s0020g00810.1	Aqcoe5G292200.1.p
OG0009712	VIT_205s0020g01130.1, VIT_205s0020g01130.2, VIT_205s0020g01130.5, VIT_205s0020g01130.4, VIT_205s0020g01130.3	Aqcoe5G425000.1.p
OG0009713	VIT_215s0048g00210.1	Aqcoe5G416000.1.p
OG0009714	VIT_218s0157g00200.1, VIT_218s0157g00200.2	Aqcoe5G255500.1.p
OG0009715	VIT_207s0005g04860.2, VIT_207s0005g04860.3, VIT_207s0005g04860.1	Aqcoe5G008400.1.p
OG0009716	VIT_218s0072g01050.1	Aqcoe5G304700.1.p
OG0009717	VIT_218s0001g14240.1, VIT_204s0023g03340.1, VIT_218s0001g14240.2, VIT_204s0023g03340.2	Aqcoe5G208900.1.p
OG0009718	VIT_201s0010g02170.1, VIT_201s0010g02170.2	Aqcoe5G381300.1.p, Aqcoe5G381300.2.p
OG0009719	VIT_216s0098g01780.1	Aqcoe5G462500.1.p
OG0009720	VIT_204s0069g01100.1	Aqcoe5G117300.1.p, Aqcoe5G117300.2.p
OG0009721	VIT_207s0005g01510.1	Aqcoe5G271300.1.p
OG0009722	VIT_218s0001g11830.1, VIT_204s0023g01100.1	Aqcoe5G201200.1.p, Aqcoe5G201200.2.p, Aqcoe5G201400.1.p
OG0009723	VIT_202s0025g03240.1	Aqcoe5G478500.1.p
OG0009724	VIT_204s0044g00490.1, VIT_204s0044g00490.2	Aqcoe5G248300.1.p, Aqcoe5G248200.3.p, Aqcoe5G248200.1.p, Aqcoe5G248200.2.p
OG0009725	VIT_214s0068g01290.1	Aqcoe3G217300.1.p, Aqcoe3G217300.2.p
OG0009726	VIT_207s0151g00790.1, VIT_207s0151g00790.2	Aqcoe5G052300.1.p, Aqcoe5G052300.2.p, Aqcoe5G052300.3.p
OG0009727	VIT_205s0020g03820.1, VIT_205s0020g03790.1	Aqcoe5G050200.1.p
OG0009728	VIT_201s0010g03360.1	Aqcoe5G359400.1.p
OG0009729	VIT_218s0001g10720.1, VIT_218s0001g10720.3	Aqcoe5G155300.1.p, Aqcoe5G155100.1.p
OG0009730	VIT_214s0068g02200.1, VIT_214s0068g02200.3, VIT_214s0068g02200.4, VIT_214s0068g02200.2	Aqcoe5G361200.1.p
OG0009731	VIT_218s0001g04140.1	Aqcoe5G274500.1.p
OG0009732	VIT_207s0005g02600.1, VIT_207s0005g02600.3, VIT_207s0005g02600.4, VIT_207s0005g02600.2	Aqcoe5G290500.1.p, Aqcoe5G290500.2.p
OG0009733	VIT_207s0151g00750.1	Aqcoe5G006900.4.p, Aqcoe5G006900.3.p, Aqcoe5G006900.2.p, Aqcoe5G006900.1.p
OG0009735	VIT_211s0016g04360.1	Aqcoe5G183000.1.p, Aqcoe5G257000.1.p
OG0009736	VIT_204s0023g03130.1	Aqcoe5G176800.1.p, Aqcoe5G144100.1.p
OG0009737	VIT_205s0020g00480.7, VIT_205s0020g00480.1, VIT_205s0020g00480.5, VIT_205s0020g00480.2, VIT_205s0020g00480.8, VIT_205s0020g00480.3, VIT_205s0020g00480.6, VIT_205s0020g00480.4	Aqcoe5G298000.1.p, Aqcoe5G298000.2.p
OG0009738	VIT_205s0020g02410.1	Aqcoe5G064700.1.p, Aqcoe5G064700.2.p
OG0009739	VIT_205s0049g01350.1, VIT_205s0049g01350.2	Aqcoe5G021200.1.p, Aqcoe5G021300.1.p
OG0009740	VIT_215s0021g02180.1	Aqcoe5G448400.1.p, Aqcoe5G448400.2.p
OG0009741	VIT_212s0057g01400.1, VIT_212s0057g01400.3, VIT_212s0057g01400.2	Aqcoe5G169400.3.p, Aqcoe5G169400.1.p, Aqcoe5G169400.2.p
OG0009742	VIT_212s0034g01170.1, VIT_212s0034g01170.3, VIT_212s0034g01170.2	Aqcoe5G280900.1.p
OG0009743	VIT_203s0038g00910.1, VIT_203s0038g00910.2, VIT_216s0022g00546.1	Aqcoe5G227000.2.p, Aqcoe5G227000.1.p
OG0009744	VIT_203s0038g04410.3, VIT_203s0038g04410.2, VIT_203s0038g04410.1, VIT_203s0038g04410.4	Aqcoe5G187000.1.p
OG0009745	VIT_218s0001g05960.1	Aqcoe5G098500.3.p, Aqcoe5G098500.2.p, Aqcoe5G098500.1.p
OG0009746	VIT_218s0001g05630.1	Aqcoe5G097300.1.p
OG0009747	VIT_203s0180g00100.1	Aqcoe5G356700.1.p
OG0009748	VIT_218s0001g13900.3, VIT_218s0001g13900.5, VIT_218s0001g13900.4, VIT_218s0001g13900.1, VIT_218s0001g13900.2	Aqcoe5G226400.1.p, Aqcoe5G226400.2.p
OG0009749	VIT_203s0038g01810.1, VIT_203s0038g01810.2	Aqcoe5G210500.1.p
OG0009750	VIT_203s0038g04320.2, VIT_203s0038g04320.1	Aqcoe5G185100.1.p
OG0009751	VIT_201s0010g02280.1	Aqcoe5G377200.1.p
OG0009752	VIT_201s0010g02410.1	Aqcoe5G375200.1.p
OG0009753	VIT_202s0154g00480.1, VIT_202s0154g00490.1, VIT_216s0022g00510.1	Aqcoe5G417000.1.p
OG0009754	VIT_218s0001g08260.1, VIT_218s0001g08260.2	Aqcoe5G299100.1.p
OG0009755	VIT_218s0001g12640.1, VIT_218s0001g12640.4, VIT_218s0001g12640.3, VIT_218s0001g12640.5, VIT_218s0001g12640.6, VIT_218s0001g12640.2	Aqcoe5G188600.1.p
OG0009756	VIT_216s0039g01690.2, VIT_200s0214g00020.1, VIT_216s0039g01690.1	Aqcoe3G220100.1.p, Aqcoe5G199800.1.p
OG0009757	VIT_214s0068g01020.2, VIT_214s0068g01020.3, VIT_214s0068g01020.1	Aqcoe5G330500.3.p, Aqcoe5G330500.1.p, Aqcoe5G330500.2.p
OG0009758	VIT_201s0010g02750.1, VIT_201s0010g02750.2, VIT_201s0010g02750.5, VIT_201s0010g02750.4, VIT_201s0010g02750.3	Aqcoe5G370000.1.p
OG0009759	VIT_201s0137g00290.2, VIT_201s0137g00290.5	Aqcoe5G384500.1.p
OG0009760	VIT_218s0117g00320.1	Aqcoe5G269100.1.p
OG0009761	VIT_218s0122g00050.1	Aqcoe5G105800.1.p
OG0009762	VIT_215s0046g03700.1, VIT_215s0046g03700.2	Aqcoe5G422900.1.p
OG0009763	VIT_207s0005g04110.1	Aqcoe5G018700.1.p
OG0009764	VIT_201s0150g00130.2, VIT_201s0150g00130.3, VIT_201s0150g00130.1	Aqcoe5G327200.1.p, Aqcoe5G327200.2.p
OG0009765	VIT_207s0031g03050.1, VIT_207s0031g03050.3, VIT_207s0031g03050.2	Aqcoe5G281500.1.p
OG0009766	VIT_214s0060g02650.1	Aqcoe5G082100.1.p
OG0009767	VIT_218s0082g00216.1, VIT_213s0073g00180.1, VIT_218s0001g06720.1	Aqcoe5G098700.1.p, Aqcoe5G098700.3.p, Aqcoe5G098700.4.p, Aqcoe5G098700.2.p
OG0009768	VIT_200s0179g00190.1, VIT_210s0003g02395.1	Aqcoe5G047200.3.p, Aqcoe5G047200.1.p, Aqcoe5G047200.2.p
OG0009769	VIT_204s0008g05710.1	Aqcoe5G347100.1.p
OG0009770	VIT_205s0020g01280.3, VIT_205s0020g01280.2, VIT_205s0020g01280.4, VIT_205s0020g01280.1, VIT_210s0092g00560.1, VIT_219s0140g00190.1	Aqcoe5G085300.1.p, Aqcoe5G085300.2.p
OG0009771	VIT_219s0014g00030.1	Aqcoe5G355600.1.p, Aqcoe5G355600.2.p
OG0009772	VIT_215s0021g02270.1	Aqcoe5G412500.1.p
OG0009773	VIT_204s0044g01100.1	Aqcoe5G241300.1.p
OG0009774	VIT_218s0001g05770.1	Aqcoe5G097800.1.p
OG0009775	VIT_201s0244g00160.2, VIT_201s0244g00160.1	Aqcoe5G338100.1.p
OG0009776	VIT_205s0020g03350.1	Aqcoe5G056100.1.p
OG0009777	VIT_204s0023g02630.2, VIT_204s0023g02630.1, VIT_204s0023g02630.4, VIT_204s0023g02630.3	Aqcoe5G183100.1.p, Aqcoe5G183100.2.p
OG0009778	VIT_214s0030g01840.1	Aqcoe5G049500.1.p
OG0009779	VIT_202s0025g03970.1	Aqcoe5G433600.1.p, Aqcoe5G433600.2.p, Aqcoe5G433600.3.p, Aqcoe5G433600.4.p
OG0009780	VIT_218s0122g01370.1, VIT_218s0122g01370.3, VIT_218s0122g01370.2	Aqcoe5G123300.1.p
OG0009781	VIT_207s0104g01330.1, VIT_207s0104g01330.2	Aqcoe5G071900.1.p
OG0009782	VIT_202s0025g02310.2, VIT_202s0025g02310.3, VIT_202s0025g02310.4, VIT_202s0025g02310.1	Aqcoe5G467800.1.p
OG0009783	VIT_202s0154g00530.1	Aqcoe5G120400.2.p, Aqcoe5G120400.1.p
OG0009784	VIT_205s0020g04910.1, VIT_205s0020g04910.2	Aqcoe5G036600.1.p, Aqcoe5G036600.2.p
OG0009785	VIT_218s0001g03350.3, VIT_218s0001g03350.4, VIT_218s0001g03350.2, VIT_218s0001g03350.1	Aqcoe5G277900.1.p
OG0009786	VIT_218s0001g00050.1	Aqcoe5G126700.1.p, Aqcoe5G126700.2.p
OG0009787	VIT_209s0018g00400.1, VIT_209s0018g00400.3, VIT_209s0018g00400.2	Aqcoe5G115900.1.p, Aqcoe5G115900.2.p
OG0009788	VIT_201s0010g02690.1, VIT_201s0010g02690.3, VIT_201s0010g02690.4, VIT_201s0010g02690.2	Aqcoe5G373100.1.p
OG0009789	VIT_213s0067g03720.1	Aqcoe5G160900.1.p
OG0009790	VIT_218s0072g01130.1, VIT_218s0072g01130.2	Aqcoe5G304000.3.p, Aqcoe5G304000.1.p, Aqcoe5G304000.2.p
OG0009791	VIT_207s0005g04590.1	Aqcoe5G010800.2.p, Aqcoe5G010800.1.p
OG0009792	VIT_212s0034g02230.1	Aqcoe5G300900.1.p
OG0009793	VIT_217s0000g05230.1	Aqcoe3G370200.1.p
OG0009794	VIT_214s0108g01340.1	Aqcoe3G355800.1.p, Aqcoe3G355700.2.p, Aqcoe3G355700.1.p
OG0009795	VIT_201s0011g04560.1, VIT_214s0006g02080.1	Aqcoe3G019600.1.p
OG0009796	VIT_216s0039g02160.1	Aqcoe3G210100.1.p, Aqcoe3G210100.2.p
OG0009797	VIT_217s0053g00140.1	Aqcoe3G434500.1.p
OG0009798	VIT_217s0000g04900.1	Aqcoe3G067300.1.p, Aqcoe3G067300.2.p
OG0009799	VIT_217s0000g00900.1	Aqcoe3G160900.2.p, Aqcoe3G160900.1.p
OG0009800	VIT_217s0000g04890.1	Aqcoe3G377400.1.p
OG0009801	VIT_212s0178g00221.1, VIT_212s0178g00207.1	Aqcoe3G369500.1.p, Aqcoe3G369500.2.p
OG0009802	VIT_204s0043g00770.1	Aqcoe3G303000.1.p, Aqcoe3G303000.2.p
OG0009803	VIT_201s0026g01960.2, VIT_201s0026g01960.1, VIT_201s0026g01960.5, VIT_201s0026g01960.4, VIT_201s0026g01960.3	Aqcoe3G085600.1.p
OG0009804	VIT_201s0026g01710.1	Aqcoe3G328400.1.p
OG0009806	VIT_201s0010g01450.2, VIT_201s0010g01450.1	Aqcoe3G437100.1.p, Aqcoe3G437100.2.p, Aqcoe3G437100.3.p
OG0009807	VIT_217s0000g05780.1	Aqcoe3G328600.2.p, Aqcoe3G328600.1.p
OG0009808	VIT_201s0113g00560.2, VIT_201s0113g00560.1, VIT_201s0113g00560.3	Aqcoe3G059900.1.p
OG0009809	VIT_201s0011g05970.1	Aqcoe3G415800.2.p, Aqcoe3G415800.1.p
OG0009810	VIT_201s0011g04950.1	Aqcoe3G408300.1.p, Aqcoe3G408300.2.p
OG0009811	VIT_201s0127g00450.2	Aqcoe3G286900.2.p, Aqcoe3G286900.1.p
OG0009812	VIT_202s0012g02240.1	Aqcoe3G172300.1.p
OG0009813	VIT_214s0006g01470.2, VIT_214s0006g01470.1	Aqcoe3G016900.1.p
OG0009814	VIT_217s0000g02580.1, VIT_217s0000g02580.2	Aqcoe3G014900.1.p, Aqcoe3G014900.2.p, Aqcoe3G012800.1.p
OG0009815	VIT_216s0022g00810.3, VIT_216s0022g00810.4, VIT_216s0022g00810.5, VIT_216s0022g00810.1, VIT_216s0022g00810.2	Aqcoe3G313200.1.p
OG0009816	VIT_216s0039g00350.1	Aqcoe3G441400.1.p
OG0009817	VIT_202s0012g00170.1	Aqcoe3G249000.1.p
OG0009818	VIT_201s0010g00520.4, VIT_201s0010g00520.3, VIT_201s0010g00520.1, VIT_201s0010g00520.2	Aqcoe3G058700.1.p
OG0009819	VIT_214s0068g01950.1	Aqcoe3G200000.1.p
OG0009820	VIT_217s0000g08620.1	Aqcoe3G282500.1.p
OG0009821	VIT_217s0000g01390.1	Aqcoe3G096100.1.p
OG0009822	VIT_214s0006g01890.1	Aqcoe3G402300.1.p
OG0009823	VIT_214s0083g00160.1	Aqcoe3G394500.1.p
OG0009824	VIT_217s0000g08780.5, VIT_217s0000g08780.3, VIT_217s0000g08780.1, VIT_217s0000g08780.2, VIT_217s0000g08780.4	Aqcoe3G278700.1.p
OG0009825	VIT_201s0011g06340.3, VIT_201s0011g06340.2, VIT_201s0011g06340.1	Aqcoe3G407200.1.p
OG0009826	VIT_201s0010g03610.3, VIT_201s0010g03610.2, VIT_201s0010g03610.1, VIT_201s0010g03610.4	Aqcoe3G095800.1.p, Aqcoe3G095800.2.p, Aqcoe3G094900.1.p
OG0009827	VIT_215s0021g01640.2, VIT_215s0021g01640.1	Aqcoe3G268900.1.p
OG0009828	VIT_201s0010g00680.1	Aqcoe3G381400.1.p
OG0009829	VIT_201s0011g00540.2, VIT_201s0011g00540.1	Aqcoe3G366000.1.p
OG0009830	VIT_201s0010g02140.2, VIT_201s0010g02140.3, VIT_201s0010g02140.1	Aqcoe3G427900.1.p, Aqcoe3G427900.3.p, Aqcoe3G427900.2.p
OG0009831	VIT_201s0026g01520.1	Aqcoe3G324000.3.p, Aqcoe3G324000.1.p, Aqcoe3G324000.2.p
OG0009832	VIT_201s0011g05765.3, VIT_201s0011g05765.2, VIT_201s0011g05765.1	Aqcoe3G277000.1.p, Aqcoe3G387200.1.p
OG0009833	VIT_201s0026g01000.3, VIT_201s0026g01000.4, VIT_201s0026g01000.2, VIT_201s0026g01000.1, VIT_201s0026g01000.6, VIT_201s0026g01000.5	Aqcoe3G311900.1.p
OG0009834	VIT_201s0011g04770.1	Aqcoe3G410500.1.p
OG0009835	VIT_214s0083g00180.1, VIT_214s0083g00180.3, VIT_214s0083g00180.2	Aqcoe3G394100.1.p
OG0009836	VIT_200s1665g00010.2, VIT_200s1665g00010.1	Aqcoe3G262200.1.p
OG0009837	VIT_201s0026g00040.1	Aqcoe3G293900.1.p, Aqcoe3G293900.2.p
OG0009838	VIT_203s0017g01790.1	Aqcoe3G024200.1.p
OG0009839	VIT_200s0261g00040.1, VIT_200s0261g00020.1	Aqcoe3G077700.1.p
OG0009840	VIT_202s0234g00100.1	Aqcoe3G267400.1.p
OG0009841	VIT_217s0000g06710.1	Aqcoe3G355900.1.p
OG0009842	VIT_201s0026g01470.1	Aqcoe3G322500.1.p
OG0009843	VIT_201s0113g00470.1	Aqcoe3G351900.1.p
OG0009844	VIT_217s0000g02140.1, VIT_217s0000g02140.2, VIT_217s0000g02140.3	Aqcoe3G005700.1.p
OG0009845	VIT_201s0011g00290.3, VIT_201s0011g00290.2, VIT_201s0011g00290.1, VIT_201s0011g00290.5, VIT_201s0011g00290.4	Aqcoe3G063700.1.p
OG0009846	VIT_214s0068g02020.1	Aqcoe3G200600.2.p, Aqcoe3G200600.4.p, Aqcoe3G200600.1.p, Aqcoe3G200600.3.p
OG0009847	VIT_202s0033g01340.2, VIT_202s0033g01340.1	Aqcoe3G014200.1.p
OG0009848	VIT_202s0109g00380.2, VIT_202s0109g00380.1	Aqcoe3G213700.1.p, Aqcoe3G213600.1.p
OG0009849	VIT_201s0011g02170.1	Aqcoe3G435100.1.p
OG0009850	VIT_215s0021g01860.1, VIT_200s0299g00110.1	Aqcoe3G271300.1.p
OG0009851	VIT_214s0108g01300.1, VIT_201s0011g00270.1	Aqcoe3G353900.1.p
OG0009852	VIT_201s0127g00620.1	Aqcoe3G288700.1.p
OG0009853	VIT_202s0033g01350.1, VIT_202s0033g01350.2, VIT_202s0033g01350.3	Aqcoe3G274300.1.p, Aqcoe3G274300.3.p, Aqcoe3G274300.2.p
OG0009854	VIT_201s0011g06130.1, VIT_201s0011g06130.2	Aqcoe3G409500.1.p
OG0009855	VIT_210s0042g00960.1, VIT_210s0042g00960.2	Aqcoe3G439000.1.p
OG0009856	VIT_217s0000g05390.1	Aqcoe3G316000.2.p, Aqcoe3G316000.3.p, Aqcoe3G316000.1.p
OG0009857	VIT_201s0026g01090.1	Aqcoe3G101100.1.p
OG0009858	VIT_200s0194g00020.1, VIT_200s0194g00020.2	Aqcoe3G332200.1.p
OG0009859	VIT_216s0039g00220.1	Aqcoe3G443000.1.p
OG0009860	VIT_210s0042g00100.3, VIT_210s0042g00100.5, VIT_210s0042g00100.4, VIT_210s0042g00100.2, VIT_210s0042g00100.1	Aqcoe3G009400.1.p, Aqcoe3G009400.2.p
OG0009861	VIT_201s0026g01040.1	Aqcoe3G313900.2.p, Aqcoe3G313900.3.p, Aqcoe3G313900.1.p
OG0009862	VIT_217s0000g08020.4, VIT_217s0000g08020.5, VIT_217s0000g08020.1, VIT_217s0000g08020.2, VIT_217s0000g08020.3	Aqcoe3G114500.1.p
OG0009863	VIT_201s0011g03620.1, VIT_201s0011g03620.3, VIT_201s0011g03620.2	Aqcoe3G036400.1.p
OG0009864	VIT_201s0146g00110.1	Aqcoe3G164000.1.p
OG0009865	VIT_218s0072g00970.1	Aqcoe3G291300.1.p, Aqcoe3G291300.3.p, Aqcoe3G291300.2.p
OG0009866	VIT_213s0175g00180.1, VIT_204s0079g00840.1, VIT_204s0079g00840.3, VIT_204s0079g00840.4, VIT_204s0079g00840.2, VIT_213s0175g00180.2	Aqcoe3G429100.1.p
OG0009867	VIT_201s0011g03450.1	Aqcoe3G401200.1.p
OG0009868	VIT_208s0007g09040.1	Aqcoe3G366900.1.p
OG0009869	VIT_201s0137g00060.4, VIT_201s0137g00060.1, VIT_201s0137g00060.2, VIT_201s0137g00060.3	Aqcoe3G425600.1.p
OG0009870	VIT_218s0001g06370.1	Aqcoe3G246600.1.p
OG0009871	VIT_204s0079g00650.4, VIT_204s0079g00650.3, VIT_204s0079g00650.2, VIT_204s0079g00650.1	Aqcoe3G425300.1.p
OG0009872	VIT_217s0000g02600.1	Aqcoe3G016100.1.p
OG0009873	VIT_213s0084g00370.1, VIT_213s0084g00520.1, VIT_213s0084g00440.1	Aqcoe3G433000.1.p
OG0009874	VIT_210s0071g00310.1	Aqcoe3G439800.1.p, Aqcoe3G439800.2.p
OG0009875	VIT_201s0010g03740.1	Aqcoe3G343300.1.p, Aqcoe3G343300.4.p, Aqcoe3G343300.2.p, Aqcoe3G343300.3.p
OG0009876	VIT_216s0039g00240.1	Aqcoe3G007300.2.p, Aqcoe3G007300.1.p
OG0009877	VIT_214s0108g00130.1	Aqcoe3G330000.1.p
OG0009878	VIT_214s0006g00960.1, VIT_214s0006g00990.1	Aqcoe3G000900.1.p
OG0009879	VIT_201s0026g01740.2, VIT_201s0026g01740.1, VIT_201s0026g01740.3	Aqcoe3G329900.1.p
OG0009880	VIT_217s0000g05350.1, VIT_217s0000g05350.2, VIT_217s0000g05350.3	Aqcoe3G101000.1.p
OG0009881	VIT_214s0006g01880.1, VIT_214s0006g01880.2	Aqcoe3G402600.2.p, Aqcoe3G402600.1.p
OG0009882	VIT_214s0108g00580.1, VIT_214s0108g00580.2	Aqcoe3G079600.2.p, Aqcoe3G079600.1.p
OG0009883	VIT_214s0006g03200.1	Aqcoe3G399400.2.p, Aqcoe3G399400.1.p
OG0009884	VIT_216s0039g01910.1, VIT_216s0039g01910.3, VIT_216s0039g01910.2, VIT_216s0039g01910.4, VIT_216s0039g01940.1, VIT_213s0074g00110.1	Aqcoe3G171000.1.p
OG0009885	VIT_212s0028g01330.4, VIT_212s0028g01330.2, VIT_212s0028g01330.3, VIT_212s0028g01330.5, VIT_212s0028g01330.1	Aqcoe3G080600.1.p, Aqcoe3G080600.2.p
OG0009954	VIT_205s0020g02590.1	Aqcoe0175s0001.1.p, Aqcoe2G329200.1.p
OG0009955	VIT_206s0004g04700.1	Aqcoe1G460600.1.p, Aqcoe2G150200.1.p
OG0009956	VIT_208s0007g02500.1	Aqcoe2G219600.1.p
OG0009958	VIT_205s0020g00930.1	Aqcoe2G271100.1.p, Aqcoe7G308100.1.p, Aqcoe2G247500.2.p, Aqcoe2G247500.1.p
OG0009959	VIT_205s0020g00400.3, VIT_205s0020g00400.2, VIT_205s0020g00400.4, VIT_205s0020g00400.1	Aqcoe2G260700.1.p
OG0009960	VIT_212s0055g00090.1, VIT_200s0438g00020.1	Aqcoe2G198600.1.p
OG0009961	VIT_207s0005g05140.1	Aqcoe2G394100.1.p
OG0009962	VIT_205s0094g01420.3, VIT_205s0094g01420.1, VIT_205s0094g01420.2	Aqcoe2G438900.1.p
OG0009963	VIT_211s0016g02970.1, VIT_211s0016g02970.2	Aqcoe2G240500.1.p
OG0009964	VIT_205s0020g02600.2, VIT_205s0020g02600.1	Aqcoe2G330000.2.p, Aqcoe2G330000.1.p
OG0009965	VIT_205s0020g02850.2, VIT_205s0020g02850.1	Aqcoe2G335500.1.p
OG0009966	VIT_213s0019g04930.1	Aqcoe2G012900.1.p
OG0009968	VIT_205s0049g02320.3, VIT_205s0049g02320.1, VIT_205s0049g02320.2, VIT_205s0049g02350.1	Aqcoe2G385700.1.p, Aqcoe2G385700.2.p
OG0009969	VIT_206s0080g00450.1	Aqcoe2G107200.1.p
OG0009970	VIT_208s0040g00540.1	Aqcoe2G003100.1.p
OG0009971	VIT_205s0062g01110.1	Aqcoe2G426300.1.p
OG0009972	VIT_208s0040g02910.1	Aqcoe2G170600.1.p
OG0009973	VIT_208s0007g03010.2, VIT_208s0007g03010.1	Aqcoe2G119600.1.p
OG0009974	VIT_200s0227g00060.1	Aqcoe2G228400.1.p
OG0009975	VIT_205s0020g02460.1, VIT_205s0020g02460.2	Aqcoe2G327200.1.p
OG0009976	VIT_202s0025g04360.1, VIT_202s0025g04370.1, VIT_202s0025g04375.1, VIT_202s0025g04020.1, VIT_202s0025g04010.1, VIT_216s0100g00550.1, VIT_216s0100g00560.1, VIT_216s0100g00540.1	Aqcoe2G408600.1.p, Aqcoe2G408600.2.p, Aqcoe3G318400.1.p, Aqcoe2G408700.1.p
OG0009977	VIT_214s0030g01900.1	Aqcoe2G351900.1.p
OG0009978	VIT_205s0020g02820.1	Aqcoe2G334600.1.p
OG0009979	VIT_213s0064g00910.1, VIT_213s0064g00910.2	Aqcoe2G015600.1.p
OG0009980	VIT_205s0020g01410.1, VIT_205s0094g01280.2, VIT_205s0094g01280.1	Aqcoe2G302600.1.p
OG0009981	VIT_205s0049g01130.1, VIT_205s0049g01130.3, VIT_205s0049g01130.2	Aqcoe2G373900.1.p
OG0009982	VIT_211s0037g00170.1	Aqcoe2G230200.1.p
OG0009983	VIT_204s0023g03310.1	Aqcoe2G057900.1.p
OG0009984	VIT_214s0081g00080.1	Aqcoe2G101000.1.p
OG0009985	VIT_205s0020g01060.1	Aqcoe2G241700.2.p, Aqcoe2G241700.1.p
OG0009987	VIT_206s0009g00820.1	Aqcoe2G069400.1.p
OG0009988	VIT_205s0124g00240.1	Aqcoe2G425400.1.p
OG0009990	VIT_215s0024g00070.1	Aqcoe2G068700.1.p
OG0009991	VIT_207s0005g00970.2, VIT_207s0005g00970.5, VIT_207s0005g00970.1, VIT_207s0005g00970.3, VIT_207s0005g00970.4, VIT_216s0022g00595.1, VIT_203s0038g02150.1, VIT_214s0128g00230.1	Aqcoe2G283100.2.p, Aqcoe2G283100.1.p
OG0009992	VIT_207s0104g00630.1	Aqcoe2G325700.1.p
OG0009993	VIT_206s0004g06630.1	Aqcoe1G420400.1.p, Aqcoe2G095400.1.p, Aqcoe2G095400.3.p, Aqcoe2G095400.4.p, Aqcoe2G095400.2.p
OG0009994	VIT_213s0019g02230.1	Aqcoe2G231300.1.p
OG0009995	VIT_213s0019g04150.1, VIT_208s0040g01920.1	Aqcoe2G326600.1.p
OG0009996	VIT_213s0019g01770.1	Aqcoe2G028600.3.p, Aqcoe2G028600.2.p, Aqcoe2G028600.1.p
OG0009998	VIT_208s0007g08800.1	Aqcoe2G023400.1.p, Aqcoe2G012500.1.p
OG0009999	VIT_214s0060g00220.1	Aqcoe4G240600.1.p, Aqcoe4G240300.1.p, Aqcoe2G239000.1.p, Aqcoe2G239000.2.p
OG0010000	VIT_208s0007g07880.1	Aqcoe2G013500.2.p, Aqcoe2G013500.1.p
OG0010001	VIT_208s0007g08400.1	Aqcoe2G140400.2.p, Aqcoe2G140400.1.p, Aqcoe5G389000.1.p
OG0010002	VIT_212s0034g01110.1	Aqcoe2G186600.1.p
OG0010003	VIT_207s0151g00300.1	Aqcoe2G351500.1.p
OG0010004	VIT_217s0000g02070.1	Aqcoe2G396700.1.p
OG0010005	VIT_213s0084g00610.1	Aqcoe2G045500.1.p
OG0010006	VIT_204s0023g00080.2, VIT_204s0023g00080.1, VIT_204s0023g00080.3	Aqcoe2G391000.1.p, Aqcoe2G391000.2.p
OG0010007	VIT_206s0004g06440.1	Aqcoe2G097500.1.p, Aqcoe2G041600.1.p
OG0010008	VIT_206s0004g07900.1	Aqcoe2G076700.1.p
OG0010009	VIT_214s0128g00490.3, VIT_214s0128g00490.5, VIT_214s0128g00490.4, VIT_214s0128g00490.2, VIT_214s0128g00490.1	Aqcoe2G339300.1.p
OG0010010	VIT_205s0051g00830.1	Aqcoe2G388300.1.p
OG0010011	VIT_214s0081g00600.1, VIT_214s0081g00600.2, VIT_214s0081g00600.3, VIT_211s0016g01560.1	Aqcoe2G367200.1.p
OG0010012	VIT_207s0104g01240.1	Aqcoe2G315600.1.p
OG0010013	VIT_214s0030g00010.4, VIT_214s0030g00010.2, VIT_214s0030g00010.1, VIT_214s0030g00010.3	Aqcoe2G325400.1.p
OG0010014	VIT_206s0004g07730.1	Aqcoe2G079200.1.p
OG0010015	VIT_207s0104g00320.1	Aqcoe2G331100.1.p
OG0010016	VIT_205s0020g01910.1	Aqcoe2G310100.1.p
OG0010017	VIT_214s0006g02975.1, VIT_214s0030g00680.1	Aqcoe2G188200.1.p
OG0010018	VIT_208s0040g00410.3, VIT_208s0040g00410.2	Aqcoe2G003600.1.p
OG0010019	VIT_207s0104g00720.2, VIT_207s0104g00720.1, VIT_207s0104g00720.3	Aqcoe2G323400.1.p
OG0010020	VIT_208s0007g07030.1, VIT_208s0007g07030.2	Aqcoe2G005200.5.p, Aqcoe2G005200.3.p, Aqcoe2G005200.1.p, Aqcoe2G005200.4.p, Aqcoe2G005200.2.p
OG0010021	VIT_205s0102g00700.2, VIT_205s0102g00700.1	Aqcoe2G015000.1.p, Aqcoe2G015000.2.p, Aqcoe6G168000.1.p
OG0010022	VIT_214s0030g00430.1	Aqcoe2G320000.1.p
OG0010023	VIT_214s0030g01280.2, VIT_214s0030g01280.1, VIT_214s0030g01280.4, VIT_214s0030g01280.3	Aqcoe2G313400.1.p
OG0010024	VIT_213s0019g03460.1	Aqcoe2G100800.1.p
OG0010025	VIT_200s0179g00220.1	Aqcoe2G353300.1.p
OG0010026	VIT_200s0184g00050.1	Aqcoe2G402300.1.p
OG0010027	VIT_210s0071g00740.1, VIT_210s0071g00740.2	Aqcoe2G125900.1.p, Aqcoe5G147800.1.p, Aqcoe7G096700.1.p
OG0010029	VIT_214s0128g00310.1	Aqcoe2G335000.1.p
OG0010030	VIT_208s0040g01630.1	Aqcoe2G144400.1.p
OG0010031	VIT_206s0004g05040.1	Aqcoe2G223500.1.p, Aqcoe2G223500.2.p
OG0010032	VIT_208s0056g00050.1	Aqcoe2G069200.1.p, Aqcoe4G082900.1.p
OG0010033	VIT_209s0002g02930.1, VIT_209s0002g02930.2, VIT_209s0002g02930.3	Aqcoe2G421600.1.p
OG0010034	VIT_205s0062g01170.1	Aqcoe2G407800.2.p, Aqcoe2G407800.1.p
OG0010035	VIT_218s0001g15530.1	Aqcoe5G291400.1.p, Aqcoe2G376200.1.p, Aqcoe2G376200.2.p
OG0010036	VIT_213s0019g01100.1	Aqcoe2G151400.1.p
OG0010037	VIT_218s0001g14650.1	Aqcoe2G170900.3.p, Aqcoe6G224200.1.p, Aqcoe2G170900.1.p, Aqcoe2G170900.2.p
OG0010038	VIT_200s0558g00030.2, VIT_200s0558g00030.1	Aqcoe6G318500.1.p, Aqcoe6G318500.2.p, Aqcoe2G040800.1.p, Aqcoe2G040800.2.p
OG0010039	VIT_208s0007g00190.1	Aqcoe2G148000.1.p
OG0010040	VIT_217s0000g01960.1	Aqcoe2G420800.1.p
OG0010041	VIT_203s0038g01490.2, VIT_203s0038g01490.1	Aqcoe2G157200.1.p, Aqcoe2G157200.2.p
OG0010042	VIT_208s0007g04460.1, VIT_208s0007g04460.2	Aqcoe2G159400.1.p
OG0010043	VIT_206s0004g07440.1	Aqcoe2G054500.1.p
OG0010044	VIT_210s0092g00030.1	Aqcoe7G398900.1.p, Aqcoe2G290700.1.p
OG0010045	VIT_205s0077g01300.1, VIT_205s0077g01310.1	Aqcoe2G277900.1.p, Aqcoe2G277900.2.p, Aqcoe2G277500.1.p
OG0010046	VIT_208s0007g07100.2, VIT_208s0007g07100.1	Aqcoe2G052800.1.p
OG0010047	VIT_213s0156g00160.1, VIT_208s0007g06470.1	Aqcoe2G008400.1.p
OG0010048	VIT_207s0005g00470.1	Aqcoe2G293300.1.p
OG0010049	VIT_211s0118g00250.1, VIT_204s0008g06510.1	Aqcoe4G219900.1.p, Aqcoe2G278200.1.p, Aqcoe7G377500.1.p
OG0010050	VIT_205s0020g04160.1	Aqcoe2G353500.1.p
OG0010051	VIT_208s0007g06640.2, VIT_208s0007g06640.3, VIT_208s0007g06640.1, VIT_208s0007g06690.1	Aqcoe2G011100.1.p
OG0010052	VIT_205s0020g02430.1	Aqcoe2G325300.1.p
OG0010053	VIT_208s0007g05690.1	Aqcoe2G035500.2.p, Aqcoe2G035500.1.p
OG0010054	VIT_208s0007g07900.1	Aqcoe2G013700.1.p
OG0010055	VIT_207s0151g01000.1, VIT_205s0020g03180.1	Aqcoe2G342700.1.p
OG0010056	VIT_208s0007g07350.1	Aqcoe2G049800.1.p
OG0010057	VIT_205s0020g00010.1, VIT_205s0077g00010.1, VIT_205s0020g00580.1, VIT_205s0077g00020.1	Aqcoe2G262800.2.p, Aqcoe2G262800.1.p
OG0010058	VIT_207s0005g00240.1, VIT_203s0063g01300.1	Aqcoe2G296400.1.p
OG0010059	VIT_204s0043g00830.3, VIT_204s0043g00830.2, VIT_204s0043g00830.1	Aqcoe2G420900.2.p, Aqcoe2G420900.1.p
OG0010060	VIT_205s0049g01880.1	Aqcoe2G383900.1.p
OG0010061	VIT_218s0001g14460.1	Aqcoe6G211600.1.p
OG0010063	VIT_207s0031g02550.1	Aqcoe6G028100.1.p
OG0010064	VIT_208s0040g00940.1, VIT_208s0040g00960.1, VIT_208s0040g00810.1, VIT_213s0084g00130.1	Aqcoe7G183000.1.p, Aqcoe6G256700.1.p
OG0010065	VIT_204s0044g00540.2, VIT_204s0044g00540.1	Aqcoe6G006000.1.p
OG0010066	VIT_211s0078g00180.1	Aqcoe6G072600.1.p
OG0010067	VIT_218s0001g00890.1	Aqcoe6G239600.2.p, Aqcoe6G239600.1.p
OG0010068	VIT_218s0001g01550.1, VIT_215s0048g00100.1, VIT_218s0001g01560.1, VIT_218s0001g01560.2	Aqcoe6G030100.1.p
OG0010069	VIT_200s1336g00020.1, VIT_200s0227g00020.1	Aqcoe6G171100.2.p, Aqcoe6G171100.3.p, Aqcoe6G171100.1.p
OG0010070	VIT_204s0044g01240.1	Aqcoe6G037200.1.p
OG0010071	VIT_203s0038g03640.1, VIT_203s0038g03640.2, VIT_203s0038g03640.3	Aqcoe6G184700.1.p, Aqcoe6G184700.2.p, Aqcoe6G184700.3.p
OG0010072	VIT_218s0001g12910.1	Aqcoe6G126300.1.p
OG0010073	VIT_218s0001g07100.1	Aqcoe6G157300.1.p
OG0010074	VIT_200s0338g00050.1, VIT_200s0684g00040.1	Aqcoe6G228500.1.p
OG0010075	VIT_218s0001g11040.2, VIT_218s0001g11040.1	Aqcoe6G147100.1.p
OG0010076	VIT_218s0001g02740.1	Aqcoe6G022700.1.p
OG0010077	VIT_218s0001g02590.1, VIT_218s0001g02580.1	Aqcoe6G047100.1.p
OG0010079	VIT_204s0023g01940.1, VIT_204s0023g01940.2	Aqcoe6G122100.1.p
OG0010080	VIT_200s0477g00060.1	Aqcoe6G074800.1.p
OG0010081	VIT_207s0031g00040.1	Aqcoe6G311700.1.p
OG0010082	VIT_218s0001g00840.1	Aqcoe6G240600.1.p
OG0010083	VIT_204s0008g01350.1	Aqcoe6G033400.1.p
OG0010084	VIT_203s0097g00580.1, VIT_200s0415g00070.1	Aqcoe6G067600.1.p
OG0010085	VIT_207s0129g00640.1, VIT_218s0001g09530.2, VIT_218s0001g09530.1	Aqcoe6G301300.2.p, Aqcoe6G301300.3.p, Aqcoe6G301300.1.p
OG0010086	VIT_207s0129g00190.1	Aqcoe6G282300.2.p, Aqcoe6G282300.1.p
OG0010087	VIT_204s0044g01690.1	Aqcoe6G031000.1.p
OG0010088	VIT_200s1360g00010.1, VIT_200s0918g00010.1	Aqcoe6G193800.1.p, Aqcoe6G193800.2.p, Aqcoe6G193800.3.p
OG0010089	VIT_207s0031g00630.1	Aqcoe5G151600.1.p, Aqcoe6G140300.1.p
OG0010090	VIT_218s0157g00050.1	Aqcoe6G046200.1.p
OG0010091	VIT_212s0057g00970.1	Aqcoe6G044000.1.p
OG0010092	VIT_200s0471g00030.3, VIT_200s0471g00030.2, VIT_200s0471g00030.1	Aqcoe6G269700.2.p, Aqcoe6G269700.1.p, Aqcoe6G269700.3.p
OG0010093	VIT_218s0001g02750.1	Aqcoe6G022600.1.p
OG0010094	VIT_210s0003g00640.1	Aqcoe6G187600.1.p, Aqcoe4G068900.1.p
OG0010095	VIT_215s0046g00350.2, VIT_215s0046g00350.4, VIT_215s0046g00350.1, VIT_215s0046g00350.3	Aqcoe3G127100.1.p, Aqcoe6G032700.1.p
OG0010096	VIT_200s0510g00010.1	Aqcoe6G215700.1.p, Aqcoe6G215700.2.p
OG0010097	VIT_218s0001g14960.1	Aqcoe6G028400.1.p
OG0010098	VIT_207s0129g00550.1, VIT_218s0001g09430.1	Aqcoe6G295800.1.p
OG0010100	VIT_204s0044g00890.1, VIT_204s0044g00890.3, VIT_204s0044g00890.2	Aqcoe6G041500.1.p, Aqcoe6G041500.2.p
OG0010101	VIT_207s0031g01560.1	Aqcoe6G051600.1.p
OG0010102	VIT_216s0098g00880.1	Aqcoe6G260700.2.p, Aqcoe6G260700.1.p
OG0010103	VIT_218s0001g03190.1	Aqcoe6G019100.1.p, Aqcoe6G019100.2.p
OG0010104	VIT_207s0031g01540.1, VIT_207s0031g01540.2	Aqcoe6G051700.1.p, Aqcoe6G051700.2.p
OG0010105	VIT_204s0044g00630.4, VIT_204s0044g00630.5, VIT_204s0044g00630.6, VIT_204s0044g00630.2, VIT_204s0044g00630.3, VIT_204s0044g00630.1	Aqcoe6G039900.1.p
OG0010106	VIT_218s0001g00190.1	Aqcoe6G191400.1.p
OG0010107	VIT_200s0218g00040.1	Aqcoe6G157500.1.p
OG0010108	VIT_204s0023g02660.3, VIT_204s0023g02660.2, VIT_204s0023g02660.1	Aqcoe6G130400.1.p
OG0010109	VIT_218s0001g03390.1	Aqcoe6G142200.1.p
OG0010110	VIT_218s0001g05440.3, VIT_218s0001g05440.2, VIT_218s0001g05440.1	Aqcoe6G088700.1.p
OG0010111	VIT_213s0047g00490.1	Aqcoe6G207800.1.p
OG0010112	VIT_207s0129g00470.1, VIT_207s0129g00470.3, VIT_207s0129g00470.4	Aqcoe6G291300.1.p
OG0010113	VIT_218s0001g14080.1, VIT_218s0001g14080.2	Aqcoe6G052900.1.p, Aqcoe5G207500.1.p
OG0010114	VIT_200s0510g00040.1	Aqcoe6G205200.1.p
OG0010115	VIT_218s0001g09030.1	Aqcoe6G277100.2.p, Aqcoe6G277100.1.p
OG0010116	VIT_200s0802g00020.1	Aqcoe6G273800.1.p
OG0010117	VIT_218s0001g03450.1	Aqcoe6G017200.1.p
OG0010118	VIT_200s0601g00040.1, VIT_207s0129g00010.1	Aqcoe6G278400.2.p, Aqcoe6G278400.1.p
OG0010119	VIT_200s0379g00060.1, VIT_200s0379g00060.4, VIT_200s0379g00060.2, VIT_200s0379g00060.5, VIT_200s0379g00060.3	Aqcoe6G150900.1.p, Aqcoe6G150900.2.p
OG0010120	VIT_212s0028g02960.2, VIT_212s0028g02960.1	Aqcoe1G247900.1.p, Aqcoe1G348400.1.p, Aqcoe6G207400.1.p
OG0010122	VIT_219s0014g04980.1	Aqcoe1G369300.2.p, Aqcoe1G369300.1.p, Aqcoe0854s0001.1.p, Aqcoe1G369500.1.p
OG0010123	VIT_212s0028g01820.3, VIT_212s0028g01820.1, VIT_212s0028g01820.4	Aqcoe4G036000.1.p
OG0010124	VIT_219s0090g01240.1	Aqcoe4G288100.1.p
OG0010125	VIT_218s0001g14520.1	Aqcoe5G212100.1.p
OG0010126	VIT_210s0003g03170.1	Aqcoe4G009200.1.p, Aqcoe4G299500.1.p, Aqcoe4G236600.1.p
OG0010127	VIT_215s0021g01180.1, VIT_215s0021g01180.2	Aqcoe4G190400.1.p, Aqcoe3G245600.1.p
OG0010128	VIT_210s0003g01335.1	Aqcoe4G247800.1.p, Aqcoe0326s0001.1.p, Aqcoe1G224600.1.p, Aqcoe1G224400.1.p, Aqcoe1G224500.1.p, Aqcoe4G262000.1.p, Aqcoe1G224700.1.p, Aqcoe4G278800.1.p, Aqcoe4G042600.1.p
OG0010129	VIT_214s0083g00610.1	Aqcoe4G160000.1.p, Aqcoe5G142300.1.p, Aqcoe5G142200.1.p
OG0010131	VIT_200s0187g00340.1, VIT_200s0187g00300.1	Aqcoe4G286200.1.p
OG0010132	VIT_200s0226g00030.2, VIT_200s0226g00030.1	Aqcoe4G269000.1.p
OG0010133	VIT_212s0057g01000.4, VIT_212s0057g01000.2, VIT_212s0057g01000.1, VIT_212s0057g01000.3	Aqcoe4G311500.1.p
OG0010134	VIT_201s0011g01130.1, VIT_201s0011g01130.2	Aqcoe4G227800.2.p, Aqcoe4G227800.1.p
OG0010135	VIT_210s0003g02780.2, VIT_210s0003g02780.1	Aqcoe4G013400.1.p
OG0010136	VIT_219s0090g01650.1	Aqcoe4G274200.1.p
OG0010137	VIT_219s0014g02160.3, VIT_219s0014g02160.2, VIT_219s0014g02160.4, VIT_219s0014g02160.1, VIT_210s0003g00180.1	Aqcoe4G085300.1.p
OG0010138	VIT_212s0059g01470.1	Aqcoe4G296600.1.p
OG0010139	VIT_212s0028g01970.1	Aqcoe4G036600.1.p
OG0010140	VIT_210s0597g00030.1, VIT_210s0597g00030.2	Aqcoe4G117000.1.p
OG0010141	VIT_200s0975g00020.1	Aqcoe4G233800.1.p, Aqcoe0009s0022.1.p
OG0010142	VIT_211s0149g00050.1, VIT_211s0149g00050.2	Aqcoe4G008600.1.p, Aqcoe4G008600.2.p
OG0010143	VIT_209s0002g04050.1, VIT_209s0002g04040.1	Aqcoe7G162200.1.p
OG0010143	VIT_204s0008g03540.1	Aqcoe4G258800.1.p, Aqcoe7G414100.1.p
OG0010144	VIT_200s0265g00100.1	Aqcoe4G099900.1.p
OG0010144	VIT_200s0265g00110.1, VIT_200s1557g00020.1	Aqcoe1G262500.1.p
OG0010145	VIT_212s0142g00260.1	Aqcoe4G022600.1.p, Aqcoe4G022600.2.p
OG0010146	VIT_219s0014g04970.2, VIT_219s0014g04970.3, VIT_219s0014g04970.4, VIT_219s0014g04970.1	Aqcoe4G252400.1.p
OG0010147	VIT_212s0028g01740.1, VIT_212s0028g01740.2	Aqcoe4G031900.1.p
OG0010148	VIT_217s0000g10190.2, VIT_217s0000g10190.4, VIT_217s0000g10190.1, VIT_217s0000g10190.3	Aqcoe4G206400.1.p
OG0010149	VIT_206s0080g00550.1	Aqcoe4G005500.1.p, Aqcoe1G169400.1.p
OG0010150	VIT_209s0002g06560.1, VIT_209s0002g06560.3, VIT_209s0002g06560.2	Aqcoe7G389500.2.p, Aqcoe7G389500.1.p
OG0010151	VIT_211s0052g00500.1	Aqcoe7G249800.1.p, Aqcoe7G249800.3.p, Aqcoe7G249800.2.p
OG0010152	VIT_203s0091g01220.1	Aqcoe7G251500.1.p, Aqcoe7G136200.1.p, Aqcoe7G251600.1.p
OG0010153	VIT_211s0016g00920.1	Aqcoe7G432600.1.p
OG0010154	VIT_211s0016g03010.1	Aqcoe7G146300.1.p, Aqcoe7G146300.2.p, Aqcoe7G146300.3.p, Aqcoe7G436100.1.p, Aqcoe7G436100.2.p
OG0010155	VIT_209s0002g00840.1	Aqcoe7G423400.2.p, Aqcoe7G423400.1.p
OG0010156	VIT_209s0002g06960.2, VIT_209s0002g06960.1	Aqcoe7G234000.1.p, Aqcoe7G234000.2.p, Aqcoe7G234000.3.p
OG0010157	VIT_213s0047g00070.1, VIT_213s0047g00090.1, VIT_202s0033g00570.1	Aqcoe7G372300.1.p
OG0010158	VIT_209s0002g00330.1	Aqcoe7G441800.1.p, Aqcoe5G253800.1.p
OG0010159	VIT_215s0046g01420.3, VIT_215s0046g01420.1, VIT_215s0046g01420.2, VIT_215s0046g01420.4	Aqcoe7G021600.1.p
OG0010160	VIT_211s0037g00880.1, VIT_211s0037g00880.2	Aqcoe7G343100.3.p, Aqcoe7G343100.2.p, Aqcoe7G343100.1.p
OG0010161	VIT_216s0098g01670.1, VIT_216s0098g01670.2	Aqcoe7G356600.2.p, Aqcoe7G356600.1.p
OG0010162	VIT_204s0008g01100.1	Aqcoe7G425500.1.p
OG0010163	VIT_215s0046g00340.3, VIT_215s0046g00340.4, VIT_215s0046g00340.1, VIT_215s0046g00340.2	Aqcoe7G008300.1.p
OG0010164	VIT_204s0008g03890.1	Aqcoe7G177800.1.p
OG0010166	VIT_204s0008g01060.1	Aqcoe7G124900.2.p, Aqcoe7G124900.1.p, Aqcoe7G124900.3.p
OG0010167	VIT_211s0149g00140.1, VIT_211s0149g00140.2	Aqcoe7G366500.2.p, Aqcoe7G366500.1.p
OG0010168	VIT_209s0054g01570.2, VIT_209s0054g01570.1	Aqcoe7G238800.1.p
OG0010169	VIT_215s0048g00470.1	Aqcoe7G077100.1.p
OG0010170	VIT_211s0016g03150.1	Aqcoe7G150200.2.p, Aqcoe7G150200.1.p
OG0010171	VIT_216s0050g02650.1	Aqcoe7G014000.1.p
OG0010172	VIT_211s0016g02520.2, VIT_211s0016g02520.3, VIT_211s0016g02520.1	Aqcoe7G133000.1.p
OG0010174	VIT_211s0016g00130.1	Aqcoe7G360400.1.p
OG0010175	VIT_202s0025g02000.1	Aqcoe7G007200.2.p, Aqcoe7G007200.1.p
OG0010176	VIT_208s0040g00250.2, VIT_208s0040g00250.1, VIT_208s0040g00250.3	Aqcoe7G360000.1.p
OG0010177	VIT_202s0025g03300.1	Aqcoe7G029600.1.p
OG0010178	VIT_211s0016g03400.1	Aqcoe7G412700.1.p, Aqcoe7G160800.1.p
OG0010179	VIT_216s0022g02290.1	Aqcoe7G055500.1.p
OG0010180	VIT_209s0002g05680.1	Aqcoe7G204600.1.p
OG0010181	VIT_215s0024g00640.1	Aqcoe7G097900.1.p
OG0010182	VIT_211s0103g00190.1	Aqcoe7G288400.1.p
OG0010183	VIT_202s0025g03660.1, VIT_216s0050g00390.1	Aqcoe7G037000.1.p
OG0010184	VIT_211s0052g00710.1	Aqcoe7G306300.2.p, Aqcoe7G306300.1.p
OG0010185	VIT_210s0116g00030.1, VIT_210s0116g00090.1	Aqcoe7G183400.1.p
OG0010186	VIT_203s0038g04360.1	Aqcoe7G310200.1.p
OG0010187	VIT_202s0025g04610.2, VIT_202s0025g04610.1	Aqcoe7G052000.1.p
OG0010188	VIT_209s0002g07860.1	Aqcoe7G376500.2.p, Aqcoe7G376500.1.p, Aqcoe7G281600.1.p
OG0010189	VIT_204s0008g03320.1	Aqcoe7G411600.1.p
OG0010190	VIT_202s0025g04140.1	Aqcoe7G044100.1.p, Aqcoe5G414900.1.p, Aqcoe5G414900.2.p
OG0010191	VIT_209s0002g00920.3, VIT_209s0002g00920.2, VIT_209s0002g00920.1	Aqcoe7G431500.1.p
OG0010192	VIT_206s0004g05770.1, VIT_209s0002g06790.1	Aqcoe7G265300.1.p
OG0010193	VIT_211s0016g03140.1	Aqcoe7G420700.1.p
OG0010194	VIT_211s0016g00760.1	Aqcoe7G029700.1.p, Aqcoe3G088600.1.p
OG0010195	VIT_205s0124g00580.1	Aqcoe7G418800.1.p
OG0010196	VIT_201s0026g01070.2, VIT_201s0026g01070.1	Aqcoe7G331200.1.p
OG0010197	VIT_218s0075g01040.1, VIT_211s0016g01740.1	Aqcoe7G121200.1.p, Aqcoe7G121000.1.p
OG0010198	VIT_215s0048g00380.1	Aqcoe7G072800.1.p
OG0010199	VIT_202s0025g00890.1, VIT_215s0046g01460.1	Aqcoe7G022100.2.p, Aqcoe7G022100.1.p, Aqcoe5G442700.1.p
OG0010200	VIT_204s0008g05190.1	Aqcoe7G216200.3.p, Aqcoe7G216200.2.p, Aqcoe7G216200.1.p
OG0010201	VIT_209s0054g01030.2, VIT_209s0054g01030.1	Aqcoe7G285700.1.p, Aqcoe7G285700.2.p, Aqcoe7G285700.3.p
OG0010202	VIT_200s0551g00010.1, VIT_200s0551g00010.2	Aqcoe7G075900.1.p, Aqcoe7G093200.1.p
OG0010203	VIT_201s0010g00960.1, VIT_209s0002g04460.1	Aqcoe7G400400.1.p, Aqcoe7G399600.1.p, Aqcoe7G400300.1.p
OG0010204	VIT_203s0063g00530.1	Aqcoe5G153200.1.p, Aqcoe7G105600.1.p, Aqcoe5G153100.1.p
OG0010205	VIT_204s0008g06780.3, VIT_204s0008g06780.1, VIT_204s0008g06780.2	Aqcoe7G351600.1.p
OG0010206	VIT_209s0054g01025.1	Aqcoe7G285600.1.p
OG0010207	VIT_211s0016g03900.1	Aqcoe7G176900.1.p
OG0010208	VIT_215s0046g02180.1	Aqcoe7G204800.1.p
OG0010209	VIT_211s0016g00040.1	Aqcoe7G359300.1.p
OG0010210	VIT_215s0048g02750.1	Aqcoe7G001300.1.p
OG0010211	VIT_204s0008g01950.1	Aqcoe7G112100.1.p, Aqcoe7G112000.1.p
OG0010212	VIT_204s0008g03690.1	Aqcoe7G170000.1.p
OG0010213	VIT_211s0016g04650.1	Aqcoe7G205400.1.p
OG0010214	VIT_209s0018g01610.1	Aqcoe7G259700.1.p, Aqcoe7G259700.2.p, Aqcoe7G259700.3.p
OG0010215	VIT_205s0020g02510.1	Aqcoe7G017400.1.p
OG0010216	VIT_202s0025g02340.1	Aqcoe7G004600.1.p
OG0010217	VIT_209s0018g01780.3, VIT_209s0018g01780.4, VIT_209s0018g01780.1, VIT_209s0018g01780.2	Aqcoe7G317400.1.p
OG0010218	VIT_205s0020g00245.1	Aqcoe3G383600.1.p
OG0010219	VIT_202s0025g04720.2, VIT_202s0025g04720.1	Aqcoe7G054400.1.p
OG0010220	VIT_209s0002g08410.1	Aqcoe7G375200.1.p
OG0010221	VIT_211s0016g03280.3, VIT_211s0016g03280.2, VIT_211s0016g03280.1	Aqcoe7G411400.1.p
OG0010222	VIT_216s0050g00710.1	Aqcoe7G030900.1.p
OG0010223	VIT_207s0031g00470.1, VIT_207s0031g00470.3, VIT_207s0031g00470.2	Aqcoe7G302200.1.p, Aqcoe7G302200.2.p
OG0010224	VIT_211s0016g00450.1, VIT_211s0016g00450.4	Aqcoe7G439200.1.p
OG0010225	VIT_218s0117g00180.1	Aqcoe0278s0001.1.p, Aqcoe0278s0001.2.p, Aqcoe7G293400.1.p
OG0010226	VIT_211s0016g04830.1	Aqcoe7G215300.1.p
OG0010227	VIT_215s0021g00930.1	Aqcoe7G276000.1.p
OG0010228	VIT_215s0046g01770.1	Aqcoe7G031400.1.p
OG0010229	VIT_201s0010g01870.1	Aqcoe7G099000.1.p
OG0010230	VIT_209s0018g00620.1, VIT_209s0018g00620.2	Aqcoe7G355300.1.p
OG0010231	VIT_204s0008g04730.1, VIT_204s0008g04730.2	Aqcoe7G208700.1.p
OG0010232	VIT_211s0016g04530.1, VIT_211s0016g04530.2	Aqcoe7G196200.1.p, Aqcoe7G196200.2.p
OG0010233	VIT_202s0025g00690.3, VIT_202s0025g00690.1, VIT_202s0025g00690.2	Aqcoe7G023000.1.p
OG0010234	VIT_209s0002g06530.1, VIT_209s0002g06530.2	Aqcoe7G390500.1.p
OG0010235	VIT_202s0025g01700.1	Aqcoe7G008200.1.p, Aqcoe7G008200.2.p, Aqcoe7G008200.3.p, Aqcoe7G008200.4.p
OG0010236	VIT_209s0070g00470.1	Aqcoe7G252300.1.p
OG0010237	VIT_200s1343g00010.1, VIT_200s1343g00010.2, VIT_200s1343g00010.3, VIT_200s0598g00030.1	Aqcoe7G351100.2.p, Aqcoe7G351100.1.p
OG0010238	VIT_204s0008g06870.1	Aqcoe7G347700.1.p
OG0010239	VIT_215s0046g00070.1	Aqcoe7G004400.1.p
OG0010240	VIT_209s0002g04170.3, VIT_209s0002g04170.2, VIT_209s0002g04170.1	Aqcoe7G168300.1.p
OG0010241	VIT_215s0021g01550.1	Aqcoe7G094400.3.p, Aqcoe7G094400.2.p, Aqcoe7G094400.1.p
OG0010242	VIT_202s0025g01220.1	Aqcoe7G015400.1.p
OG0010243	VIT_216s0050g00800.1	Aqcoe7G029400.3.p, Aqcoe7G029400.1.p, Aqcoe7G029400.2.p
OG0010244	VIT_211s0016g03590.4, VIT_211s0016g03590.3, VIT_211s0016g03590.1, VIT_211s0016g03590.5, VIT_211s0016g03590.2	Aqcoe7G166700.1.p, Aqcoe7G166700.2.p, Aqcoe7G166700.4.p, Aqcoe7G166700.3.p
OG0010245	VIT_216s0050g02440.3, VIT_216s0050g02440.1, VIT_216s0050g02440.2	Aqcoe7G073800.2.p, Aqcoe7G073800.1.p
OG0010246	VIT_204s0008g05690.1	Aqcoe7G231800.1.p, Aqcoe7G231800.3.p, Aqcoe7G231800.2.p
OG0010247	VIT_211s0037g00330.2, VIT_211s0037g00330.1	Aqcoe7G283300.1.p
OG0010248	VIT_218s0122g00670.1, VIT_218s0122g00670.2	Aqcoe7G426700.1.p
OG0010249	VIT_209s0002g00910.1	Aqcoe7G109100.1.p
OG0010250	VIT_216s0050g01490.1	Aqcoe7G021300.1.p
OG0010251	VIT_216s0022g02350.3, VIT_216s0022g02350.4, VIT_216s0022g02350.1, VIT_216s0022g02350.2	Aqcoe7G053500.1.p
OG0010252	VIT_213s0074g00730.1, VIT_206s0061g01560.1	Aqcoe1G452200.1.p
OG0010253	VIT_206s0061g01100.2, VIT_206s0061g01100.3, VIT_206s0061g01100.1	Aqcoe1G118900.1.p
OG0010254	VIT_210s0116g00130.1	Aqcoe1G343600.2.p, Aqcoe1G343600.3.p, Aqcoe1G343600.1.p
OG0010255	VIT_200s0274g00045.1, VIT_200s0271g00085.1	Aqcoe1G372800.1.p
OG0010256	VIT_212s0028g02380.1, VIT_212s0028g02380.2	Aqcoe1G286100.1.p
OG0010257	VIT_219s0027g00470.1	Aqcoe1G183100.2.p, Aqcoe1G183100.1.p
OG0010258	VIT_206s0004g03230.1	Aqcoe1G492400.1.p
OG0010259	VIT_213s0019g04890.1	Aqcoe1G128400.1.p
OG0010260	VIT_210s0003g05490.2, VIT_210s0003g05490.1	Aqcoe1G172800.1.p, Aqcoe1G172800.2.p, Aqcoe1G172800.3.p
OG0010262	VIT_208s0007g03720.1	Aqcoe1G453400.2.p, Aqcoe1G453400.1.p
OG0010263	VIT_210s0003g01430.1	Aqcoe1G222100.1.p, Aqcoe1G293200.1.p
OG0010264	VIT_206s0009g03510.1	Aqcoe1G054600.1.p
OG0010265	VIT_207s0005g03110.1	Aqcoe1G204600.1.p
OG0010266	VIT_216s0098g00870.1	Aqcoe1G412500.1.p
OG0010267	VIT_202s0033g00626.1, VIT_212s0028g02140.1	Aqcoe1G224800.1.p
OG0010268	VIT_210s0003g02660.1, VIT_210s0003g02660.2	Aqcoe1G206100.1.p
OG0010269	VIT_208s0058g00370.1	Aqcoe1G152600.1.p
OG0010270	VIT_212s0034g01770.1	Aqcoe1G483300.1.p
OG0010271	VIT_212s0028g00570.2, VIT_212s0028g00570.1	Aqcoe1G193000.1.p
OG0010272	VIT_212s0028g02623.1	Aqcoe1G245200.1.p
OG0010273	VIT_208s0040g01850.1	Aqcoe1G143600.2.p, Aqcoe1G143600.1.p
OG0010274	VIT_202s0234g00060.1	Aqcoe3G266700.1.p
OG0010275	VIT_208s0007g04760.1, VIT_208s0007g04760.2	Aqcoe1G127300.1.p
OG0010276	VIT_206s0004g05920.1	Aqcoe1G087900.1.p
OG0010277	VIT_208s0007g08710.1, VIT_208s0007g08710.3, VIT_208s0007g08710.4, VIT_208s0007g08710.2	Aqcoe1G037700.1.p
OG0010278	VIT_219s0090g00570.1	Aqcoe1G232000.1.p
OG0010280	VIT_208s0007g02230.1	Aqcoe1G422800.1.p, Aqcoe1G422900.1.p
OG0010281	VIT_206s0004g04920.1	Aqcoe1G109300.1.p
OG0010282	VIT_213s0101g00510.1	Aqcoe1G441300.1.p
OG0010283	VIT_208s0040g00400.1, VIT_212s0028g03235.1	Aqcoe1G010700.1.p
OG0010284	VIT_212s0035g01400.3, VIT_212s0035g01400.2, VIT_212s0035g01400.1	Aqcoe1G025800.1.p, Aqcoe1G025800.2.p
OG0010285	VIT_205s0020g02440.1	Aqcoe1G044100.1.p
OG0010286	VIT_219s0090g01020.1	Aqcoe1G342000.1.p
OG0010287	VIT_206s0080g00260.1	Aqcoe1G448000.1.p
OG0010288	VIT_213s0074g00470.1, VIT_213s0074g00470.3, VIT_213s0074g00470.4, VIT_213s0074g00470.2	Aqcoe1G111400.1.p
OG0010289	VIT_213s0019g05380.1	Aqcoe1G124000.1.p, Aqcoe1G124000.3.p, Aqcoe1G124000.2.p
OG0010290	VIT_207s0031g00390.1, VIT_207s0031g00370.1, VIT_207s0031g00400.1	Aqcoe1G246000.1.p
OG0010291	VIT_206s0004g00260.2, VIT_206s0004g00260.4, VIT_206s0004g00260.3, VIT_206s0004g00260.1	Aqcoe1G060200.1.p
OG0010292	VIT_206s0004g06140.1	Aqcoe1G430900.1.p
OG0010293	VIT_201s0010g00380.1, VIT_201s0010g03820.1	Aqcoe1G160900.1.p
OG0010294	VIT_206s0061g00940.1	Aqcoe1G121000.1.p
OG0010295	VIT_210s0116g01735.1	Aqcoe1G234700.1.p
OG0010296	VIT_219s0015g00910.1	Aqcoe1G138400.2.p, Aqcoe1G138400.1.p
OG0010298	VIT_208s0058g00530.1	Aqcoe1G149800.1.p, Aqcoe1G149800.2.p
OG0010299	VIT_216s0098g00320.2, VIT_216s0098g00320.1	Aqcoe1G116000.1.p, Aqcoe1G117400.1.p
OG0010300	VIT_210s0003g00800.1, VIT_212s0028g02580.1	Aqcoe1G241100.1.p
OG0010301	VIT_206s0004g01530.1	Aqcoe1G019600.1.p, Aqcoe1G019600.3.p, Aqcoe1G019600.2.p
OG0010302	VIT_219s0085g01190.1	Aqcoe1G155800.1.p
OG0010303	VIT_206s0009g00240.2, VIT_206s0009g00240.1	Aqcoe1G076800.1.p
OG0010304	VIT_219s0014g00990.3, VIT_219s0014g00990.2, VIT_219s0014g00990.1, VIT_219s0014g00990.4	Aqcoe1G219200.2.p, Aqcoe1G219200.1.p
OG0010305	VIT_219s0085g01030.1	Aqcoe1G160500.1.p
OG0010306	VIT_208s0058g01070.1, VIT_213s0067g02500.1	Aqcoe1G399100.1.p
OG0010307	VIT_212s0028g00260.1	Aqcoe1G202000.1.p
OG0010308	VIT_206s0004g04485.1	Aqcoe1G464700.1.p
OG0010309	VIT_219s0015g00650.3, VIT_219s0015g00650.2, VIT_219s0015g00650.4, VIT_219s0015g00650.1	Aqcoe1G389800.2.p, Aqcoe1G389800.1.p
OG0010310	VIT_208s0007g01720.2, VIT_208s0007g01720.4, VIT_208s0007g01720.1, VIT_208s0007g01720.3	Aqcoe3G036900.1.p, Aqcoe1G087200.1.p
OG0010311	VIT_210s0003g00010.1	Aqcoe1G259100.1.p
OG0010311	VIT_200s0838g00020.1	Aqcoe1G259200.1.p
OG0010312	VIT_218s0001g12060.1, VIT_218s0001g12050.1, VIT_213s0064g01055.1	Aqcoe1G116200.1.p
OG0010313	VIT_208s0007g05350.1	Aqcoe1G041900.1.p
OG0010314	VIT_213s0067g01680.1	Aqcoe1G153000.1.p
OG0010315	VIT_208s0007g00350.1, VIT_206s0004g04720.1	Aqcoe1G460500.1.p
OG0010316	VIT_201s0011g03660.1	Aqcoe3G035700.1.p, Aqcoe1G381600.1.p
OG0010317	VIT_206s0004g02220.1	Aqcoe1G032800.1.p
OG0010318	VIT_212s0034g01000.1	Aqcoe1G408700.1.p
OG0010319	VIT_201s0026g00760.1	Aqcoe1G078100.1.p
OG0010320	VIT_212s0059g01560.1	Aqcoe1G336400.1.p
OG0010321	VIT_206s0080g00790.1	Aqcoe1G438900.1.p
OG0010322	VIT_218s0001g03550.1	Aqcoe1G071700.1.p, Aqcoe1G071700.2.p
OG0010323	VIT_200s0508g00040.3, VIT_200s0508g00040.2, VIT_200s0508g00040.1	Aqcoe1G386600.1.p
OG0010324	VIT_208s0040g00670.3, VIT_208s0040g00670.2, VIT_208s0040g00670.1	Aqcoe1G005800.1.p
OG0010325	VIT_206s0004g03000.4, VIT_206s0004g03000.3, VIT_206s0004g03000.2, VIT_206s0004g03000.1	Aqcoe1G286500.1.p
OG0010326	VIT_206s0004g06970.2, VIT_206s0004g06970.1	Aqcoe1G408800.1.p
OG0010327	VIT_208s0007g08980.6, VIT_208s0007g08980.8, VIT_208s0007g08980.5, VIT_208s0007g08980.2, VIT_208s0007g08980.4, VIT_208s0007g08980.1, VIT_208s0007g08980.7, VIT_208s0007g08980.3	Aqcoe1G033300.1.p
OG0010328	VIT_219s0027g01920.1, VIT_219s0027g01920.2	Aqcoe1G008300.1.p
OG0010329	VIT_210s0116g01560.1, VIT_210s0116g01560.2	Aqcoe1G292500.1.p
OG0010330	VIT_210s0003g04490.1, VIT_210s0003g04490.2	Aqcoe1G184900.1.p
OG0010331	VIT_212s0028g00220.3, VIT_212s0028g00220.1, VIT_212s0028g00220.2, VIT_212s0028g00220.4	Aqcoe1G019000.1.p
OG0010332	VIT_206s0061g01530.2, VIT_206s0061g01530.1, VIT_212s0034g00120.1	Aqcoe1G452600.1.p
OG0010333	VIT_212s0059g01260.1	Aqcoe1G340700.1.p, Aqcoe1G340700.2.p, Aqcoe1G340700.3.p
OG0010334	VIT_206s0004g01340.1	Aqcoe1G018400.2.p, Aqcoe1G018400.1.p, Aqcoe1G018400.3.p
OG0010335	VIT_208s0007g08700.1	Aqcoe1G037800.1.p
OG0010336	VIT_205s0020g01670.2, VIT_205s0020g01670.1	Aqcoe1G177800.1.p, Aqcoe1G177800.2.p
OG0010337	VIT_213s0019g03490.1	Aqcoe1G485100.1.p
OG0010338	VIT_213s0067g03290.1	Aqcoe1G486000.1.p
OG0010339	VIT_208s0032g01210.1	Aqcoe1G072000.1.p
OG0010340	VIT_212s0059g01060.1	Aqcoe1G298900.1.p
OG0010341	VIT_213s0084g00650.1, VIT_213s0084g00650.2, VIT_213s0084g00650.3	Aqcoe1G046500.1.p
OG0010342	VIT_208s0007g01960.1	Aqcoe1G430100.1.p, Aqcoe1G430100.2.p
OG0010343	VIT_206s0004g07630.1	Aqcoe1G395100.2.p, Aqcoe1G395100.1.p
OG0010344	VIT_209s0018g00550.2, VIT_209s0018g00550.1	Aqcoe1G344700.1.p
OG0010345	VIT_207s0104g01610.1, VIT_207s0104g01610.2, VIT_207s0104g01610.3	Aqcoe1G167100.1.p
OG0010346	VIT_206s0004g01780.1	Aqcoe1G028100.1.p
OG0010347	VIT_206s0004g05970.1	Aqcoe1G085700.1.p
OG0010348	VIT_207s0005g06600.1	Aqcoe1G170100.1.p
OG0010349	VIT_206s0004g01920.1	Aqcoe1G021200.1.p
OG0010350	VIT_210s0116g01910.1	Aqcoe1G239200.1.p
OG0010351	VIT_203s0038g00720.1, VIT_203s0038g00720.2	Aqcoe5G177900.1.p
OG0010352	VIT_217s0000g03595.1, VIT_201s0011g03650.1	Aqcoe3G035800.1.p, Aqcoe5G374500.1.p
OG0010353	VIT_207s0104g01080.1	Aqcoe5G070900.1.p
OG0010354	VIT_207s0005g03680.1	Aqcoe5G023400.2.p, Aqcoe5G023400.1.p
OG0010355	VIT_200s0483g00010.1	Aqcoe5G167200.1.p
OG0010356	VIT_212s0035g00840.1	Aqcoe5G334600.1.p
OG0010357	VIT_205s0094g01390.1	Aqcoe5G003600.2.p, Aqcoe5G003600.1.p
OG0010358	VIT_214s0128g00440.1, VIT_214s0128g00440.2	Aqcoe5G058900.1.p
OG0010359	VIT_204s0044g00500.1	Aqcoe5G248100.1.p
OG0010360	VIT_206s0009g03810.1	Aqcoe5G081900.1.p
OG0010361	VIT_207s0130g00170.2, VIT_207s0130g00170.1, VIT_207s0130g00170.3	Aqcoe5G216800.1.p
OG0010362	VIT_218s0001g12180.1, VIT_218s0001g12200.1	Aqcoe5G197200.1.p
OG0010363	VIT_206s0004g02660.2, VIT_206s0004g02660.1	Aqcoe5G259500.1.p
OG0010364	VIT_212s0035g01780.1	Aqcoe5G217900.1.p
OG0010365	VIT_202s0025g01360.1	Aqcoe5G456200.1.p
OG0010366	VIT_205s0049g01290.1	Aqcoe5G022600.1.p
OG0010367	VIT_216s0039g01020.1	Aqcoe5G063700.1.p
OG0010368	VIT_216s0013g01990.1	Aqcoe5G410400.1.p
OG0010369	VIT_216s0050g01810.2, VIT_216s0050g01810.1	Aqcoe5G438400.1.p, Aqcoe5G438400.2.p
OG0010370	VIT_204s0023g01470.1	Aqcoe5G196500.1.p
OG0010371	VIT_201s0146g00510.2, VIT_201s0146g00510.1	Aqcoe3G217100.1.p
OG0010372	VIT_207s0005g01710.1, VIT_205s0077g00730.1	Aqcoe5G135500.1.p, Aqcoe0077s0002.1.p
OG0010373	VIT_207s0005g00650.1, VIT_207s0005g00650.2	Aqcoe5G090000.1.p
OG0010374	VIT_218s0072g00710.1	Aqcoe5G247800.1.p
OG0010375	VIT_207s0185g00040.5, VIT_207s0185g00040.1, VIT_207s0185g00040.4, VIT_207s0185g00040.3, VIT_207s0185g00040.2	Aqcoe5G001100.1.p
OG0010376	VIT_203s0063g00580.1	Aqcoe5G154000.1.p
OG0010377	VIT_205s0062g00890.2, VIT_205s0062g00890.1	Aqcoe5G003700.1.p
OG0010378	VIT_205s0020g02220.1	Aqcoe5G068700.1.p
OG0010379	VIT_215s0046g02140.1	Aqcoe5G413300.1.p
OG0010380	VIT_214s0068g00660.3, VIT_214s0068g00660.4, VIT_214s0068g00660.2, VIT_214s0068g00660.1	Aqcoe5G317900.1.p
OG0010381	VIT_207s0005g01170.1	Aqcoe5G016400.2.p, Aqcoe5G016400.1.p
OG0010382	VIT_215s0107g00240.1	Aqcoe3G436500.3.p, Aqcoe3G436500.1.p, Aqcoe3G436500.2.p, Aqcoe5G344600.1.p, Aqcoe5G344600.2.p
OG0010383	VIT_207s0005g00070.1	Aqcoe5G084200.1.p
OG0010384	VIT_216s0050g02450.1	Aqcoe5G443200.3.p, Aqcoe5G443200.1.p, Aqcoe5G443200.2.p
OG0010385	VIT_200s1232g00030.1	Aqcoe5G102700.1.p
OG0010386	VIT_203s0038g02810.2, VIT_203s0038g02810.1, VIT_203s0038g02810.3	Aqcoe5G129700.1.p
OG0010387	VIT_201s0150g00290.1	Aqcoe5G331500.1.p
OG0010388	VIT_208s0007g05580.1	Aqcoe5G019000.1.p
OG0010390	VIT_215s0046g01330.2, VIT_215s0046g01330.3, VIT_215s0046g01330.1	Aqcoe5G447000.1.p
OG0010391	VIT_207s0141g00620.1	Aqcoe5G004400.2.p, Aqcoe5G004400.4.p
OG0010392	VIT_207s0005g00450.1	Aqcoe5G088400.1.p
OG0010393	VIT_217s0000g09160.1, VIT_217s0000g09160.6, VIT_217s0000g09160.4, VIT_217s0000g09160.5, VIT_217s0000g09160.3, VIT_217s0000g09160.2	Aqcoe5G400200.1.p
OG0010394	VIT_218s0001g01770.1	Aqcoe5G282400.1.p
OG0010395	VIT_214s0060g02160.2, VIT_214s0060g02160.1	Aqcoe5G085200.1.p
OG0010396	VIT_214s0068g01050.1	Aqcoe5G327000.3.p, Aqcoe5G327000.2.p, Aqcoe5G327000.1.p
OG0010397	VIT_218s0001g12850.1, VIT_216s0050g00860.1	Aqcoe5G232600.1.p
OG0010398	VIT_219s0027g00700.1, VIT_219s0027g00700.2, VIT_219s0027g00700.3	Aqcoe5G108200.1.p
OG0010399	VIT_214s0068g01180.1	Aqcoe5G348600.1.p, Aqcoe5G338700.1.p
OG0010400	VIT_201s0127g00410.1, VIT_201s0127g00410.3, VIT_201s0127g00410.5, VIT_201s0127g00410.4, VIT_201s0127g00300.1, VIT_201s0127g00410.2	Aqcoe5G294200.1.p
OG0010401	VIT_204s0023g01300.1	Aqcoe5G198400.1.p
OG0010402	VIT_212s0055g00465.2, VIT_212s0055g00465.1, VIT_212s0055g00465.3	Aqcoe5G451000.1.p, Aqcoe5G451100.1.p, Aqcoe5G451300.1.p, Aqcoe5G451200.1.p
OG0010403	VIT_215s0046g02240.1	Aqcoe5G437900.1.p
OG0010404	VIT_218s0001g11250.1	Aqcoe5G206900.1.p
OG0010405	VIT_217s0000g10130.1, VIT_217s0000g10130.2	Aqcoe5G379500.1.p
OG0010406	VIT_214s0060g02190.1, VIT_214s0060g02180.1	Aqcoe5G085700.1.p
OG0010407	VIT_211s0016g02060.1	Aqcoe5G323100.1.p
OG0010408	VIT_205s0049g01390.2, VIT_205s0049g01390.1	Aqcoe5G020800.1.p
OG0010409	VIT_203s0063g02040.2, VIT_203s0063g02040.3, VIT_203s0063g02040.1	Aqcoe5G200500.2.p, Aqcoe5G200500.1.p
OG0010411	VIT_206s0004g03280.1	Aqcoe5G005700.2.p, Aqcoe5G005700.1.p, Aqcoe5G338200.1.p
OG0010412	VIT_205s0077g00860.2, VIT_205s0077g00860.1	Aqcoe5G306700.1.p, Aqcoe5G306700.2.p
OG0010413	VIT_218s0086g00230.1, VIT_218s0086g00510.1	Aqcoe5G273400.1.p
OG0010414	VIT_205s0020g03500.1	Aqcoe5G054700.1.p, Aqcoe5G054700.2.p
OG0010415	VIT_205s0077g01960.1	Aqcoe5G091800.3.p, Aqcoe5G091800.2.p, Aqcoe5G091800.1.p
OG0010416	VIT_215s0046g00370.1	Aqcoe5G463300.1.p
OG0010417	VIT_205s0062g00210.1, VIT_205s0062g00210.2	Aqcoe5G043400.1.p
OG0010418	VIT_208s0007g08560.1	Aqcoe5G376700.1.p, Aqcoe5G376700.2.p
OG0010419	VIT_204s0023g02560.1	Aqcoe5G185600.5.p, Aqcoe5G185600.1.p, Aqcoe5G185600.2.p, Aqcoe5G185600.3.p, Aqcoe5G185600.4.p
OG0010420	VIT_201s0011g02080.1, VIT_212s0134g00470.1	Aqcoe5G394900.1.p
OG0010421	VIT_218s0122g00140.1, VIT_218s0122g00140.2	Aqcoe5G107900.1.p
OG0010422	VIT_218s0001g14930.4, VIT_218s0001g14930.3, VIT_218s0001g14930.1, VIT_218s0001g14930.2	Aqcoe5G214600.1.p
OG0010423	VIT_205s0077g00910.1	Aqcoe5G270900.1.p
OG0010424	VIT_217s0000g03540.1	Aqcoe5G261300.1.p
OG0010425	VIT_218s0075g00210.1	Aqcoe5G276900.1.p
OG0010426	VIT_218s0001g04100.1	Aqcoe5G182900.1.p
OG0010427	VIT_205s0020g01260.1	Aqcoe5G085600.2.p
OG0010428	VIT_215s0048g02530.2, VIT_215s0048g02530.1	Aqcoe5G471900.1.p
OG0010429	VIT_218s0086g00210.1, VIT_218s0086g00200.1	Aqcoe5G302900.1.p, Aqcoe5G304600.1.p
OG0010430	VIT_205s0020g00620.3, VIT_205s0020g00620.2, VIT_205s0020g00620.1	Aqcoe5G296100.2.p, Aqcoe5G296100.3.p, Aqcoe5G296100.1.p
OG0010431	VIT_201s0010g02620.1, VIT_201s0010g02620.3, VIT_201s0010g02620.4, VIT_201s0010g02620.5, VIT_201s0010g02620.2	Aqcoe5G372500.1.p
OG0010432	VIT_218s0075g00330.1, VIT_218s0089g00410.8, VIT_218s0089g00410.2, VIT_218s0089g00410.5, VIT_218s0075g00340.1, VIT_218s0089g00410.4, VIT_218s0089g00410.9, VIT_218s0089g00410.1	Aqcoe5G256500.1.p
OG0010433	VIT_214s0219g00180.1	Aqcoe3G132900.1.p
OG0010433	VIT_217s0000g04290.1	Aqcoe5G167100.1.p
OG0010434	VIT_215s0046g02330.1	Aqcoe5G434200.2.p, Aqcoe5G434200.1.p
OG0010435	VIT_201s0146g00460.2, VIT_201s0146g00460.1, VIT_214s0068g01310.1	Aqcoe5G340700.1.p, Aqcoe5G340700.2.p
OG0010436	VIT_205s0049g01890.7, VIT_205s0049g01890.1, VIT_205s0049g01890.3, VIT_205s0049g01890.6, VIT_205s0049g01890.2, VIT_205s0049g01890.4, VIT_205s0049g01890.5, VIT_205s0049g01890.8, VIT_205s0049g01890.9	Aqcoe5G016900.1.p
OG0010437	VIT_214s0128g00770.1, VIT_214s0128g00770.2	Aqcoe5G057500.1.p
OG0010438	VIT_201s0010g02390.1	Aqcoe5G467100.1.p
OG0010439	VIT_214s0219g00030.2, VIT_214s0219g00030.3, VIT_214s0219g00030.1	Aqcoe5G376600.1.p, Aqcoe5G376600.2.p
OG0010440	VIT_202s0012g01670.1	Aqcoe5G012000.1.p
OG0010441	VIT_214s0030g00700.3, VIT_214s0030g00700.2	Aqcoe5G064000.1.p
OG0010442	VIT_210s0071g01140.1	Aqcoe5G458700.3.p, Aqcoe5G458700.2.p, Aqcoe5G458700.1.p
OG0010443	VIT_218s0001g11990.1	Aqcoe5G199200.1.p, Aqcoe5G199200.2.p
OG0010444	VIT_200s2668g00010.1	Aqcoe5G214200.1.p, Aqcoe5G214200.2.p
OG0010445	VIT_218s0001g13130.1	Aqcoe5G183600.1.p, Aqcoe5G183600.4.p, Aqcoe5G183600.3.p, Aqcoe5G183600.2.p
OG0010446	VIT_201s0010g03350.1	Aqcoe5G361800.1.p
OG0010447	VIT_211s0037g00010.1	Aqcoe5G352400.1.p, Aqcoe3G011700.1.p
OG0010448	VIT_207s0031g00030.1	Aqcoe5G143000.1.p
OG0010449	VIT_215s0024g01460.1	Aqcoe5G463100.2.p, Aqcoe5G463100.1.p
OG0010450	VIT_207s0005g02570.3, VIT_207s0005g02570.2, VIT_207s0005g02570.1	Aqcoe5G223400.2.p
OG0010451	VIT_215s0021g02200.1	Aqcoe5G407300.1.p
OG0010452	VIT_206s0004g00100.3, VIT_206s0004g00100.1, VIT_206s0004g00100.2	Aqcoe1861s0001.1.p
OG0010453	VIT_204s0079g00260.1	Aqcoe3G424300.3.p, Aqcoe3G424300.1.p, Aqcoe3G424300.2.p
OG0010454	VIT_217s0000g05520.1	Aqcoe3G322200.1.p
OG0010455	VIT_219s0085g00020.1	Aqcoe3G368700.1.p
OG0010456	VIT_214s0219g00280.1	Aqcoe3G136800.1.p, Aqcoe3G136800.2.p, Aqcoe3G136500.1.p, Aqcoe3G136500.2.p
OG0010457	VIT_219s0085g01120.2, VIT_219s0085g01120.1	Aqcoe3G223500.1.p, Aqcoe3G270700.1.p
OG0010458	VIT_201s0146g00370.1, VIT_217s0000g00530.1	Aqcoe3G175200.1.p
OG0010459	VIT_206s0004g01730.2, VIT_206s0004g01730.1	Aqcoe3G054900.2.p, Aqcoe3G054900.1.p
OG0010460	VIT_201s0011g02750.1	Aqcoe3G391400.1.p
OG0010461	VIT_216s0039g02490.2, VIT_216s0039g02490.3, VIT_216s0039g02490.1	Aqcoe3G153300.1.p
OG0010463	VIT_203s0017g02300.1	Aqcoe3G444700.4.p, Aqcoe3G444700.3.p, Aqcoe3G444700.1.p, Aqcoe3G444700.2.p
OG0010464	VIT_217s0000g07600.1, VIT_217s0000g07600.2, VIT_217s0000g07600.3	Aqcoe3G103600.1.p
OG0010465	VIT_200s1547g00010.1, VIT_200s1596g00010.1	Aqcoe3G060000.1.p
OG0010466	VIT_218s0001g01070.1, VIT_215s0046g01200.1	Aqcoe3G133400.1.p, Aqcoe3G133400.2.p
OG0010468	VIT_214s0006g02020.1	Aqcoe3G415500.1.p
OG0010469	VIT_214s0060g00710.1	Aqcoe3G398800.1.p, Aqcoe3G212700.1.p, Aqcoe3G212700.2.p
OG0010470	VIT_210s0042g00570.1	Aqcoe3G406900.1.p
OG0010471	VIT_201s0127g00400.1, VIT_201s0127g00400.2	Aqcoe3G124200.1.p, Aqcoe3G286200.1.p
OG0010472	VIT_214s0066g02390.1	Aqcoe3G310100.1.p, Aqcoe3G310100.2.p, Aqcoe3G310100.3.p
OG0010473	VIT_202s0012g01630.3, VIT_202s0012g01630.1	Aqcoe3G220600.1.p
OG0010474	VIT_201s0011g03120.1, VIT_201s0011g03120.3, VIT_201s0011g03120.2	Aqcoe3G398500.2.p, Aqcoe3G398500.1.p
OG0010475	VIT_201s0011g02790.1	Aqcoe3G392800.1.p
OG0010477	VIT_217s0053g00630.5, VIT_217s0053g00630.4, VIT_217s0053g00630.2, VIT_217s0053g00630.1, VIT_217s0053g00630.3	Aqcoe3G008600.1.p, Aqcoe3G008600.2.p
OG0010478	VIT_217s0000g04640.1	Aqcoe3G385100.1.p
OG0010479	VIT_202s0012g01390.1	Aqcoe3G234700.1.p
OG0010480	VIT_206s0009g01130.2, VIT_206s0009g01130.3, VIT_206s0009g01130.1	Aqcoe3G234200.1.p
OG0010481	VIT_217s0000g04100.2, VIT_217s0000g04100.4, VIT_217s0000g04100.5, VIT_217s0000g04100.1, VIT_217s0000g04100.3	Aqcoe3G396400.2.p, Aqcoe3G396400.1.p, Aqcoe3G396400.4.p, Aqcoe3G396400.3.p
OG0010482	VIT_201s0011g03320.1	Aqcoe3G042500.1.p
OG0010483	VIT_214s0219g00200.1	Aqcoe3G133700.1.p
OG0010484	VIT_201s0011g04530.3, VIT_201s0011g04530.4, VIT_201s0011g04530.2, VIT_201s0011g04530.1	Aqcoe3G019400.1.p
OG0010485	VIT_201s0026g01630.1, VIT_201s0026g01630.2	Aqcoe3G326700.1.p
OG0010487	VIT_204s0069g01000.2, VIT_204s0069g01000.1	Aqcoe3G443700.1.p
OG0010488	VIT_201s0011g03180.1, VIT_201s0011g03180.4, VIT_201s0011g03180.2, VIT_201s0011g03180.5, VIT_201s0011g03180.3	Aqcoe3G044900.1.p
OG0010489	VIT_208s0007g06250.1, VIT_200s0208g00060.1	Aqcoe3G204700.1.p
OG0010490	VIT_214s0083g00460.3, VIT_214s0083g00460.4, VIT_214s0083g00460.2, VIT_214s0083g00460.1	Aqcoe3G052700.1.p
OG0010491	VIT_204s0043g00310.4, VIT_204s0043g00310.2, VIT_204s0043g00310.1, VIT_204s0043g00310.3	Aqcoe3G407300.1.p
OG0010492	VIT_217s0000g00110.1	Aqcoe3G206800.1.p
OG0010493	VIT_214s0006g03070.1	Aqcoe3G400500.1.p, Aqcoe3G400500.2.p
OG0010494	VIT_216s0039g02120.1	Aqcoe3G172600.1.p
OG0010495	VIT_217s0000g04720.2, VIT_217s0000g04720.3, VIT_217s0000g04720.1	Aqcoe3G383000.1.p
OG0010496	VIT_215s0021g00570.1, VIT_215s0021g00570.2, VIT_215s0021g00570.3	Aqcoe3G255600.1.p
OG0010497	VIT_201s0150g00640.1	Aqcoe3G163200.1.p
OG0010498	VIT_216s0039g02250.1, VIT_216s0039g02250.2	Aqcoe3G406400.1.p
OG0010499	VIT_210s0071g00840.1, VIT_210s0071g00810.1, VIT_210s0071g00850.1	Aqcoe3G441100.1.p
OG0010500	VIT_201s0026g00200.1, VIT_201s0026g00200.3, VIT_201s0026g00200.2	Aqcoe3G298100.1.p
OG0010501	VIT_214s0066g02630.1	Aqcoe3G326200.1.p
OG0010502	VIT_211s0065g01100.1, VIT_201s0010g01900.1	Aqcoe3G428800.1.p
OG0010503	VIT_218s0001g04060.1	Aqcoe3G254500.3.p, Aqcoe3G254500.2.p, Aqcoe3G254500.1.p
OG0010504	VIT_202s0012g01120.2, VIT_202s0012g01120.1	Aqcoe3G236900.1.p
OG0010505	VIT_217s0000g05620.1	Aqcoe3G093300.3.p, Aqcoe3G093300.2.p, Aqcoe3G093300.1.p
OG0010506	VIT_214s0068g00680.3, VIT_214s0068g00680.1	Aqcoe3G270400.1.p
OG0010507	VIT_201s0026g00750.1	Aqcoe3G303400.1.p
OG0010508	VIT_215s0021g01380.1, VIT_200s0616g00030.1	Aqcoe3G262600.1.p
OG0010509	VIT_201s0010g02160.1, VIT_201s0010g02160.2	Aqcoe3G133000.1.p, Aqcoe3G133000.2.p
OG0010510	VIT_204s0008g07050.1	Aqcoe3G384100.2.p, Aqcoe3G384100.1.p
OG0010511	VIT_217s0000g01420.1	Aqcoe3G197000.1.p
OG0010512	VIT_215s0021g00520.1	Aqcoe3G253900.1.p
OG0010513	VIT_201s0011g04880.1, VIT_201s0011g04880.4, VIT_201s0011g04880.3, VIT_201s0011g04880.2	Aqcoe3G016300.1.p
OG0010514	VIT_205s0077g00740.1, VIT_205s0077g00740.2, VIT_205s0077g00740.3	Aqcoe3G164100.1.p
OG0010515	VIT_203s0038g00830.1, VIT_201s0113g00500.1	Aqcoe3G351300.1.p
OG0010516	VIT_210s0003g03260.1	Aqcoe3G073100.1.p
OG0010517	VIT_201s0026g02070.2, VIT_201s0026g02070.3, VIT_201s0026g02070.1	Aqcoe3G333300.2.p, Aqcoe3G333300.1.p
OG0010518	VIT_202s0033g00930.1, VIT_202s0033g00930.2	Aqcoe3G047300.2.p, Aqcoe3G047300.1.p
OG0010519	VIT_201s0011g03080.1	Aqcoe3G397000.1.p
OG0010520	VIT_217s0000g01990.1, VIT_217s0000g01990.3, VIT_217s0000g01990.2	Aqcoe3G317300.1.p
OG0010521	VIT_204s0008g06990.2, VIT_204s0008g06990.1	Aqcoe3G046200.1.p
OG0010522	VIT_206s0004g03340.1, VIT_201s0011g04630.1	Aqcoe3G403600.1.p
OG0010523	VIT_207s0005g01410.1	Aqcoe3G271600.1.p
OG0010525	VIT_217s0000g03760.2, VIT_217s0000g03760.1	Aqcoe3G040400.1.p
OG0010526	VIT_217s0000g06430.3, VIT_217s0000g06430.2, VIT_217s0000g06430.1	Aqcoe3G347000.1.p
OG0010527	VIT_216s0039g01580.2, VIT_216s0039g01580.1	Aqcoe3G222900.1.p
OG0010528	VIT_219s0027g00780.1	Aqcoe3G191300.1.p
OG0010529	VIT_217s0000g07760.3, VIT_217s0000g07760.1, VIT_217s0000g07760.2	Aqcoe3G306000.1.p
OG0010530	VIT_201s0010g00610.2, VIT_201s0010g00610.3, VIT_201s0010g00610.1	Aqcoe3G069000.1.p
OG0010531	VIT_217s0000g04260.2, VIT_217s0000g04260.4, VIT_217s0000g04260.1, VIT_217s0000g04260.3	Aqcoe3G393500.1.p
OG0010532	VIT_202s0012g01050.1, VIT_200s0183g00250.1, VIT_202s0012g01060.1, VIT_203s0017g01730.1	Aqcoe3G059500.1.p
OG0010533	VIT_201s0026g02750.1	Aqcoe3G346400.1.p
OG0010534	VIT_200s0299g00070.1	Aqcoe3G275300.1.p
OG0010535	VIT_217s0000g04960.1	Aqcoe3G375800.1.p
OG0010536	VIT_219s0015g00960.1	Aqcoe3G403800.2.p, Aqcoe3G403800.1.p
OG0010537	VIT_201s0011g04350.1	Aqcoe3G022000.1.p
OG0010538	VIT_201s0010g03410.1	Aqcoe3G382200.1.p
OG0010539	VIT_201s0146g00380.2, VIT_201s0146g00380.1	Aqcoe3G176200.1.p
OG0010540	VIT_205s0094g00390.1	Aqcoe3G036100.4.p, Aqcoe3G036100.2.p, Aqcoe3G036100.1.p, Aqcoe3G036100.3.p
OG0010541	VIT_202s0012g00030.1	Aqcoe3G247700.1.p
OG0010542	VIT_201s0011g00770.1	Aqcoe3G062600.2.p, Aqcoe3G062600.1.p
OG0010543	VIT_217s0000g02310.2, VIT_217s0000g02310.1	Aqcoe3G418800.1.p
OG0010624	VIT_216s0050g01430.1	Aqcoe5G078400.1.p, Aqcoe5G078700.1.p, Aqcoe0189s0003.1.p
OG0010626	VIT_208s0007g05720.1	Aqcoe2G033600.1.p
OG0010628	VIT_213s0067g03660.1	Aqcoe2G171100.3.p, Aqcoe2G171100.1.p, Aqcoe2G171100.6.p, Aqcoe2G171100.2.p, Aqcoe2G171100.4.p, Aqcoe2G171100.5.p
OG0010629	VIT_208s0040g01400.1, VIT_208s0040g01400.2	Aqcoe2G203200.1.p
OG0010630	VIT_205s0020g01370.1	Aqcoe2G304400.2.p, Aqcoe2G304400.1.p
OG0010631	VIT_205s0020g03650.1	Aqcoe2G347500.1.p, Aqcoe5G052900.1.p, Aqcoe5G052900.2.p
OG0010632	VIT_204s0044g01790.1	Aqcoe2G289000.1.p
OG0010633	VIT_208s0058g00480.1	Aqcoe2G083000.1.p
OG0010634	VIT_202s0087g00410.2, VIT_202s0087g00410.1	Aqcoe2G358300.1.p
OG0010635	VIT_208s0007g00860.1	Aqcoe2G227600.1.p
OG0010636	VIT_214s0060g00400.1	Aqcoe2G250700.1.p, Aqcoe6G229600.1.p
OG0010637	VIT_212s0057g01550.1, VIT_212s0057g01550.2	Aqcoe2G403500.1.p
OG0010638	VIT_207s0005g02410.1	Aqcoe2G238400.1.p
OG0010639	VIT_205s0077g00570.1	Aqcoe2G290400.1.p
OG0010640	VIT_206s0004g07320.1, VIT_213s0067g01620.1	Aqcoe2G003000.1.p
OG0010642	VIT_208s0007g03970.1	Aqcoe1G112000.1.p, Aqcoe2G218800.1.p
OG0010643	VIT_213s0101g00210.1	Aqcoe2G195600.1.p
OG0010644	VIT_206s0004g05900.1	Aqcoe2G234200.1.p
OG0010645	VIT_213s0320g00020.2, VIT_213s0320g00020.6, VIT_213s0320g00020.1, VIT_213s0320g00020.5, VIT_213s0320g00020.8, VIT_213s0320g00020.3, VIT_213s0320g00020.4, VIT_213s0320g00020.9, VIT_213s0320g00020.10, VIT_213s0320g00020.7	Aqcoe2G058800.1.p
OG0010646	VIT_207s0104g01170.1	Aqcoe2G317500.1.p
OG0010647	VIT_206s0061g00720.1	Aqcoe2G212000.1.p
OG0010648	VIT_205s0029g00500.1	Aqcoe2G407000.1.p
OG0010649	VIT_207s0005g03570.2, VIT_207s0005g03570.1	Aqcoe2G375300.1.p, Aqcoe5G024400.1.p
OG0010650	VIT_208s0040g02520.1	Aqcoe2G179200.1.p
OG0010651	VIT_208s0007g02930.1, VIT_208s0007g02930.2	Aqcoe2G113800.1.p
OG0010652	VIT_206s0009g01750.1	Aqcoe2G087300.2.p, Aqcoe2G087300.1.p
OG0010653	VIT_206s0061g00790.1, VIT_206s0061g00790.2, VIT_206s0061g00790.3	Aqcoe2G215400.1.p
OG0010654	VIT_213s0067g03000.1	Aqcoe2G039500.1.p
OG0010655	VIT_206s0009g01810.1	Aqcoe2G023500.1.p
OG0010656	VIT_206s0004g04380.1	Aqcoe2G182300.1.p
OG0010657	VIT_205s0020g04040.1	Aqcoe2G352400.1.p
OG0010658	VIT_214s0030g00480.1	Aqcoe5G070000.1.p, Aqcoe5G070000.3.p, Aqcoe5G070000.4.p, Aqcoe5G070000.2.p, Aqcoe2G319300.2.p, Aqcoe2G319300.1.p
OG0010659	VIT_212s0028g02100.2, VIT_212s0028g02100.1	Aqcoe2G377200.1.p
OG0010660	VIT_200s0780g00020.1	Aqcoe2G296200.1.p
OG0010663	VIT_207s0104g01480.3, VIT_207s0104g01480.1, VIT_207s0104g01480.2	Aqcoe2G307500.1.p
OG0010664	VIT_204s0044g02050.1	Aqcoe2G421800.1.p
OG0010665	VIT_213s0084g00160.1	Aqcoe2G054300.1.p
OG0010666	VIT_208s0007g07060.1	Aqcoe2G054200.1.p
OG0010667	VIT_214s0030g00190.1	Aqcoe2G322400.1.p
OG0010668	VIT_205s0102g00370.1	Aqcoe2G432700.2.p, Aqcoe2G432700.1.p
OG0010669	VIT_200s0580g00010.1	Aqcoe2G416100.1.p, Aqcoe2G416100.2.p
OG0010670	VIT_208s0007g04150.1	Aqcoe2G185100.1.p, Aqcoe1G113700.1.p
OG0010671	VIT_208s0007g00270.1, VIT_206s0004g04565.1	Aqcoe1G462300.1.p, Aqcoe2G148700.1.p
OG0010672	VIT_205s0136g00320.1, VIT_205s0136g00390.1, VIT_205s0136g00390.2	Aqcoe2G399000.1.p
OG0010673	VIT_206s0080g00590.1	Aqcoe1G440900.1.p, Aqcoe2G121100.1.p
OG0010674	VIT_204s0044g01190.1	Aqcoe5G082800.2.p, Aqcoe5G082800.1.p, Aqcoe2G278800.1.p
OG0010675	VIT_208s0058g00790.1	Aqcoe2G080800.1.p
OG0010676	VIT_216s0050g00060.1	Aqcoe2G025900.2.p, Aqcoe2G025900.1.p
OG0010677	VIT_215s0046g02880.1	Aqcoe2G117600.2.p, Aqcoe2G117600.1.p
OG0010678	VIT_209s0002g06540.1, VIT_209s0002g06540.2	Aqcoe7G277100.1.p, Aqcoe7G277100.2.p, Aqcoe2G205300.1.p
OG0010681	VIT_213s0019g01270.1	Aqcoe2G159800.1.p
OG0010682	VIT_208s0007g03860.1	Aqcoe2G127100.1.p
OG0010683	VIT_212s0055g00750.1	Aqcoe2G330700.1.p, Aqcoe2G330300.1.p
OG0010684	VIT_207s0005g02130.1	Aqcoe2G262900.1.p
OG0010685	VIT_207s0005g00730.1	Aqcoe2G299700.1.p, Aqcoe2G299600.1.p
OG0010686	VIT_209s0002g04690.1, VIT_209s0002g04690.2	Aqcoe2G111300.1.p
OG0010687	VIT_208s0007g01990.1	Aqcoe2G309800.3.p, Aqcoe2G309800.2.p, Aqcoe2G309800.1.p, Aqcoe2G309800.4.p
OG0010688	VIT_208s0056g00450.1	Aqcoe2G190700.1.p, Aqcoe4G200000.1.p
OG0010689	VIT_207s0005g02590.1	Aqcoe2G247000.1.p, Aqcoe2G247000.2.p
OG0010690	VIT_207s0005g01830.4, VIT_207s0005g01830.6, VIT_207s0005g01830.5, VIT_207s0005g01830.3, VIT_207s0005g01830.2, VIT_207s0005g01830.1	Aqcoe2G264200.1.p
OG0010691	VIT_215s0021g00370.1	Aqcoe2G357300.1.p, Aqcoe2G357300.2.p
OG0010692	VIT_205s0049g02210.1, VIT_205s0049g02150.1, VIT_205s0049g02200.1	Aqcoe2G385400.1.p
OG0010693	VIT_210s0003g00530.1	Aqcoe1G246200.1.p, Aqcoe2G366000.1.p
OG0010694	VIT_205s0049g01730.1	Aqcoe2G381400.1.p
OG0010696	VIT_205s0020g02700.1	Aqcoe2G332800.1.p
OG0010697	VIT_208s0040g00390.2, VIT_208s0040g00390.3, VIT_208s0040g00390.1	Aqcoe2G003300.1.p
OG0010698	VIT_207s0005g06500.1, VIT_207s0005g06500.5, VIT_207s0005g06500.4, VIT_207s0005g06500.3, VIT_207s0005g06500.2	Aqcoe2G398900.1.p
OG0010699	VIT_200s0246g00190.1	Aqcoe2G192100.1.p
OG0010699	VIT_200s0246g00180.1	Aqcoe7G226700.1.p
OG0010700	VIT_213s0067g02050.1	Aqcoe1G149100.1.p, Aqcoe2G081800.1.p
OG0010701	VIT_213s0019g01750.1	Aqcoe1G038000.1.p, Aqcoe6G210000.1.p, Aqcoe2G416000.1.p, Aqcoe2G411300.1.p
OG0010702	VIT_214s0060g01940.2, VIT_205s0077g01990.2	Aqcoe2G298700.1.p
OG0010704	VIT_207s0151g00950.2, VIT_207s0151g00950.1	Aqcoe2G343200.2.p, Aqcoe2G343200.1.p
OG0010705	VIT_205s0077g01290.3, VIT_205s0077g01290.2, VIT_205s0077g01290.1	Aqcoe2G277300.2.p, Aqcoe2G277300.1.p
OG0010706	VIT_206s0004g04260.1	Aqcoe2G179700.1.p
OG0010707	VIT_205s0029g00350.1	Aqcoe2G404900.1.p
OG0010708	VIT_207s0005g01130.1	Aqcoe2G279900.1.p
OG0010709	VIT_207s0005g01660.1	Aqcoe2G270800.1.p
OG0010710	VIT_204s0043g00700.3, VIT_204s0043g00700.2, VIT_204s0043g00700.1	Aqcoe2G391600.1.p
OG0010711	VIT_205s0020g01470.1	Aqcoe2G300100.2.p, Aqcoe2G300100.1.p
OG0010712	VIT_204s0008g04530.1	Aqcoe2G110900.1.p
OG0010713	VIT_205s0077g02040.1	Aqcoe2G289900.1.p, Aqcoe2G289900.2.p
OG0010714	VIT_213s0019g01840.1, VIT_213s0019g01840.2	Aqcoe2G223100.1.p
OG0010715	VIT_213s0047g00822.1	Aqcoe2G197600.1.p
OG0010716	VIT_205s0029g00410.1	Aqcoe2G405700.1.p
OG0010718	VIT_206s0004g08380.2, VIT_206s0004g08380.3, VIT_206s0004g08380.1	Aqcoe2G074100.1.p
OG0010719	VIT_208s0007g03000.1, VIT_208s0007g03000.2	Aqcoe2G119300.1.p
OG0010720	VIT_205s0020g01710.1	Aqcoe2G308900.1.p
OG0010721	VIT_205s0077g00635.1	Aqcoe2G267500.1.p
OG0010723	VIT_208s0040g01020.1	Aqcoe2G055500.3.p, Aqcoe2G055500.2.p, Aqcoe2G055500.1.p
OG0010724	VIT_205s0020g03050.1	Aqcoe5G058500.2.p, Aqcoe5G058500.1.p, Aqcoe2G340400.1.p
OG0010726	VIT_204s0044g01970.2	Aqcoe5G112100.1.p, Aqcoe2G228300.1.p, Aqcoe2G228300.2.p, Aqcoe0705s0002.1.p, Aqcoe6G327300.1.p
OG0010727	VIT_204s0023g03720.1, VIT_204s0023g03740.1	Aqcoe6G223500.1.p
OG0010728	VIT_203s0038g02960.1	Aqcoe6G227600.1.p
OG0010729	VIT_200s0391g00060.1	Aqcoe6G080100.1.p
OG0010730	VIT_204s0023g02640.1, VIT_204s0023g02640.2	Aqcoe6G130200.2.p, Aqcoe6G130200.1.p
OG0010731	VIT_207s0031g02690.2, VIT_207s0031g02690.1	Aqcoe6G024500.1.p, Aqcoe6G024500.2.p
OG0010732	VIT_218s0001g02040.1	Aqcoe6G048900.1.p, Aqcoe6G048900.2.p
OG0010733	VIT_200s0264g00060.1, VIT_200s0264g00060.2	Aqcoe6G239700.1.p
OG0010734	VIT_207s0191g00030.1	Aqcoe6G079100.1.p
OG0010735	VIT_218s0001g11230.1, VIT_218s0001g11230.3, VIT_218s0001g11230.2	Aqcoe6G095600.1.p
OG0010736	VIT_218s0001g08240.1	Aqcoe6G158500.1.p
OG0010737	VIT_203s0091g00490.1, VIT_203s0091g00500.2, VIT_203s0091g00500.1, VIT_203s0091g00510.1	Aqcoe6G292100.1.p
OG0010738	VIT_207s0031g01160.1	Aqcoe6G058200.1.p, Aqcoe6G058300.1.p, Aqcoe5G316200.2.p, Aqcoe5G316200.1.p
OG0010739	VIT_204s0023g02010.1	Aqcoe6G122900.1.p, Aqcoe6G122900.2.p
OG0010740	VIT_211s0016g02180.1	Aqcoe6G176100.1.p, Aqcoe7G128000.1.p
OG0010741	VIT_217s0000g06350.1	Aqcoe6G242500.1.p
OG0010742	VIT_204s0023g03630.3, VIT_204s0023g03630.2, VIT_204s0023g03630.1	Aqcoe6G122400.1.p
OG0010743	VIT_203s0038g03750.1, VIT_200s0208g00120.1	Aqcoe6G175800.1.p
OG0010744	VIT_203s0063g00520.1	Aqcoe6G143200.1.p, Aqcoe6G143200.2.p
OG0010745	VIT_204s0023g02800.1	Aqcoe6G257400.1.p
OG0010747	VIT_213s0019g03940.1	Aqcoe6G235600.2.p, Aqcoe6G235600.1.p
OG0010748	VIT_218s0001g12990.1	Aqcoe3G219800.1.p, Aqcoe6G127500.1.p
OG0010749	VIT_207s0031g01580.1	Aqcoe6G051300.1.p
OG0010750	VIT_218s0001g13310.1	Aqcoe6G132300.2.p, Aqcoe6G132300.1.p
OG0010751	VIT_203s0038g00400.1	Aqcoe6G255200.1.p
OG0010752	VIT_218s0001g00220.1	Aqcoe6G193900.1.p
OG0010753	VIT_218s0089g01120.2, VIT_218s0089g01120.3, VIT_218s0089g01120.1	Aqcoe6G003200.1.p
OG0010754	VIT_202s0033g00060.1	Aqcoe6G246600.1.p
OG0010755	VIT_218s0117g00340.1, VIT_212s0035g00690.1	Aqcoe6G015800.1.p
OG0010756	VIT_218s0122g00470.2, VIT_218s0122g00470.3, VIT_218s0122g00470.1	Aqcoe6G326100.1.p
OG0010757	VIT_207s0129g01060.1	Aqcoe6G304000.2.p, Aqcoe6G304000.1.p, Aqcoe6G304000.3.p
OG0010758	VIT_218s0001g01930.2, VIT_218s0001g01930.3, VIT_218s0001g01930.1	Aqcoe6G033600.1.p
OG0010759	VIT_203s0038g02670.1	Aqcoe6G200100.1.p
OG0010760	VIT_207s0005g00820.1	Aqcoe6G195700.1.p
OG0010761	VIT_218s0001g12490.1	Aqcoe6G119500.2.p, Aqcoe6G119500.1.p
OG0010762	VIT_218s0001g00490.1	Aqcoe6G232500.1.p
OG0010763	VIT_218s0001g13260.1	Aqcoe6G131800.1.p
OG0010764	VIT_218s0122g00680.1, VIT_218s0122g00680.2, VIT_218s0122g00680.3	Aqcoe6G321000.1.p
OG0010765	VIT_207s0031g01440.2, VIT_207s0031g01440.1	Aqcoe6G053600.1.p
OG0010766	VIT_218s0001g04880.2, VIT_218s0001g04880.1	Aqcoe6G059700.1.p
OG0010767	VIT_207s0031g02460.1, VIT_207s0031g02460.2	Aqcoe6G027600.2.p, Aqcoe6G027600.1.p
OG0010768	VIT_218s0001g10250.4, VIT_218s0001g10250.3, VIT_218s0001g10250.2, VIT_218s0001g10250.1	Aqcoe6G137000.2.p, Aqcoe6G137000.1.p
OG0010770	VIT_212s0121g00010.1, VIT_207s0141g00200.1	Aqcoe6G084300.1.p
OG0010771	VIT_203s0110g00200.1	Aqcoe6G263700.1.p
OG0010772	VIT_218s0001g02950.2, VIT_218s0001g02950.1	Aqcoe6G021400.1.p
OG0010773	VIT_218s0122g00920.1	Aqcoe6G167800.1.p
OG0010774	VIT_202s0012g01260.1	Aqcoe3G232600.2.p, Aqcoe3G232600.1.p
OG0010775	VIT_212s0035g01140.1	Aqcoe6G007900.1.p
OG0010776	VIT_212s0055g00830.1, VIT_212s0055g00830.3, VIT_212s0055g00830.2	Aqcoe6G035400.1.p
OG0010777	VIT_212s0059g01600.1, VIT_212s0059g01600.2	Aqcoe6G257000.1.p, Aqcoe6G257000.3.p, Aqcoe6G257000.4.p, Aqcoe6G257000.2.p
OG0010778	VIT_218s0001g10080.1	Aqcoe6G132700.1.p
OG0010779	VIT_218s0001g07000.1, VIT_218s0001g07000.2, VIT_218s0001g07000.3, VIT_218s0001g07000.4	Aqcoe6G072500.1.p
OG0010780	VIT_212s0142g00400.1, VIT_212s0142g00330.1	Aqcoe6G086300.1.p
OG0010781	VIT_218s0166g00130.1	Aqcoe6G041300.1.p
OG0010782	VIT_218s0001g09070.1	Aqcoe6G277600.1.p, Aqcoe6G277600.2.p
OG0010783	VIT_204s0044g01760.1	Aqcoe6G324200.1.p
OG0010784	VIT_210s0092g00270.2, VIT_210s0092g00270.1	Aqcoe6G285300.2.p, Aqcoe6G285300.4.p, Aqcoe3G365300.1.p, Aqcoe6G285300.1.p, Aqcoe6G285300.3.p
OG0010785	VIT_212s0034g01810.2, VIT_212s0034g01810.1	Aqcoe6G167100.1.p, Aqcoe4G008500.1.p
OG0010786	VIT_212s0035g00770.1	Aqcoe6G014000.1.p
OG0010787	VIT_203s0063g00180.1	Aqcoe6G137200.1.p
OG0010788	VIT_212s0055g01130.4, VIT_212s0055g01130.5, VIT_212s0055g01130.3, VIT_212s0055g01130.2, VIT_212s0055g01130.1	Aqcoe6G061200.5.p, Aqcoe6G061200.4.p, Aqcoe6G061200.1.p, Aqcoe6G061200.3.p, Aqcoe6G061200.2.p
OG0010789	VIT_206s0004g04540.3, VIT_206s0004g04540.4, VIT_206s0004g04540.5, VIT_206s0004g04540.2, VIT_206s0004g04540.1	Aqcoe6G202800.3.p, Aqcoe6G202800.4.p, Aqcoe6G202800.2.p, Aqcoe6G202800.1.p
OG0010790	VIT_219s0015g01770.2, VIT_219s0015g01770.1	Aqcoe4G301900.1.p
OG0010792	VIT_200s0204g00040.1	Aqcoe5G301600.1.p
OG0010793	VIT_210s0350g00005.1, VIT_200s0445g00055.1	Aqcoe1G141100.1.p, Aqcoe4G156300.1.p
OG0010794	VIT_219s0014g04710.1, VIT_219s0014g04710.2, VIT_219s0014g04710.3	Aqcoe4G271200.1.p
OG0010795	VIT_200s0612g00010.1, VIT_200s0515g00010.1	Aqcoe4G292700.1.p
OG0010796	VIT_210s0003g00900.1	Aqcoe4G059600.1.p
OG0010797	VIT_216s0098g01810.1, VIT_216s0098g01810.2	Aqcoe3G002800.3.p, Aqcoe3G002800.2.p, Aqcoe3G002800.1.p, Aqcoe4G188800.1.p
OG0010798	VIT_200s0399g00060.1, VIT_210s0523g00040.1	Aqcoe4G295700.1.p
OG0010799	VIT_217s0053g01030.1	Aqcoe4G184700.1.p
OG0010800	VIT_212s0028g01100.2, VIT_212s0028g01100.1	Aqcoe4G004700.1.p, Aqcoe4G004700.2.p
OG0010801	VIT_201s0011g01220.1	Aqcoe4G199100.1.p, Aqcoe0095s0001.1.p, Aqcoe1G161900.1.p
OG0010802	VIT_212s0057g00240.1	Aqcoe4G083500.1.p, Aqcoe4G260300.1.p
OG0010804	VIT_210s0003g04350.2, VIT_210s0003g04350.1	Aqcoe4G002800.1.p
OG0010805	VIT_219s0090g00930.1	Aqcoe4G212500.1.p
OG0010806	VIT_219s0027g00220.1	Aqcoe7G098900.1.p, Aqcoe7G098900.2.p, Aqcoe4G123500.1.p
OG0010807	VIT_210s0003g05670.1, VIT_210s0003g05670.3, VIT_210s0003g05670.2	Aqcoe4G005200.1.p
OG0010808	VIT_219s0015g01920.1, VIT_219s0015g01920.2	Aqcoe4G278900.1.p, Aqcoe4G278900.2.p
OG0010809	VIT_212s0142g00040.1	Aqcoe4G014000.1.p
OG0010810	VIT_200s0194g00110.1	Aqcoe4G304300.2.p, Aqcoe4G304300.3.p, Aqcoe4G304300.1.p
OG0010811	VIT_211s0149g00400.1, VIT_211s0206g00040.1, VIT_211s0149g00390.1	Aqcoe4G263300.1.p
OG0010812	VIT_212s0059g02520.1, VIT_212s0059g02520.2, VIT_212s0059g02520.3	Aqcoe4G245200.1.p
OG0010813	VIT_212s0028g02610.1	Aqcoe4G068800.1.p
OG0010814	VIT_210s0116g00180.1	Aqcoe4G224700.1.p
OG0010815	VIT_200s0194g00160.1, VIT_200s1543g00010.1	Aqcoe4G313200.1.p
OG0010816	VIT_202s0154g00330.2, VIT_202s0154g00330.1	Aqcoe7G080600.1.p
OG0010817	VIT_202s0025g01300.1	Aqcoe7G013900.1.p
OG0010818	VIT_207s0005g03800.3, VIT_207s0005g03800.1, VIT_207s0005g03800.2	Aqcoe7G179600.1.p
OG0010819	VIT_204s0008g02750.1	Aqcoe7G288200.1.p, Aqcoe7G288200.2.p
OG0010820	VIT_209s0018g01980.1	Aqcoe7G335500.1.p
OG0010821	VIT_211s0016g04560.1	Aqcoe7G200600.1.p, Aqcoe7G200600.2.p
OG0010822	VIT_215s0046g02250.1	Aqcoe7G019900.1.p
OG0010823	VIT_211s0016g04770.1	Aqcoe7G212000.1.p, Aqcoe7G212000.4.p, Aqcoe7G212000.3.p, Aqcoe7G212000.2.p
OG0010824	VIT_204s0008g05050.1	Aqcoe7G214000.1.p
OG0010825	VIT_211s0052g00680.1	Aqcoe7G311200.1.p
OG0010826	VIT_208s0007g00490.1	Aqcoe5G421500.1.p, Aqcoe7G313500.1.p
OG0010827	VIT_211s0037g00520.1	Aqcoe7G352900.2.p, Aqcoe7G352900.1.p, Aqcoe7G352900.3.p
OG0010828	VIT_216s0050g00120.1	Aqcoe7G037300.1.p
OG0010829	VIT_216s0050g00590.1	Aqcoe7G034000.1.p
OG0010830	VIT_211s0016g02350.1	Aqcoe7G131000.2.p, Aqcoe7G128900.2.p, Aqcoe7G131000.1.p, Aqcoe7G128900.1.p
OG0010831	VIT_204s0008g00830.1, VIT_204s0008g00830.2	Aqcoe7G429800.1.p
OG0010832	VIT_216s0013g00240.1	Aqcoe7G094900.1.p
OG0010833	VIT_212s0057g01250.1	Aqcoe7G211200.1.p
OG0010834	VIT_204s0008g02650.2, VIT_204s0008g02650.1	Aqcoe7G294000.1.p
OG0010835	VIT_204s0008g03290.2, VIT_204s0008g03290.1	Aqcoe7G411300.1.p
OG0010836	VIT_216s0050g01470.3, VIT_216s0050g01470.1, VIT_216s0050g01470.2	Aqcoe7G021000.1.p
OG0010837	VIT_216s0022g01430.1	Aqcoe7G073000.1.p
OG0010838	VIT_204s0008g06880.1	Aqcoe7G347500.1.p
OG0010839	VIT_215s0021g02260.2, VIT_215s0021g02260.3, VIT_215s0021g02260.1	Aqcoe7G086100.1.p
OG0010840	VIT_217s0000g08930.2, VIT_217s0000g08930.1	Aqcoe7G047800.1.p
OG0010841	VIT_211s0118g00810.1	Aqcoe7G369500.2.p, Aqcoe7G369500.1.p
OG0010842	VIT_202s0025g01185.1, VIT_215s0046g01275.1	Aqcoe7G015800.1.p
OG0010843	VIT_202s0154g00620.1, VIT_215s0021g02760.1	Aqcoe7G083000.1.p
OG0010844	VIT_204s0008g02010.1, VIT_204s0008g02020.1	Aqcoe7G431200.1.p
OG0010845	VIT_209s0002g05990.1	Aqcoe7G213400.1.p, Aqcoe7G213400.2.p, Aqcoe7G213400.3.p
OG0010846	VIT_211s0016g04970.1	Aqcoe7G278700.1.p
OG0010847	VIT_204s0008g03960.1	Aqcoe7G179500.2.p, Aqcoe7G179500.1.p
OG0010848	VIT_215s0048g01365.1, VIT_215s0048g01350.1, VIT_215s0048g01390.1	Aqcoe7G055400.1.p
OG0010850	VIT_215s0048g00810.1	Aqcoe7G065200.1.p, Aqcoe7G065200.2.p
OG0010851	VIT_211s0016g05040.2, VIT_211s0016g05040.1	Aqcoe7G274700.1.p
OG0010852	VIT_215s0048g01345.1	Aqcoe7G055300.1.p
OG0010853	VIT_211s0016g03020.2, VIT_211s0016g03020.1	Aqcoe7G146800.1.p
OG0010854	VIT_202s0025g04830.2, VIT_202s0025g04830.1	Aqcoe7G057100.1.p
OG0010855	VIT_202s0087g00830.3, VIT_202s0087g00830.2, VIT_202s0087g00830.1	Aqcoe7G097800.1.p
OG0010856	VIT_200s1944g00010.1, VIT_216s0050g02690.1, VIT_200s2304g00010.1, VIT_200s2397g00010.1	Aqcoe7G012400.1.p
OG0010857	VIT_204s0008g04510.4, VIT_204s0008g04510.1, VIT_204s0008g04510.2, VIT_204s0008g04510.3	Aqcoe7G183600.1.p
OG0010858	VIT_216s0022g00330.1	Aqcoe7G088700.1.p
OG0010859	VIT_211s0016g04980.1, VIT_206s0009g00385.1	Aqcoe7G391600.1.p
OG0010860	VIT_210s0092g00050.1	Aqcoe7G054700.1.p
OG0010861	VIT_211s0016g03820.2, VIT_211s0016g03820.1	Aqcoe7G175200.1.p
OG0010862	VIT_209s0002g03970.2, VIT_209s0002g03970.1, VIT_209s0002g03310.1, VIT_209s0002g03320.1, VIT_209s0070g00340.1	Aqcoe7G160900.1.p, Aqcoe7G160900.2.p, Aqcoe7G160900.3.p
OG0010863	VIT_215s0048g00430.2, VIT_215s0048g00430.1	Aqcoe7G075600.1.p
OG0010864	VIT_206s0080g00440.3, VIT_206s0080g00440.2, VIT_206s0080g00440.4, VIT_206s0080g00440.1	Aqcoe7G159400.1.p
OG0010865	VIT_204s0008g02250.1	Aqcoe7G425900.1.p
OG0010866	VIT_202s0025g01230.1	Aqcoe7G015300.1.p
OG0010867	VIT_211s0065g00940.1, VIT_211s0065g00940.2	Aqcoe7G334900.1.p
OG0010868	VIT_216s0100g00310.1, VIT_216s0100g00310.2	Aqcoe7G050800.1.p
OG0010869	VIT_215s0021g02520.1, VIT_215s0021g02520.2	Aqcoe7G084700.1.p
OG0010870	VIT_211s0016g04520.1	Aqcoe7G196000.1.p, Aqcoe7G196000.2.p
OG0010871	VIT_211s0016g02910.2, VIT_211s0016g02910.1	Aqcoe7G419200.1.p
OG0010872	VIT_211s0016g00560.1	Aqcoe7G106600.2.p, Aqcoe7G106600.1.p
OG0010873	VIT_211s0016g04910.1	Aqcoe7G279900.1.p
OG0010874	VIT_207s0031g00950.1	Aqcoe7G090000.2.p, Aqcoe7G090000.1.p
OG0010875	VIT_215s0046g03670.1	Aqcoe7G038700.1.p, Aqcoe5G422700.1.p
OG0010876	VIT_211s0016g04690.1	Aqcoe7G207600.1.p
OG0010877	VIT_213s0101g00060.2, VIT_213s0101g00060.1	Aqcoe7G084900.1.p
OG0010878	VIT_204s0008g07020.1	Aqcoe7G343000.1.p, Aqcoe7G343000.2.p
OG0010879	VIT_211s0016g04070.1, VIT_211s0016g04070.2	Aqcoe7G399100.1.p
OG0010880	VIT_202s0033g01300.1	Aqcoe7G096600.3.p, Aqcoe7G096600.1.p, Aqcoe7G096600.2.p
OG0010881	VIT_209s0002g03650.1	Aqcoe3G283600.1.p, Aqcoe7G156500.1.p
OG0010882	VIT_209s0054g00760.1, VIT_209s0054g00750.1	Aqcoe7G287500.1.p, Aqcoe7G287500.3.p, Aqcoe7G287500.2.p
OG0010883	VIT_211s0016g01150.1, VIT_211s0016g01110.4	Aqcoe7G430500.1.p
OG0010884	VIT_216s0022g02070.1	Aqcoe7G060500.1.p
OG0010885	VIT_202s0012g01900.1, VIT_202s0012g01900.2, VIT_202s0012g01900.3	Aqcoe7G385300.1.p
OG0010886	VIT_204s0044g01345.1	Aqcoe7G155700.1.p
OG0010886	VIT_204s0044g01360.1	Aqcoe5G236500.1.p
OG0010887	VIT_213s0047g00240.1	Aqcoe7G441900.2.p, Aqcoe7G441900.1.p
OG0010888	VIT_204s0008g06630.2, VIT_204s0008g06630.1	Aqcoe7G357500.1.p
OG0010889	VIT_211s0016g03390.1	Aqcoe7G412600.1.p
OG0010890	VIT_202s0012g00180.1	Aqcoe7G095000.1.p
OG0010891	VIT_211s0052g00120.1, VIT_211s0052g00120.3, VIT_211s0052g00120.2, VIT_211s0052g00130.2, VIT_211s0052g00130.4	Aqcoe7G263700.1.p
OG0010892	VIT_216s0098g00890.1	Aqcoe7G000300.1.p
OG0010893	VIT_216s0050g02260.1	Aqcoe7G022000.1.p, Aqcoe7G022000.2.p
OG0010894	VIT_211s0052g00810.1	Aqcoe7G319000.1.p, Aqcoe7G319000.2.p
OG0010895	VIT_204s0008g03740.1	Aqcoe7G170500.1.p, Aqcoe7G170500.2.p
OG0010896	VIT_211s0016g05450.1, VIT_209s0002g06820.1	Aqcoe7G264500.1.p
OG0010897	VIT_216s0098g01400.1	Aqcoe7G004800.1.p
OG0010898	VIT_209s0002g07010.1	Aqcoe7G236500.1.p
OG0010899	VIT_211s0016g03940.1	Aqcoe7G179300.1.p
OG0010900	VIT_202s0087g00610.1	Aqcoe7G097200.1.p
OG0010901	VIT_211s0016g05060.1	Aqcoe7G390900.1.p
OG0010902	VIT_211s0016g02570.2, VIT_211s0016g02570.1	Aqcoe7G134200.1.p, Aqcoe7G134200.2.p
OG0010903	VIT_208s0007g03800.1	Aqcoe1G456100.1.p, Aqcoe1G455800.1.p, Aqcoe7G201000.1.p
OG0010904	VIT_209s0002g05150.1, VIT_209s0002g05150.2	Aqcoe7G195700.1.p
OG0010905	VIT_211s0016g04840.1	Aqcoe7G281000.1.p
OG0010906	VIT_219s0015g01790.1, VIT_219s0015g01790.2	Aqcoe7G258700.1.p, Aqcoe1G382600.1.p
OG0010907	VIT_211s0052g01810.1	Aqcoe7G332900.1.p
OG0010908	VIT_209s0002g03770.2, VIT_209s0002g03770.1	Aqcoe7G158600.1.p, Aqcoe7G158600.2.p
OG0010909	VIT_204s0008g07040.1	Aqcoe7G342800.1.p
OG0010910	VIT_211s0016g00960.1	Aqcoe7G433000.1.p
OG0010911	VIT_204s0008g04740.1	Aqcoe7G208000.2.p, Aqcoe7G208000.1.p
OG0010912	VIT_204s0008g03750.1	Aqcoe7G171100.1.p
OG0010914	VIT_211s0016g00780.1	Aqcoe7G442500.3.p, Aqcoe7G442500.1.p, Aqcoe7G442500.2.p
OG0010915	VIT_206s0004g01860.2	Aqcoe7G087000.1.p
OG0010916	VIT_202s0154g00540.1, VIT_204s0044g00275.1	Aqcoe7G082500.1.p, Aqcoe7G082500.2.p
OG0010918	VIT_219s0014g00210.5, VIT_219s0014g00210.6, VIT_219s0014g00210.4, VIT_219s0014g00210.3, VIT_200s0174g00260.4, VIT_200s0174g00260.6, VIT_200s0174g00260.5, VIT_200s0174g00260.3, VIT_200s0174g00260.2, VIT_219s0014g00210.1, VIT_219s0014g00210.2, VIT_200s0174g00260.1, VIT_200s2562g00020.1, VIT_200s2562g00010.1	Aqcoe7G359600.1.p
OG0010919	VIT_216s0050g00830.1, VIT_216s0050g00870.1	Aqcoe7G029100.1.p
OG0010920	VIT_202s0025g00550.1	Aqcoe7G018500.1.p
OG0010921	VIT_211s0037g01280.1	Aqcoe7G338500.1.p
OG0010922	VIT_204s0008g04460.1	Aqcoe7G189500.1.p
OG0010923	VIT_216s0022g00640.1	Aqcoe7G079400.1.p
OG0010924	VIT_211s0016g02260.1	Aqcoe7G130600.1.p
OG0010926	VIT_215s0048g01140.1	Aqcoe7G051700.1.p
OG0010927	VIT_211s0052g00400.1	Aqcoe7G260700.1.p
OG0010928	VIT_204s0008g02670.2, VIT_204s0008g02670.1	Aqcoe7G294400.1.p, Aqcoe3G433400.2.p, Aqcoe3G433400.1.p
OG0010929	VIT_200s1428g00020.2, VIT_200s1428g00020.1	Aqcoe5G288700.1.p, Aqcoe7G224500.1.p, Aqcoe3G338100.1.p, Aqcoe1G231800.2.p, Aqcoe1G231800.1.p
OG0010930	VIT_208s0056g01660.1	Aqcoe1G063500.1.p, Aqcoe1G063500.2.p, Aqcoe1G063500.3.p
OG0010931	VIT_208s0007g04670.1	Aqcoe1G125700.1.p
OG0010932	VIT_200s0125g00280.1	Aqcoe1G172500.1.p
OG0010933	VIT_212s0059g01150.1, VIT_212s0059g01150.2, VIT_212s0059g01150.3	Aqcoe1G343400.1.p
OG0010934	VIT_219s0027g00200.1	Aqcoe1G178800.1.p
OG0010935	VIT_206s0080g00210.3, VIT_206s0080g00210.1, VIT_206s0080g00210.2	Aqcoe1G079400.1.p
OG0010936	VIT_205s0029g00710.1, VIT_204s0069g01110.1	Aqcoe1G209300.4.p, Aqcoe1G209300.3.p, Aqcoe1G209300.1.p, Aqcoe1G209300.2.p
OG0010937	VIT_210s0003g03870.1	Aqcoe1G187900.1.p
OG0010939	VIT_208s0007g06830.1	Aqcoe1G004500.1.p, Aqcoe1G004500.2.p
OG0010940	VIT_214s0219g00060.2, VIT_214s0219g00060.1	Aqcoe1G167300.1.p
OG0010941	VIT_206s0004g07370.2, VIT_206s0004g07370.1	Aqcoe1G150800.1.p
OG0010942	VIT_205s0062g00880.1	Aqcoe1G220500.1.p
OG0010944	VIT_219s0014g00460.1, VIT_219s0014g00460.2	Aqcoe1G214000.1.p
OG0010945	VIT_214s0128g00740.1	Aqcoe1G049500.1.p
OG0010946	VIT_213s0067g00920.1	Aqcoe1G420000.1.p
OG0010947	VIT_219s0014g03430.1	Aqcoe1G333000.2.p, Aqcoe1G333000.1.p
OG0010948	VIT_210s0003g01320.1	Aqcoe1G225100.1.p
OG0010949	VIT_206s0004g00890.1, VIT_206s0004g00890.2, VIT_208s0007g07050.1	Aqcoe1G007800.1.p
OG0010950	VIT_210s0003g00660.1	Aqcoe1G243400.1.p
OG0010951	VIT_200s0361g00040.1, VIT_200s0361g00040.2	Aqcoe1G369400.1.p, Aqcoe1G369600.1.p
OG0010952	VIT_219s0090g00120.1	Aqcoe1G277500.1.p
OG0010953	VIT_213s0047g00350.1, VIT_213s0047g00350.2	Aqcoe1G009300.1.p
OG0010954	VIT_208s0058g01100.1	Aqcoe1G400200.1.p
OG0010955	VIT_201s0011g01360.1	Aqcoe1G163500.1.p, Aqcoe1G163500.2.p
OG0010956	VIT_206s0004g05490.1	Aqcoe1G096700.1.p
OG0010957	VIT_212s0028g02210.1, VIT_212s0028g02200.1	Aqcoe1G228200.2.p, Aqcoe1G228200.1.p, Aqcoe1G228200.3.p
OG0010958	VIT_206s0004g00680.1	Aqcoe1G345900.1.p
OG0010959	VIT_208s0058g01330.1, VIT_213s0067g03040.1	Aqcoe1G407500.1.p
OG0010960	VIT_200s2377g00010.1, VIT_200s2377g00010.3, VIT_200s2377g00010.2, VIT_200s0227g00150.1	Aqcoe1G375600.1.p
OG0010961	VIT_208s0040g02230.1	Aqcoe1G493700.1.p
OG0010962	VIT_206s0061g01280.1	Aqcoe1G103800.1.p
OG0010963	VIT_219s0027g00750.1	Aqcoe1G170700.1.p
OG0010964	VIT_208s0007g01660.3, VIT_208s0007g01660.1, VIT_208s0007g01660.2	Aqcoe1G089100.1.p
OG0010965	VIT_210s0003g05740.1	Aqcoe1G167500.1.p
OG0010966	VIT_213s0067g02690.2, VIT_213s0067g02690.1	Aqcoe1G401400.2.p, Aqcoe1G401400.1.p
OG0010967	VIT_209s0002g04190.1	Aqcoe1G068700.2.p, Aqcoe1G068700.1.p, Aqcoe1G068700.3.p
OG0010968	VIT_219s0090g00200.1, VIT_219s0090g00200.2	Aqcoe1G278700.1.p
OG0010969	VIT_206s0004g07570.1, VIT_206s0004g07570.3, VIT_206s0004g07570.2	Aqcoe1G394900.1.p
OG0010970	VIT_208s0032g00680.4, VIT_208s0032g00680.2, VIT_208s0032g00680.3, VIT_208s0032g00680.1	Aqcoe1G071000.2.p, Aqcoe1G071000.3.p, Aqcoe1G071000.1.p
OG0010971	VIT_208s0058g00200.1	Aqcoe1G408600.1.p, Aqcoe3G265100.1.p
OG0010972	VIT_212s0142g00230.1	Aqcoe1G209000.1.p
OG0010973	VIT_219s0090g00590.1, VIT_212s0059g00700.1	Aqcoe1G231400.1.p
OG0010974	VIT_212s0028g03760.1	Aqcoe1G267100.1.p
OG0010975	VIT_213s0019g04870.2, VIT_213s0019g04870.1	Aqcoe1G131800.1.p
OG0010976	VIT_213s0019g03300.1	Aqcoe1G087300.1.p
OG0010977	VIT_201s0010g00630.1	Aqcoe1G141300.1.p, Aqcoe1G343800.1.p
OG0010978	VIT_206s0009g02320.1	Aqcoe1G005400.1.p
OG0010979	VIT_208s0007g00520.5, VIT_208s0007g00520.3, VIT_208s0007g00520.6, VIT_208s0007g00520.1, VIT_208s0007g00520.4, VIT_208s0007g00520.2	Aqcoe1G108500.1.p
OG0010980	VIT_213s0047g01110.2, VIT_213s0047g01110.1	Aqcoe1G009100.1.p
OG0010981	VIT_208s0032g00690.1, VIT_208s0032g00690.2	Aqcoe1G071200.1.p
OG0010982	VIT_216s0050g02070.1	Aqcoe1G185400.1.p
OG0010983	VIT_208s0056g01480.1, VIT_206s0009g01110.1	Aqcoe1G062200.1.p
OG0010984	VIT_210s0003g03190.2, VIT_210s0003g03190.1	Aqcoe1G191500.2.p, Aqcoe1G191500.1.p
OG0010985	VIT_213s0067g01320.3	Aqcoe1G413400.9.p, Aqcoe1G413400.8.p, Aqcoe1G413400.5.p, Aqcoe1G413400.4.p, Aqcoe1G413400.3.p, Aqcoe1G413400.12.p, Aqcoe1G413400.2.p, Aqcoe1G413400.11.p, Aqcoe1G413400.10.p, Aqcoe1G413400.16.p, Aqcoe1G413400.7.p, Aqcoe1G413400.13.p, Aqcoe1G413400.6.p, Aqcoe1G413400.17.p
OG0010986	VIT_208s0105g00500.2, VIT_208s0105g00500.1	Aqcoe1G415300.1.p
OG0010987	VIT_206s0004g01560.7, VIT_206s0004g01560.8, VIT_206s0004g01560.6, VIT_206s0004g01560.5, VIT_206s0004g01560.3, VIT_206s0004g01560.4, VIT_206s0004g01560.1, VIT_206s0004g01560.2	Aqcoe1G018700.2.p, Aqcoe1G018700.1.p
OG0010988	VIT_213s0064g00170.1, VIT_213s0064g00170.2	Aqcoe1G037500.1.p
OG0010989	VIT_219s0015g01810.3, VIT_219s0015g01810.1, VIT_219s0015g01810.2, VIT_214s0006g00821.1	Aqcoe1G382100.1.p, Aqcoe1G382100.3.p, Aqcoe1G382100.2.p, Aqcoe1G382100.4.p
OG0010990	VIT_208s0007g02970.1	Aqcoe1G439300.1.p
OG0010991	VIT_219s0090g01760.1	Aqcoe1G390100.1.p
OG0010992	VIT_208s0007g00620.1	Aqcoe1G106000.1.p
OG0010993	VIT_218s0089g01390.2, VIT_218s0089g01390.1	Aqcoe1G157400.1.p
OG0010994	VIT_208s0056g01160.2, VIT_208s0056g01160.1	Aqcoe1G001400.2.p, Aqcoe1G001400.1.p
OG0010995	VIT_219s0085g00600.1	Aqcoe1G162900.1.p
OG0010996	VIT_203s0017g01285.1, VIT_200s0625g00045.1, VIT_206s0009g00530.1, VIT_200s0679g00010.1, VIT_200s0989g00010.1	Aqcoe1G025000.1.p
OG0010997	VIT_212s0059g02110.1	Aqcoe1G308600.1.p
OG0010998	VIT_213s0019g04080.1, VIT_207s0104g01783.1	Aqcoe1G495800.1.p
OG0010999	VIT_214s0060g01270.1	Aqcoe1G175100.1.p, Aqcoe1G175100.3.p, Aqcoe1G175100.2.p, Aqcoe1G175100.4.p
OG0011000	VIT_206s0009g02490.3, VIT_206s0009g02490.2, VIT_206s0009g02490.1	Aqcoe1G154300.1.p
OG0011001	VIT_219s0014g00230.1	Aqcoe1G208200.1.p
OG0011002	VIT_216s0039g02570.1, VIT_216s0039g02570.3, VIT_216s0039g02570.2	Aqcoe1G008000.2.p, Aqcoe1G008000.1.p
OG0011003	VIT_213s0064g01430.2, VIT_213s0064g01430.1	Aqcoe1G019700.1.p
OG0011004	VIT_213s0067g01450.1	Aqcoe1G408500.1.p
OG0011005	VIT_213s0064g01450.1	Aqcoe1G019900.1.p
OG0011006	VIT_219s0014g02530.1, VIT_219s0014g02260.1, VIT_219s0014g02260.2, VIT_219s0014g02260.3	Aqcoe1G254800.1.p
OG0011007	VIT_203s0017g02330.1	Aqcoe1G159500.1.p
OG0011008	VIT_206s0004g05830.1	Aqcoe1G091600.1.p
OG0011009	VIT_205s0020g00040.3, VIT_205s0020g00040.1	Aqcoe1G042000.2.p, Aqcoe1G042000.1.p
OG0011010	VIT_219s0027g01680.2, VIT_219s0027g01680.1	Aqcoe1G167900.1.p
OG0011011	VIT_206s0004g02860.1	Aqcoe1G144100.1.p
OG0011012	VIT_213s0067g01400.1	Aqcoe1G409800.1.p
OG0011013	VIT_212s0057g00510.1, VIT_212s0057g00510.2	Aqcoe1G391300.1.p
OG0011014	VIT_208s0007g03260.1	Aqcoe1G444800.1.p
OG0011015	VIT_210s0003g00110.1	Aqcoe1G256600.1.p, Aqcoe1G256600.2.p
OG0011016	VIT_213s0067g02440.1	Aqcoe1G398900.1.p, Aqcoe1G398900.2.p
OG0011017	VIT_207s0104g01040.1	Aqcoe1G492300.1.p
OG0011018	VIT_208s0007g04520.1	Aqcoe1G122200.1.p
OG0011019	VIT_219s0085g01020.1	Aqcoe1G160400.1.p
OG0011020	VIT_202s0025g00410.1	Aqcoe1G485600.1.p
OG0011021	VIT_208s0056g00630.1	Aqcoe1G499200.1.p, Aqcoe1G499200.2.p
OG0011022	VIT_212s0028g02620.1	Aqcoe1G244800.3.p, Aqcoe1G244800.1.p, Aqcoe1G244800.2.p
OG0011023	VIT_210s0116g00300.1	Aqcoe1G356800.1.p
OG0011024	VIT_206s0004g00810.1	Aqcoe1G050700.2.p, Aqcoe1G050700.1.p
OG0011025	VIT_212s0059g01530.1, VIT_212s0059g01530.2, VIT_212s0059g01490.1	Aqcoe1G387400.1.p
OG0011026	VIT_213s0067g00670.2, VIT_213s0067g00670.1	Aqcoe1G423700.3.p, Aqcoe1G423700.2.p, Aqcoe1G423700.1.p
OG0011027	VIT_213s0067g01350.1	Aqcoe1G411400.1.p
OG0011028	VIT_213s0019g04630.1	Aqcoe1G438400.1.p
OG0011029	VIT_210s0003g01130.1	Aqcoe1G285700.1.p
OG0011030	VIT_207s0005g01680.1	Aqcoe5G306600.2.p, Aqcoe5G306600.1.p
OG0011031	VIT_202s0154g00040.1	Aqcoe5G420200.1.p
OG0011032	VIT_212s0055g00390.1	Aqcoe5G251700.1.p, Aqcoe5G188100.1.p
OG0011033	VIT_205s0062g01210.2, VIT_205s0062g01210.1	Aqcoe5G110100.1.p, Aqcoe5G425700.1.p
OG0011034	VIT_204s0044g01550.1, VIT_204s0044g01550.2	Aqcoe5G346600.1.p, Aqcoe5G346600.2.p
OG0011035	VIT_203s0088g00320.2, VIT_203s0088g00320.1	Aqcoe5G094900.1.p
OG0011036	VIT_202s0025g03670.3, VIT_202s0025g03670.1, VIT_202s0025g03670.2	Aqcoe5G428600.1.p, Aqcoe5G428600.2.p
OG0011037	VIT_219s0177g00220.1	Aqcoe5G083500.2.p, Aqcoe5G083500.1.p
OG0011038	VIT_201s0150g00390.1	Aqcoe5G320600.1.p
OG0011039	VIT_211s0016g01260.1	Aqcoe5G284900.1.p, Aqcoe5G284900.2.p
OG0011040	VIT_216s0098g00690.1	Aqcoe5G476300.1.p
OG0011041	VIT_211s0016g03290.1	Aqcoe5G380900.1.p
OG0011042	VIT_202s0025g02450.1	Aqcoe5G461400.1.p, Aqcoe5G461400.2.p, Aqcoe5G461400.3.p
OG0011043	VIT_201s0146g00120.1, VIT_201s0146g00120.3, VIT_201s0146g00120.2	Aqcoe5G347000.2.p, Aqcoe5G347000.1.p, Aqcoe5G347000.3.p
OG0011044	VIT_207s0130g00220.1	Aqcoe5G416100.1.p
OG0011045	VIT_204s0023g01610.1, VIT_219s0027g01320.1	Aqcoe5G194200.1.p
OG0011046	VIT_202s0025g02170.1	Aqcoe5G466400.1.p, Aqcoe5G466200.2.p, Aqcoe5G466200.1.p
OG0011047	VIT_200s0483g00020.1	Aqcoe5G167700.2.p, Aqcoe5G167700.1.p
OG0011048	VIT_207s0005g04490.1, VIT_207s0005g04490.2	Aqcoe5G011700.2.p, Aqcoe5G011700.1.p
OG0011049	VIT_203s0091g00820.1, VIT_203s0091g00820.2, VIT_203s0091g00820.3	Aqcoe5G101400.1.p
OG0011050	VIT_205s0049g02120.1	Aqcoe5G014000.1.p
OG0011051	VIT_206s0004g05510.1	Aqcoe5G129400.1.p, Aqcoe5G129400.2.p
OG0011052	VIT_218s0001g13270.2, VIT_218s0001g13270.1	Aqcoe5G182200.1.p
OG0011053	VIT_217s0000g09330.1	Aqcoe5G380500.1.p, Aqcoe5G397800.1.p
OG0011055	VIT_203s0038g03970.1	Aqcoe5G114100.2.p, Aqcoe5G114100.1.p
OG0011056	VIT_203s0038g00680.1, VIT_200s0218g00090.1	Aqcoe5G165200.2.p
OG0011057	VIT_212s0035g01940.1	Aqcoe5G216000.1.p
OG0011058	VIT_205s0077g01800.1, VIT_205s0077g01810.1	Aqcoe5G093800.1.p
OG0011059	VIT_202s0025g01235.1	Aqcoe5G447300.1.p
OG0011060	VIT_218s0072g00480.1	Aqcoe5G250100.1.p
OG0011061	VIT_207s0151g00530.2, VIT_207s0151g00530.1	Aqcoe5G050100.1.p
OG0011062	VIT_202s0025g01250.2, VIT_202s0025g01250.1, VIT_202s0025g01250.3	Aqcoe5G450700.1.p
OG0011063	VIT_207s0005g03660.1	Aqcoe5G023500.1.p
OG0011064	VIT_207s0005g05510.1	Aqcoe5G006200.1.p
OG0011065	VIT_215s0024g00390.1	Aqcoe5G289900.1.p, Aqcoe5G289900.2.p
OG0011066	VIT_212s0057g01540.1	Aqcoe5G053300.1.p
OG0011067	VIT_200s0184g00030.1	Aqcoe5G002700.1.p
OG0011068	VIT_218s0001g10470.1, VIT_218s0001g10470.4, VIT_218s0001g10470.8, VIT_218s0001g10470.7, VIT_218s0001g10470.6, VIT_218s0001g10470.2, VIT_218s0001g10470.5, VIT_218s0001g10470.3	Aqcoe5G151800.1.p
OG0011069	VIT_201s0010g02910.1	Aqcoe5G363100.1.p
OG0011070	VIT_203s0038g00370.1	Aqcoe5G167000.1.p
OG0011071	VIT_202s0025g02890.1	Aqcoe5G471800.1.p
OG0011072	VIT_207s0130g00100.1	Aqcoe5G276800.1.p
OG0011073	VIT_218s0001g09080.3, VIT_218s0001g09080.1, VIT_218s0001g09080.2	Aqcoe5G102800.1.p
OG0011074	VIT_204s0044g01410.1, VIT_204s0044g01410.2	Aqcoe5G265600.1.p
OG0011075	VIT_214s0066g00330.1	Aqcoe5G397700.1.p
OG0011076	VIT_203s0038g02430.2, VIT_203s0038g02430.1	Aqcoe5G214100.1.p
OG0011077	VIT_217s0000g01370.1, VIT_217s0000g01370.2	Aqcoe5G357500.1.p, Aqcoe5G357500.2.p
OG0011078	VIT_212s0034g01420.3, VIT_212s0034g01420.2, VIT_212s0034g01420.1	Aqcoe5G260400.2.p, Aqcoe5G260400.1.p
OG0011079	VIT_205s0049g01360.2, VIT_205s0049g01360.1	Aqcoe5G021100.1.p
OG0011080	VIT_207s0005g00460.1	Aqcoe5G088500.1.p
OG0011081	VIT_214s0171g00510.1	Aqcoe5G375600.1.p, Aqcoe5G375600.2.p
OG0011082	VIT_214s0081g00710.1	Aqcoe5G030000.1.p
OG0011083	VIT_201s0150g00190.1, VIT_201s0150g00190.2	Aqcoe5G330000.1.p
OG0011085	VIT_207s0031g00090.1	Aqcoe5G143800.1.p
OG0011086	VIT_216s0050g01420.1	Aqcoe5G436400.1.p
OG0011087	VIT_201s0010g02370.1, VIT_201s0010g02370.2	Aqcoe5G375700.1.p
OG0011088	VIT_205s0077g01870.1	Aqcoe5G093000.2.p, Aqcoe5G092800.1.p, Aqcoe5G093000.1.p
OG0011089	VIT_207s0031g00540.1	Aqcoe5G150300.1.p
OG0011090	VIT_203s0038g03860.1	Aqcoe5G117800.1.p
OG0011091	VIT_202s0025g03200.1	Aqcoe5G477900.1.p, Aqcoe5G477900.2.p
OG0011092	VIT_215s0021g02230.1	Aqcoe5G412700.1.p
OG0011093	VIT_214s0068g00730.1, VIT_201s0150g00380.1	Aqcoe5G322200.1.p, Aqcoe3G158200.1.p
OG0011094	VIT_204s0023g00720.1, VIT_204s0023g00720.2	Aqcoe5G002500.1.p
OG0011095	VIT_201s0146g00270.1, VIT_201s0146g00270.2	Aqcoe5G345000.1.p
OG0011096	VIT_218s0072g01060.1	Aqcoe5G304500.1.p
OG0011097	VIT_203s0063g01890.1	Aqcoe5G203400.1.p
OG0011098	VIT_203s0063g01800.1, VIT_215s0045g01320.1	Aqcoe5G205100.1.p, Aqcoe5G205100.2.p
OG0011099	VIT_217s0000g09710.1	Aqcoe5G387700.1.p
OG0011100	VIT_218s0001g02530.1	Aqcoe5G224500.3.p, Aqcoe5G224500.1.p, Aqcoe5G224500.2.p
OG0011101	VIT_204s0043g00400.2, VIT_204s0043g00400.3, VIT_204s0043g00400.1	Aqcoe5G010100.1.p
OG0011102	VIT_202s0025g03470.1	Aqcoe5G410900.1.p
OG0011103	VIT_202s0012g00980.2, VIT_202s0012g00980.3, VIT_202s0012g00980.1	Aqcoe5G289500.1.p
OG0011104	VIT_216s0098g00660.1	Aqcoe5G476800.2.p, Aqcoe5G476800.1.p
OG0011105	VIT_218s0001g12780.1	Aqcoe5G232000.1.p
OG0011107	VIT_217s0000g09040.1	Aqcoe5G405000.1.p
OG0011108	VIT_214s0060g01920.1	Aqcoe5G091100.1.p
OG0011110	VIT_207s0031g00270.1, VIT_207s0031g00265.1	Aqcoe5G146500.1.p, Aqcoe5G146400.1.p
OG0011111	VIT_218s0089g00210.2, VIT_218s0089g00210.1	Aqcoe5G314500.1.p
OG0011112	VIT_218s0001g12980.1	Aqcoe5G188000.2.p, Aqcoe5G188000.3.p, Aqcoe5G188000.1.p
OG0011113	VIT_202s0025g03010.2, VIT_202s0025g03010.1	Aqcoe5G473200.1.p
OG0011114	VIT_214s0060g01080.3, VIT_214s0060g01080.1, VIT_214s0060g01080.2	Aqcoe5G312000.1.p
OG0011115	VIT_218s0001g02520.1	Aqcoe5G256900.2.p, Aqcoe5G256900.1.p
OG0011116	VIT_215s0046g00180.3, VIT_215s0046g00180.2, VIT_215s0046g00180.1	Aqcoe5G465100.2.p, Aqcoe5G465100.1.p
OG0011117	VIT_214s0006g00410.1	Aqcoe5G261100.2.p, Aqcoe5G261100.1.p, Aqcoe5G261100.3.p
OG0011118	VIT_207s0031g00680.1	Aqcoe5G152100.1.p
OG0011119	VIT_212s0034g01090.1	Aqcoe5G281700.1.p
OG0011120	VIT_216s0098g01280.1, VIT_216s0098g01280.2	Aqcoe5G461600.1.p
OG0011121	VIT_211s0016g01090.1	Aqcoe5G465500.1.p
OG0011122	VIT_214s0030g01400.3, VIT_214s0030g01400.1, VIT_214s0030g01400.2	Aqcoe5G080800.1.p
OG0011123	VIT_207s0104g01470.1	Aqcoe5G079800.1.p
OG0011124	VIT_203s0038g03110.1	Aqcoe5G122800.1.p
OG0011125	VIT_218s0001g10520.1	Aqcoe5G152400.1.p
OG0011126	VIT_205s0077g00060.1	Aqcoe5G010500.1.p, Aqcoe5G010500.2.p
OG0011127	VIT_218s0089g01230.3, VIT_218s0089g01230.1, VIT_218s0089g01230.2	Aqcoe3G059300.1.p, Aqcoe3G126600.1.p, Aqcoe5G038600.1.p
OG0011128	VIT_205s0020g03330.1	Aqcoe5G056500.1.p, Aqcoe5G056500.2.p, Aqcoe5G056500.4.p, Aqcoe5G056500.3.p
OG0011129	VIT_207s0031g01640.1, VIT_207s0031g01640.2	Aqcoe5G225700.1.p
OG0011130	VIT_218s0001g02600.1	Aqcoe5G255800.1.p
OG0011131	VIT_217s0000g00150.1	Aqcoe5G327800.1.p
OG0011132	VIT_205s0020g00640.1	Aqcoe5G296000.1.p, Aqcoe5G296000.2.p
OG0011133	VIT_207s0031g01470.1, VIT_207s0031g01470.2	Aqcoe5G224700.1.p
OG0011134	VIT_215s0048g02620.1	Aqcoe5G054800.1.p
OG0011135	VIT_214s0066g01440.1	Aqcoe3G294900.1.p, Aqcoe3G115700.1.p
OG0011136	VIT_201s0010g00720.3, VIT_201s0010g00720.5, VIT_201s0010g00720.1, VIT_201s0010g00720.4, VIT_201s0010g00720.2	Aqcoe3G380400.1.p, Aqcoe3G070200.1.p, Aqcoe3G070200.2.p, Aqcoe3G070200.3.p
OG0011137	VIT_201s0011g03440.1, VIT_217s0000g03780.1, VIT_201s0011g03430.1	Aqcoe3G040800.1.p, Aqcoe3G040700.1.p
OG0011138	VIT_217s0000g03820.1, VIT_217s0000g03800.1	Aqcoe3G041400.1.p
OG0011139	VIT_219s0085g00040.3, VIT_219s0085g00040.2, VIT_219s0085g00040.1	Aqcoe3G298400.1.p
OG0011140	VIT_217s0000g02470.1	Aqcoe3G011200.1.p
OG0011141	VIT_201s0010g01610.1, VIT_201s0010g01610.2	Aqcoe3G010100.2.p, Aqcoe3G010100.1.p
OG0011142	VIT_214s0066g00320.2, VIT_214s0066g00320.1	Aqcoe3G141600.2.p, Aqcoe3G141600.1.p
OG0011143	VIT_204s0023g01460.1	Aqcoe3G437200.1.p, Aqcoe3G437500.1.p, Aqcoe3G437400.1.p, Aqcoe3G437300.1.p
OG0011144	VIT_201s0182g00050.1	Aqcoe3G348900.1.p
OG0011145	VIT_217s0000g09890.3, VIT_217s0000g09890.2, VIT_217s0000g09890.1	Aqcoe3G134500.1.p
OG0011146	VIT_202s0012g01110.1	Aqcoe3G236800.1.p
OG0011147	VIT_217s0000g06060.2, VIT_217s0000g06060.3, VIT_217s0000g06060.1	Aqcoe3G336800.1.p
OG0011148	VIT_201s0010g02090.1	Aqcoe3G427600.4.p, Aqcoe3G427600.3.p, Aqcoe3G427600.2.p, Aqcoe3G427600.1.p
OG0011149	VIT_204s0044g00070.2, VIT_204s0044g00070.1	Aqcoe3G026200.1.p
OG0011150	VIT_217s0000g03040.1	Aqcoe3G022200.1.p, Aqcoe3G022100.1.p
OG0011151	VIT_217s0000g05940.1, VIT_217s0000g05940.2, VIT_217s0000g05940.4, VIT_217s0000g05940.3	Aqcoe3G333600.1.p
OG0011152	VIT_215s0021g00530.1	Aqcoe3G255800.1.p
OG0011153	VIT_201s0127g00420.1	Aqcoe3G286400.1.p
OG0011154	VIT_215s0021g00880.1	Aqcoe3G257100.3.p, Aqcoe3G257100.2.p, Aqcoe3G257100.1.p
OG0011155	VIT_201s0011g03010.1	Aqcoe3G396500.1.p
OG0011156	VIT_214s0006g01900.2, VIT_214s0006g01900.1, VIT_214s0006g01900.3	Aqcoe3G018600.1.p
OG0011157	VIT_201s0011g06390.1	Aqcoe3G405900.1.p, Aqcoe3G405900.2.p
OG0011158	VIT_201s0011g05010.2, VIT_201s0011g05010.1	Aqcoe3G000500.1.p
OG0011159	VIT_217s0000g07120.1, VIT_217s0000g07120.2	Aqcoe3G363400.1.p
OG0011160	VIT_204s0079g00420.1	Aqcoe3G421000.1.p
OG0011161	VIT_200s0225g00010.1	Aqcoe3G145200.2.p, Aqcoe3G145200.1.p
OG0011162	VIT_214s0068g00260.1, VIT_214s0068g00260.2	Aqcoe3G371100.1.p
OG0011163	VIT_210s0071g00860.1	Aqcoe3G440900.1.p
OG0011164	VIT_201s0010g03685.1	Aqcoe3G200300.1.p
OG0011165	VIT_217s0000g05250.1	Aqcoe3G370400.1.p
OG0011166	VIT_217s0000g01140.1, VIT_202s0012g02290.1	Aqcoe3G214000.1.p
OG0011167	VIT_201s0010g01170.1	Aqcoe3G436700.1.p
OG0011168	VIT_214s0066g02360.1	Aqcoe3G103400.1.p
OG0011169	VIT_201s0127g00250.1	Aqcoe3G281400.1.p
OG0011170	VIT_203s0038g04610.1	Aqcoe3G088000.1.p
OG0011171	VIT_201s0026g00590.1	Aqcoe3G110100.1.p
OG0011172	VIT_202s0012g01870.1	Aqcoe3G167700.1.p
OG0011173	VIT_201s0137g00620.1	Aqcoe3G140500.1.p
OG0011174	VIT_210s0071g00970.2, VIT_210s0071g00970.1	Aqcoe3G441900.1.p
OG0011175	VIT_201s0011g03590.2, VIT_201s0011g03590.1	Aqcoe3G038500.1.p
OG0011176	VIT_201s0011g00120.1	Aqcoe3G372500.1.p
OG0011177	VIT_204s0043g00330.1	Aqcoe3G411300.1.p
OG0011178	VIT_214s0108g00060.1	Aqcoe3G088700.1.p
OG0011179	VIT_217s0000g00250.2, VIT_217s0000g00250.1, VIT_217s0000g00250.3	Aqcoe3G197100.1.p
OG0011180	VIT_201s0026g01930.1	Aqcoe3G332600.1.p
OG0011181	VIT_217s0000g04180.1	Aqcoe3G048600.1.p
OG0011183	VIT_201s0011g04050.1, VIT_201s0011g04050.3, VIT_201s0011g04050.2	Aqcoe3G412700.1.p
OG0011184	VIT_212s0142g00310.3, VIT_212s0142g00310.2, VIT_212s0142g00310.1	Aqcoe3G432200.1.p
OG0011185	VIT_202s0012g01140.1	Aqcoe3G237800.1.p
OG0011186	VIT_215s0021g01690.1, VIT_215s0021g01720.1	Aqcoe3G269600.1.p
OG0011187	VIT_201s0011g05300.1	Aqcoe3G417600.1.p
OG0011188	VIT_214s0108g01170.1	Aqcoe3G349600.1.p
OG0011189	VIT_202s0012g01420.1	Aqcoe3G224200.1.p, Aqcoe3G224200.3.p, Aqcoe3G224200.2.p
OG0011190	VIT_204s0079g00290.1	Aqcoe3G424600.1.p
OG0011191	VIT_216s0050g02640.4, VIT_216s0050g02640.2, VIT_216s0050g02640.1	Aqcoe3G077500.10.p, Aqcoe3G077500.9.p, Aqcoe3G077500.7.p, Aqcoe3G077500.8.p
OG0011192	VIT_216s0039g02700.2	Aqcoe3G242200.1.p
OG0011193	VIT_205s0094g00420.2, VIT_205s0094g00420.3, VIT_205s0094g00420.1	Aqcoe3G248100.1.p
OG0011194	VIT_201s0137g00320.1	Aqcoe3G136200.1.p
OG0011195	VIT_208s0040g03370.1	Aqcoe3G298200.2.p, Aqcoe3G298200.1.p
OG0011196	VIT_217s0000g04910.1	Aqcoe3G376600.1.p
OG0011197	VIT_217s0000g08580.1	Aqcoe3G283000.2.p, Aqcoe3G283000.1.p
OG0011198	VIT_214s0108g01050.1	Aqcoe3G344800.1.p, Aqcoe3G344800.2.p
OG0011199	VIT_217s0000g01470.1	Aqcoe3G194900.1.p
OG0011200	VIT_214s0066g02450.1	Aqcoe3G319700.1.p, Aqcoe3G320200.1.p
OG0011201	VIT_217s0000g08200.1	Aqcoe3G292800.1.p, Aqcoe3G292800.2.p
OG0011202	VIT_201s0010g03530.1	Aqcoe3G197200.1.p
OG0011203	VIT_214s0108g01440.1, VIT_214s0108g01440.2, VIT_214s0108g01440.4	Aqcoe3G050800.1.p
OG0011204	VIT_214s0108g01350.1	Aqcoe3G356600.1.p
OG0011205	VIT_212s0121g00020.1, VIT_207s0141g00180.1	Aqcoe3G030000.1.p, Aqcoe3G030000.2.p
OG0011206	VIT_207s0005g01200.1, VIT_207s0005g01200.2, VIT_207s0005g01200.3	Aqcoe3G149800.2.p, Aqcoe3G149800.1.p
OG0011207	VIT_210s0071g00750.1	Aqcoe3G440300.1.p, Aqcoe3G440300.2.p
OG0011208	VIT_215s0021g01920.1	Aqcoe3G273600.1.p, Aqcoe3G273600.2.p, Aqcoe3G273900.1.p
OG0011209	VIT_215s0021g00450.1, VIT_215s0021g00450.2	Aqcoe3G238700.1.p, Aqcoe3G238700.2.p
OG0011210	VIT_217s0000g01190.1, VIT_217s0000g01190.2	Aqcoe3G198400.1.p
OG0011211	VIT_201s0026g00320.1	Aqcoe3G299500.1.p
OG0011212	VIT_210s0071g01010.1	Aqcoe3G442200.1.p
OG0011213	VIT_201s0026g00680.2, VIT_201s0026g00680.1	Aqcoe3G304600.1.p
OG0011214	VIT_201s0127g00660.1, VIT_201s0127g00660.2	Aqcoe3G083800.1.p
OG0011215	VIT_200s0299g00060.1	Aqcoe3G275200.1.p
OG0011216	VIT_202s0033g00300.1, VIT_202s0033g00300.4, VIT_202s0033g00300.3, VIT_202s0033g00300.2	Aqcoe3G208000.1.p
OG0011217	VIT_201s0011g00660.1, VIT_211s0016g04640.1, VIT_217s0000g09300.1	Aqcoe3G141900.1.p
OG0011218	VIT_201s0011g06240.1, VIT_201s0011g06240.2, VIT_201s0011g06240.4, VIT_201s0011g06240.3	Aqcoe3G419800.1.p
OG0011219	VIT_214s0108g00020.2, VIT_214s0108g00020.4, VIT_214s0108g00020.3, VIT_214s0108g00020.1	Aqcoe3G090400.1.p, Aqcoe3G090400.2.p
OG0011220	VIT_214s0006g00846.1, VIT_213s0047g01040.1	Aqcoe3G228200.1.p
OG0011221	VIT_216s0050g01450.1	Aqcoe3G384000.1.p, Aqcoe3G384000.2.p
OG0011222	VIT_203s0038g04220.1	Aqcoe3G339000.1.p
OG0011223	VIT_201s0011g06010.1, VIT_201s0011g06000.1	Aqcoe3G414100.1.p
OG0011224	VIT_202s0012g01300.1	Aqcoe3G233300.1.p, Aqcoe3G233300.2.p
OG0011225	VIT_217s0000g04210.1	Aqcoe3G048300.1.p
OG0011226	VIT_217s0000g02910.1, VIT_217s0000g02910.3, VIT_217s0000g02910.2	Aqcoe3G404700.1.p
OG0011227	VIT_216s0039g01660.1	Aqcoe3G222300.1.p
OG0011228	VIT_201s0026g00260.1	Aqcoe3G298900.1.p
OG0011229	VIT_201s0026g00920.1, VIT_201s0026g00920.3	Aqcoe3G104100.1.p
OG0011231	VIT_214s0171g00260.1	Aqcoe3G190200.1.p
OG0011232	VIT_213s0106g00370.1, VIT_202s0012g00630.1	Aqcoe3G251200.1.p
OG0011343	VIT_209s0002g08160.1, VIT_209s0002g08290.1	Aqcoe4G101900.1.p, Aqcoe1G135300.1.p, Aqcoe7G122000.1.p, Aqcoe0157s0001.1.p, Aqcoe7G121100.1.p, Aqcoe7G120800.2.p, Aqcoe7G120800.1.p, Aqcoe7G121900.3.p, Aqcoe7G121900.1.p, Aqcoe7G121900.2.p, Aqcoe7G118200.1.p, Aqcoe4G180800.1.p, Aqcoe4G180800.2.p
OG0011344	VIT_206s0009g00760.1	Aqcoe6G081400.1.p, Aqcoe5G423200.1.p, Aqcoe5G078800.1.p, Aqcoe5G077500.1.p, Aqcoe4G070800.1.p, Aqcoe4G140400.1.p, Aqcoe5G077900.1.p, Aqcoe5G078000.1.p, Aqcoe5G079300.1.p, Aqcoe0189s0002.1.p, Aqcoe5G078500.1.p
OG0011345	VIT_205s0020g01840.1	Aqcoe0757s0002.1.p, Aqcoe2G311800.1.p
OG0011346	VIT_208s0058g00310.1, VIT_208s0058g00295.1, VIT_208s0058g00305.1	Aqcoe2G085800.1.p
OG0011347	VIT_218s0001g11750.1	Aqcoe2G415400.1.p, Aqcoe2G415400.2.p
OG0011348	VIT_213s0067g00160.1	Aqcoe2G074500.1.p
OG0011349	VIT_205s0020g03490.1	Aqcoe2G345800.1.p
OG0011350	VIT_200s0187g00250.1, VIT_200s0187g00200.1	Aqcoe2G066000.1.p
OG0011352	VIT_205s0029g00300.1, VIT_205s0029g00260.1	Aqcoe2G405600.2.p, Aqcoe2G405600.1.p
OG0011353	VIT_205s0051g00650.1	Aqcoe2G389600.1.p
OG0011354	VIT_208s0058g00950.1	Aqcoe1G396300.1.p, Aqcoe2G384400.1.p
OG0011355	VIT_208s0056g00720.1	Aqcoe2G072900.1.p
OG0011356	VIT_206s0009g02500.1	Aqcoe2G055600.1.p
OG0011357	VIT_206s0004g06580.1	Aqcoe2G095700.1.p
OG0011358	VIT_214s0128g00090.1	Aqcoe2G276200.1.p, Aqcoe2G276200.3.p, Aqcoe2G276200.2.p
OG0011359	VIT_208s0007g02900.1	Aqcoe2G114100.1.p
OG0011360	VIT_205s0077g01170.1	Aqcoe2G276100.1.p
OG0011361	VIT_208s0007g00950.1	Aqcoe2G231700.1.p
OG0011362	VIT_205s0020g00690.1	Aqcoe2G252600.1.p
OG0011363	VIT_205s0020g02470.2, VIT_205s0020g02470.3, VIT_205s0020g02470.1	Aqcoe2G327400.1.p
OG0011364	VIT_205s0020g03920.1, VIT_205s0020g03920.2	Aqcoe2G351100.1.p
OG0011366	VIT_213s0067g02450.1	Aqcoe2G078500.1.p
OG0011368	VIT_219s0085g00840.2, VIT_219s0085g00840.3, VIT_219s0085g00840.4, VIT_219s0085g00840.1	Aqcoe2G027100.1.p, Aqcoe2G027100.2.p
OG0011369	VIT_208s0032g00640.1, VIT_208s0032g00640.2, VIT_208s0032g00640.3	Aqcoe2G067000.1.p
OG0011370	VIT_208s0007g07630.1	Aqcoe2G001200.1.p
OG0011372	VIT_207s0005g05780.2, VIT_207s0005g05780.3, VIT_207s0005g05780.1	Aqcoe2G386600.1.p
OG0011373	VIT_213s0067g02120.2, VIT_213s0067g02120.3, VIT_213s0067g02120.1	Aqcoe2G081300.1.p, Aqcoe2G081300.2.p
OG0011374	VIT_205s0020g02130.1	Aqcoe2G318400.1.p
OG0011376	VIT_214s0030g01910.1, VIT_214s0030g01910.3, VIT_214s0030g01910.2	Aqcoe2G352100.1.p
OG0011377	VIT_208s0007g03890.2, VIT_208s0007g03890.1	Aqcoe2G336400.1.p
OG0011378	VIT_206s0004g06770.2, VIT_206s0004g06770.1	Aqcoe1G417000.1.p, Aqcoe2G090500.1.p
OG0011379	VIT_207s0151g00970.5, VIT_207s0151g00970.6, VIT_207s0151g00970.2, VIT_207s0151g00970.3, VIT_207s0151g00970.1, VIT_207s0151g00970.4	Aqcoe2G342800.1.p
OG0011380	VIT_213s0019g00430.1	Aqcoe2G177900.1.p
OG0011381	VIT_200s0333g00040.1, VIT_217s0000g08815.1	Aqcoe2G408900.1.p
OG0011382	VIT_209s0018g00270.1	Aqcoe2G035800.1.p
OG0011383	VIT_206s0004g06170.1	Aqcoe2G101100.1.p
OG0011384	VIT_208s0040g00160.1, VIT_208s0040g00160.2, VIT_208s0040g00160.3, VIT_208s0040g00160.6, VIT_208s0040g00160.4, VIT_208s0040g00160.5	Aqcoe2G007100.1.p
OG0011385	VIT_208s0007g05700.1	Aqcoe2G388800.1.p, Aqcoe2G035100.1.p
OG0011386	VIT_210s0116g00240.1, VIT_203s0017g01495.1	Aqcoe2G406300.1.p
OG0011387	VIT_206s0004g00730.2, VIT_206s0004g00730.1	Aqcoe2G051100.1.p
OG0011388	VIT_213s0019g04260.1	Aqcoe1G144300.1.p, Aqcoe2G215100.1.p
OG0011389	VIT_213s0064g01250.1, VIT_213s0064g01250.2	Aqcoe2G013600.1.p
OG0011390	VIT_205s0020g03360.1, VIT_214s0030g01750.1	Aqcoe2G344500.1.p
OG0011391	VIT_205s0051g00410.1	Aqcoe2G392800.1.p
OG0011392	VIT_207s0104g00450.2, VIT_207s0104g00450.4, VIT_207s0104g00450.5, VIT_207s0104g00450.1, VIT_207s0104g00450.3	Aqcoe2G336900.1.p
OG0011393	VIT_211s0052g00600.1	Aqcoe2G221700.1.p
OG0011394	VIT_205s0062g00810.1	Aqcoe2G419700.1.p
OG0011395	VIT_205s0062g01100.1, VIT_210s0003g04545.1	Aqcoe2G426800.1.p
OG0011396	VIT_206s0009g02070.1, VIT_212s0059g02430.1	Aqcoe2G189100.1.p, Aqcoe2G163800.1.p
OG0011397	VIT_205s0020g03460.1	Aqcoe2G345600.1.p
OG0011398	VIT_200s0179g00290.3, VIT_200s0179g00290.4, VIT_200s0179g00290.2, VIT_200s0179g00290.5, VIT_200s0179g00290.1	Aqcoe2G354800.3.p, Aqcoe2G354800.2.p, Aqcoe2G354800.1.p
OG0011399	VIT_208s0032g00900.1, VIT_217s0119g00050.1	Aqcoe2G262000.1.p, Aqcoe7G435800.1.p
OG0011400	VIT_205s0049g01930.1	Aqcoe2G384200.1.p
OG0011401	VIT_205s0020g00430.1	Aqcoe2G259000.1.p
OG0011402	VIT_206s0004g05150.1	Aqcoe2G226600.1.p
OG0011404	VIT_200s0757g00030.1, VIT_200s0757g00030.2	Aqcoe2G428200.1.p, Aqcoe2G428200.2.p
OG0011405	VIT_200s0246g00050.1	Aqcoe3G235300.1.p
OG0011406	VIT_213s0074g00420.1	Aqcoe2G127300.1.p
OG0011407	VIT_207s0005g01470.1	Aqcoe2G274100.1.p, Aqcoe2G274600.1.p
OG0011408	VIT_207s0005g03010.1	Aqcoe2G369400.1.p
OG0011409	VIT_208s0007g04710.1	Aqcoe2G212900.1.p
OG0011411	VIT_213s0158g00160.1, VIT_213s0158g00160.2	Aqcoe2G022900.1.p
OG0011412	VIT_207s0005g01310.1	Aqcoe2G202100.1.p
OG0011413	VIT_206s0009g03350.2, VIT_206s0009g03350.1	Aqcoe2G041500.1.p
OG0011414	VIT_213s0064g01470.1	Aqcoe2G006300.1.p
OG0011415	VIT_205s0077g01420.1, VIT_205s0077g01420.2	Aqcoe2G280800.1.p
OG0011416	VIT_208s0007g07290.2, VIT_208s0007g07290.1	Aqcoe2G056900.1.p
OG0011417	VIT_212s0142g00120.1	Aqcoe2G096500.1.p
OG0011418	VIT_205s0102g00220.1	Aqcoe2G430600.1.p
OG0011419	VIT_208s0007g05220.1	Aqcoe2G042800.1.p, Aqcoe2G042800.2.p
OG0011420	VIT_206s0004g02870.1	Aqcoe2G215000.1.p
OG0011421	VIT_208s0040g02950.1	Aqcoe2G170400.1.p
OG0011422	VIT_206s0009g02540.1	Aqcoe2G055700.1.p
OG0011423	VIT_205s0020g02830.1	Aqcoe2G334900.1.p
OG0011424	VIT_214s0060g01660.1	Aqcoe2G285100.1.p
OG0011425	VIT_208s0007g08750.1	Aqcoe2G024100.1.p
OG0011426	VIT_205s0020g04580.1	Aqcoe2G356600.1.p
OG0011428	VIT_205s0020g04650.3, VIT_205s0020g04650.2, VIT_205s0020g04650.1	Aqcoe2G360600.1.p
OG0011429	VIT_208s0007g07280.1	Aqcoe2G057000.1.p, Aqcoe2G057000.2.p
OG0011430	VIT_205s0102g00090.1	Aqcoe2G431500.2.p, Aqcoe2G431500.1.p
OG0011431	VIT_208s0058g00270.4, VIT_208s0058g00270.2, VIT_208s0058g00270.1	Aqcoe2G015300.1.p
OG0011433	VIT_207s0005g02960.1	Aqcoe2G365900.1.p
OG0011434	VIT_218s0089g00900.1	Aqcoe6G004600.1.p, Aqcoe2G244700.1.p
OG0011435	VIT_206s0009g01620.1	Aqcoe2G000500.1.p
OG0011436	VIT_214s0036g00470.1, VIT_214s0036g00470.2	Aqcoe2G374000.1.p
OG0011437	VIT_206s0004g00580.1	Aqcoe2G059900.1.p
OG0011438	VIT_214s0068g00790.1	Aqcoe2G139100.1.p
OG0011439	VIT_210s0042g00180.1, VIT_210s0042g00180.2	Aqcoe2G087900.1.p
OG0011440	VIT_205s0094g00520.1	Aqcoe2G405400.1.p
OG0011441	VIT_208s0007g00570.1	Aqcoe2G223600.1.p
OG0011442	VIT_208s0105g00550.1	Aqcoe2G011500.1.p, Aqcoe7G291600.1.p
OG0011443	VIT_202s0012g01800.1	Aqcoe2G398800.1.p
OG0011444	VIT_204s0023g00110.1	Aqcoe2G423300.1.p
OG0011445	VIT_205s0029g00080.1	Aqcoe2G398500.1.p
OG0011446	VIT_213s0084g00800.1	Aqcoe2G042300.2.p, Aqcoe2G042300.1.p
OG0011447	VIT_205s0020g03620.1, VIT_205s0020g03620.2	Aqcoe2G347200.1.p
OG0011448	VIT_213s0019g03070.1	Aqcoe2G410800.1.p
OG0011449	VIT_218s0001g13920.1	Aqcoe6G242700.1.p
OG0011450	VIT_200s1232g00020.1	Aqcoe6G150800.1.p, Aqcoe5G070500.1.p
OG0011451	VIT_203s0038g03590.5, VIT_203s0038g03590.2, VIT_203s0038g03590.1, VIT_203s0038g03590.3, VIT_203s0038g03590.4, VIT_203s0038g03580.1	Aqcoe6G198500.1.p, Aqcoe6G233100.1.p
OG0011452	VIT_218s0001g03330.2, VIT_218s0001g03330.1	Aqcoe6G017800.1.p
OG0011454	VIT_218s0001g05980.1	Aqcoe6G012300.1.p
OG0011455	VIT_203s0063g00930.1	Aqcoe6G151100.1.p
OG0011456	VIT_218s0001g04600.4, VIT_218s0001g04600.2, VIT_218s0001g04600.3, VIT_218s0001g04600.1	Aqcoe6G055700.2.p, Aqcoe6G055700.1.p
OG0011457	VIT_204s0023g02680.1	Aqcoe6G130500.1.p
OG0011458	VIT_218s0089g00930.1	Aqcoe6G004200.2.p, Aqcoe6G004200.1.p
OG0011459	VIT_204s0079g00020.2, VIT_204s0079g00020.1, VIT_200s0270g00130.1, VIT_200s0270g00130.2, VIT_204s0079g00040.2, VIT_204s0079g00040.1	Aqcoe6G059400.1.p
OG0011460	VIT_203s0063g01900.1	Aqcoe6G104600.1.p
OG0011461	VIT_212s0057g01170.1, VIT_203s0017g01670.1, VIT_203s0017g01670.3, VIT_203s0017g01670.2	Aqcoe6G179200.1.p
OG0011462	VIT_203s0038g04030.1	Aqcoe6G163500.1.p
OG0011463	VIT_207s0031g01730.3, VIT_207s0031g01730.2, VIT_207s0031g01730.1	Aqcoe6G047900.1.p
OG0011464	VIT_204s0023g01670.1	Aqcoe6G118200.1.p
OG0011465	VIT_218s0001g09370.1	Aqcoe6G292000.1.p
OG0011466	VIT_207s0130g00140.1, VIT_207s0130g00150.1	Aqcoe6G014900.1.p
OG0011468	VIT_207s0005g04670.1, VIT_207s0005g04680.1	Aqcoe6G182000.2.p, Aqcoe3G235000.1.p, Aqcoe4G199000.2.p, Aqcoe4G199000.1.p, Aqcoe6G182000.1.p
OG0011469	VIT_218s0001g01970.1	Aqcoe6G049000.1.p
OG0011470	VIT_203s0017g01000.1	Aqcoe6G082300.1.p
OG0011471	VIT_218s0001g14390.4, VIT_218s0001g14390.3, VIT_218s0001g14390.2, VIT_218s0001g14390.1	Aqcoe6G207200.1.p
OG0011472	VIT_205s0077g02210.1	Aqcoe6G285500.1.p
OG0011473	VIT_215s0048g01220.1	Aqcoe6G053400.1.p
OG0011475	VIT_203s0088g00650.1, VIT_203s0088g00650.2	Aqcoe6G319000.1.p
OG0011476	VIT_212s0035g01050.1	Aqcoe6G009500.1.p, Aqcoe6G009500.2.p
OG0011477	VIT_210s0003g05630.1	Aqcoe6G021100.1.p
OG0011478	VIT_211s0037g00280.1	Aqcoe6G317800.1.p
OG0011479	VIT_218s0001g03300.1	Aqcoe6G018400.1.p
OG0011480	VIT_206s0080g00190.1	Aqcoe5G160400.2.p, Aqcoe5G160400.4.p, Aqcoe5G160400.3.p, Aqcoe5G160400.1.p, Aqcoe6G153400.1.p, Aqcoe6G153400.2.p
OG0011481	VIT_203s0038g00440.1	Aqcoe6G090200.1.p
OG0011482	VIT_207s0031g02670.1	Aqcoe6G025200.1.p
OG0011483	VIT_201s0011g05860.1	Aqcoe6G189800.1.p
OG0011484	VIT_218s0122g01200.1	Aqcoe6G174600.1.p
OG0011485	VIT_218s0041g02220.1	Aqcoe6G008300.1.p
OG0011486	VIT_207s0005g06670.1	Aqcoe6G080000.1.p
OG0011487	VIT_203s0088g00370.1	Aqcoe6G258900.1.p
OG0011488	VIT_218s0001g06270.1	Aqcoe6G078800.2.p, Aqcoe6G078800.1.p
OG0011489	VIT_210s0003g04060.2, VIT_210s0003g04060.1	Aqcoe6G011800.1.p
OG0011490	VIT_209s0018g00080.1	Aqcoe7G200900.1.p
OG0011490	VIT_200s0873g00020.1	Aqcoe6G264000.1.p
OG0011491	VIT_218s0001g13750.1	Aqcoe6G243400.1.p
OG0011492	VIT_203s0063g01380.2, VIT_203s0063g01380.1	Aqcoe6G099600.1.p
OG0011493	VIT_213s0067g01340.1	Aqcoe6G197200.1.p
OG0011494	VIT_204s0023g01160.1	Aqcoe6G109500.2.p, Aqcoe6G109500.1.p
OG0011496	VIT_207s0129g00340.1	Aqcoe6G287900.1.p
OG0011497	VIT_218s0001g10160.1	Aqcoe6G134100.1.p
OG0011498	VIT_200s0199g00150.2, VIT_200s0199g00110.3, VIT_200s0199g00110.2, VIT_200s0199g00150.1, VIT_200s0199g00110.1	Aqcoe6G156000.1.p
OG0011499	VIT_219s0085g00290.1	Aqcoe6G147300.1.p
OG0011500	VIT_203s0038g00140.1	Aqcoe6G072200.1.p
OG0011501	VIT_207s0031g02820.2, VIT_207s0031g02820.3, VIT_207s0031g02820.1	Aqcoe6G022500.3.p, Aqcoe6G022500.2.p, Aqcoe6G022500.1.p
OG0011502	VIT_204s0023g01540.1, VIT_203s0063g02310.1	Aqcoe6G115700.2.p, Aqcoe6G115700.1.p
OG0011503	VIT_219s0027g01850.1	Aqcoe6G298000.1.p, Aqcoe1G168400.1.p
OG0011504	VIT_200s1247g00020.1, VIT_200s1247g00020.2, VIT_207s0197g00010.1	Aqcoe6G095500.1.p
OG0011505	VIT_206s0004g07640.1, VIT_214s0068g01170.1	Aqcoe6G158600.1.p
OG0011506	VIT_218s0001g02640.2, VIT_218s0001g02640.1	Aqcoe6G024000.1.p
OG0011507	VIT_218s0072g01170.1	Aqcoe6G000100.1.p
OG0011508	VIT_200s0215g00086.1, VIT_200s0215g00083.1	Aqcoe6G004700.1.p
OG0011509	VIT_200s0253g00070.1	Aqcoe6G097400.1.p
OG0011510	VIT_213s0067g00120.1	Aqcoe0017s0005.1.p
OG0011511	VIT_200s0187g00360.1, VIT_200s0187g00360.2	Aqcoe4G287900.1.p
OG0011512	VIT_202s0012g01380.2, VIT_202s0012g01380.1	Aqcoe4G264100.1.p
OG0011513	VIT_219s0015g01230.2, VIT_219s0015g01230.1	Aqcoe4G132500.1.p
OG0011515	VIT_219s0015g00390.1	Aqcoe4G311300.1.p
OG0011516	VIT_219s0090g00450.1, VIT_219s0090g00450.2	Aqcoe4G203200.1.p
OG0011517	VIT_219s0014g02480.1	Aqcoe4G096200.1.p
OG0011518	VIT_210s0116g00420.2, VIT_210s0116g00420.1, VIT_210s0116g00270.1	Aqcoe4G239800.1.p
OG0011519	VIT_209s0002g08020.1, VIT_209s0002g08240.1, VIT_209s0002g07890.1, VIT_209s0002g08300.1	Aqcoe4G313100.1.p, Aqcoe7G136500.1.p
OG0011520	VIT_210s0116g00590.1	Aqcoe4G228500.1.p
OG0011522	VIT_210s0092g00220.1, VIT_210s0092g00220.2	Aqcoe4G009000.1.p
OG0011523	VIT_212s0059g00170.1	Aqcoe4G132400.2.p, Aqcoe4G132400.1.p
OG0011524	VIT_219s0014g02220.1	Aqcoe4G090800.1.p
OG0011525	VIT_212s0059g01140.1, VIT_212s0059g01140.2	Aqcoe4G223100.2.p, Aqcoe4G223100.1.p
OG0011526	VIT_200s0201g00070.1	Aqcoe4G199200.1.p, Aqcoe0095s0002.1.p
OG0011527	VIT_219s0090g01150.1	Aqcoe4G293900.1.p
OG0011528	VIT_210s0003g05680.1, VIT_210s0003g05680.3, VIT_210s0003g05680.2	Aqcoe4G005300.1.p
OG0011529	VIT_212s0059g01810.1	Aqcoe4G149400.1.p
OG0011530	VIT_212s0028g02370.2, VIT_212s0028g02370.1	Aqcoe4G051400.1.p
OG0011531	VIT_213s0067g02000.1	Aqcoe4G149200.1.p, Aqcoe7G209900.1.p, Aqcoe3G207900.1.p, Aqcoe5G337000.1.p
OG0011532	VIT_212s0028g02360.1, VIT_219s0014g01540.1	Aqcoe4G051000.1.p
OG0011533	VIT_204s0069g01070.2, VIT_204s0069g01070.3, VIT_204s0069g01070.1	Aqcoe4G155600.1.p, Aqcoe1G271000.1.p, Aqcoe0118s0003.1.p, Aqcoe1814s0001.1.p
OG0011534	VIT_210s0003g03040.1	Aqcoe4G013000.1.p
OG0011535	VIT_212s0059g02250.1	Aqcoe4G236400.1.p
OG0011536	VIT_219s0014g00970.5, VIT_219s0014g00970.3, VIT_219s0014g00970.4, VIT_219s0014g00970.2, VIT_219s0014g00970.1	Aqcoe4G027200.1.p
OG0011537	VIT_200s0956g00010.1	Aqcoe4G310500.1.p
OG0011538	VIT_216s0050g01620.1	Aqcoe7G020800.1.p, Aqcoe7G020800.2.p
OG0011539	VIT_204s0079g00520.1	Aqcoe7G123000.1.p
OG0011540	VIT_209s0054g00610.1	Aqcoe7G299800.1.p
OG0011541	VIT_204s0008g05130.1	Aqcoe7G393500.4.p, Aqcoe7G393500.1.p, Aqcoe7G393500.2.p, Aqcoe7G393500.3.p
OG0011542	VIT_204s0008g02330.1	Aqcoe7G304500.1.p
OG0011543	VIT_216s0013g00300.1	Aqcoe7G094500.2.p, Aqcoe7G094500.3.p, Aqcoe7G094500.1.p
OG0011544	VIT_216s0022g02200.1	Aqcoe7G057300.1.p
OG0011545	VIT_211s0052g00410.2, VIT_211s0052g00410.1, VIT_211s0016g05230.1	Aqcoe7G268700.1.p, Aqcoe7G072300.1.p
OG0011546	VIT_215s0021g02770.1	Aqcoe7G081300.2.p, Aqcoe7G081300.1.p
OG0011547	VIT_206s0004g04770.1	Aqcoe1G460200.1.p, Aqcoe7G401400.1.p
OG0011548	VIT_204s0008g02270.1	Aqcoe7G430800.1.p
OG0011549	VIT_211s0016g05150.1	Aqcoe7G269800.1.p
OG0011550	VIT_204s0008g03120.1	Aqcoe7G245800.1.p
OG0011551	VIT_202s0241g00040.1	Aqcoe7G069300.1.p
OG0011552	VIT_201s0011g01910.1	Aqcoe7G395500.1.p
OG0011553	VIT_209s0070g00380.1	Aqcoe7G246400.1.p
OG0011554	VIT_201s0011g03630.1	Aqcoe7G193700.1.p
OG0011555	VIT_214s0108g01160.1	Aqcoe7G195600.1.p
OG0011557	VIT_202s0025g05110.1	Aqcoe7G064500.1.p
OG0011558	VIT_204s0008g02290.2, VIT_204s0008g02290.1	Aqcoe7G440700.1.p
OG0011559	VIT_209s0002g03780.1	Aqcoe7G158700.1.p
OG0011560	VIT_211s0016g04100.1	Aqcoe7G394800.1.p, Aqcoe5G207200.1.p, Aqcoe7G394800.2.p
OG0011561	VIT_204s0008g03220.1	Aqcoe7G409700.1.p
OG0011562	VIT_211s0016g01490.1	Aqcoe7G116800.1.p
OG0011563	VIT_211s0016g00580.1	Aqcoe7G107200.1.p
OG0011564	VIT_218s0001g08960.1	Aqcoe7G356400.1.p
OG0011565	VIT_205s0077g01065.1	Aqcoe7G279600.3.p, Aqcoe7G279600.2.p
OG0011566	VIT_215s0021g02170.1	Aqcoe7G089900.1.p
OG0011567	VIT_202s0154g00520.1	Aqcoe7G082400.1.p
OG0011568	VIT_218s0041g01840.1	Aqcoe3G162700.1.p, Aqcoe7G036600.1.p, Aqcoe5G444000.1.p
OG0011569	VIT_209s0002g05690.1	Aqcoe7G206100.1.p
OG0011571	VIT_216s0100g00480.1, VIT_216s0100g00480.2, VIT_216s0100g00480.4, VIT_216s0100g00480.3	Aqcoe7G046900.1.p
OG0011572	VIT_211s0016g01760.2, VIT_211s0016g01760.1	Aqcoe7G424200.1.p
OG0011573	VIT_211s0016g03910.1	Aqcoe7G177500.1.p
OG0011575	VIT_216s0050g00650.1, VIT_216s0050g00650.3, VIT_216s0050g00650.2	Aqcoe7G032400.1.p
OG0011576	VIT_211s0016g01730.1	Aqcoe7G422000.1.p
OG0011577	VIT_209s0002g03420.1	Aqcoe7G150900.1.p
OG0011578	VIT_215s0046g01860.1, VIT_215s0046g01860.2	Aqcoe7G026800.1.p, Aqcoe7G026700.1.p
OG0011579	VIT_216s0100g01250.1	Aqcoe7G040900.1.p
OG0011580	VIT_209s0002g00640.1	Aqcoe7G438400.1.p, Aqcoe7G438500.1.p
OG0011581	VIT_215s0046g02160.1	Aqcoe7G023900.1.p
OG0011582	VIT_215s0046g01410.1, VIT_215s0046g01410.2	Aqcoe7G018000.1.p
OG0011583	VIT_201s0026g01055.1	Aqcoe7G331500.1.p
OG0011584	VIT_219s0014g01290.1	Aqcoe7G408400.1.p
OG0011585	VIT_215s0048g01750.1	Aqcoe7G060600.1.p
OG0011586	VIT_211s0052g01085.1	Aqcoe7G325000.1.p
OG0011587	VIT_204s0008g06790.1	Aqcoe7G220100.1.p
OG0011588	VIT_202s0025g00370.1	Aqcoe7G021500.1.p
OG0011589	VIT_204s0008g03180.1	Aqcoe7G105800.1.p
OG0011591	VIT_201s0011g00930.1	Aqcoe7G439400.1.p
OG0011592	VIT_212s0134g00410.2, VIT_212s0134g00410.1, VIT_205s0049g01370.1	Aqcoe7G312400.1.p, Aqcoe7G312400.2.p
OG0011593	VIT_215s0048g00560.1	Aqcoe7G078400.1.p
OG0011594	VIT_209s0002g01390.1	Aqcoe7G116000.3.p, Aqcoe7G116000.1.p, Aqcoe7G116000.2.p
OG0011595	VIT_213s0019g01200.1	Aqcoe1G460400.1.p
OG0011596	VIT_215s0048g00850.1	Aqcoe7G065600.1.p
OG0011597	VIT_211s0016g01820.1, VIT_211s0016g01820.2	Aqcoe7G423100.1.p
OG0011598	VIT_202s0087g00180.1	Aqcoe7G437500.1.p
OG0011599	VIT_216s0050g02250.1, VIT_216s0050g02250.2	Aqcoe7G021900.1.p
OG0011600	VIT_204s0008g02700.1	Aqcoe7G297800.1.p
OG0011601	VIT_209s0002g05700.1	Aqcoe7G205800.1.p
OG0011602	VIT_208s0032g00010.1	Aqcoe5G270400.1.p, Aqcoe7G228600.1.p
OG0011603	VIT_218s0117g00160.2, VIT_218s0117g00160.1	Aqcoe7G311300.1.p
OG0011604	VIT_214s0060g00820.2, VIT_214s0060g00820.1	Aqcoe7G349600.1.p
OG0011605	VIT_216s0050g00680.2, VIT_216s0050g00680.3, VIT_216s0050g00680.1	Aqcoe7G031300.1.p
OG0011606	VIT_215s0048g02810.1	Aqcoe7G100300.1.p
OG0011607	VIT_216s0050g02270.1	Aqcoe7G022200.2.p, Aqcoe7G022200.1.p
OG0011608	VIT_212s0057g01005.1	Aqcoe1G374500.1.p, Aqcoe1G374500.2.p
OG0011609	VIT_206s0061g00335.1, VIT_213s0019g04675.1	Aqcoe1G135400.1.p
OG0011610	VIT_213s0019g00750.1	Aqcoe1G039300.1.p
OG0011611	VIT_219s0014g02300.1, VIT_219s0014g02300.3, VIT_219s0014g02300.2	Aqcoe1G255600.1.p
OG0011612	VIT_219s0014g02290.1, VIT_219s0014g02290.2	Aqcoe1G254900.1.p
OG0011614	VIT_213s0073g00650.1, VIT_213s0073g00650.2, VIT_213s0073g00650.3	Aqcoe1G074900.4.p, Aqcoe1G074900.1.p, Aqcoe1G074900.3.p, Aqcoe1G074900.2.p
OG0011616	VIT_213s0067g01540.1	Aqcoe1G153900.1.p
OG0011617	VIT_201s0011g01410.1	Aqcoe1G163100.1.p
OG0011618	VIT_212s0059g01860.1	Aqcoe1G322800.1.p
OG0011619	VIT_212s0028g00470.2, VIT_212s0028g00470.1	Aqcoe1G196500.1.p
OG0011620	VIT_201s0146g00490.2, VIT_201s0146g00490.1	Aqcoe1G179200.1.p
OG0011621	VIT_208s0007g02330.1	Aqcoe1G080900.1.p
OG0011622	VIT_213s0158g00350.2, VIT_213s0158g00350.1	Aqcoe1G023900.1.p
OG0011623	VIT_219s0027g00790.6, VIT_219s0027g00790.5, VIT_219s0027g00790.4, VIT_219s0027g00790.3, VIT_219s0027g00790.2, VIT_219s0027g00790.1	Aqcoe1G163000.2.p, Aqcoe1G163000.1.p
OG0011624	VIT_215s0046g02430.1	Aqcoe1G229400.1.p
OG0011626	VIT_213s0084g00080.4, VIT_213s0084g00080.3, VIT_213s0084g00080.1, VIT_213s0084g00080.2	Aqcoe1G008800.2.p, Aqcoe1G008800.1.p
OG0011627	VIT_211s0052g01030.1	Aqcoe1G204200.1.p
OG0011628	VIT_212s0059g02100.4, VIT_212s0059g02100.5, VIT_212s0059g02100.6, VIT_212s0059g02100.1, VIT_212s0059g02100.3, VIT_212s0059g02100.2	Aqcoe1G309800.1.p
OG0011629	VIT_219s0014g03610.2, VIT_219s0014g03610.1	Aqcoe1G309200.1.p
OG0011630	VIT_219s0014g00380.1	Aqcoe1G211200.1.p
OG0011631	VIT_212s0059g01870.1, VIT_212s0059g01870.2	Aqcoe1G322900.1.p, Aqcoe1G322900.2.p
OG0011632	VIT_203s0088g01100.1, VIT_203s0088g00950.1	Aqcoe1G041600.1.p
OG0011633	VIT_206s0004g07760.1	Aqcoe1G397400.2.p, Aqcoe1G397400.1.p
OG0011634	VIT_206s0009g03420.1	Aqcoe1G042500.1.p, Aqcoe1G042500.2.p
OG0011635	VIT_208s0056g00820.3, VIT_208s0056g00820.4, VIT_208s0056g00820.2, VIT_208s0056g00820.1, VIT_208s0056g00820.5	Aqcoe1G011800.1.p, Aqcoe1G011800.3.p
OG0011636	VIT_212s0028g00520.1	Aqcoe1G338700.1.p
OG0011637	VIT_201s0010g00410.1, VIT_219s0085g00940.1	Aqcoe1G159900.1.p
OG0011638	VIT_206s0004g02510.1	Aqcoe1G137800.1.p
OG0011639	VIT_211s0016g02320.1	Aqcoe1G484400.1.p, Aqcoe1G044200.1.p
OG0011640	VIT_206s0009g03200.1	Aqcoe1G056700.1.p
OG0011641	VIT_213s0147g00200.2, VIT_213s0147g00200.4, VIT_213s0147g00200.5, VIT_213s0147g00200.1, VIT_213s0147g00200.3, VIT_213s0147g00200.6	Aqcoe1G230800.1.p, Aqcoe1G232400.1.p
OG0011642	VIT_206s0004g05560.1	Aqcoe1G095100.1.p
OG0011643	VIT_212s0057g00720.1	Aqcoe1G386700.1.p
OG0011644	VIT_200s0587g00040.1, VIT_200s0587g00040.2	Aqcoe1G302700.1.p
OG0011647	VIT_215s0046g00450.1, VIT_202s0012g02125.1	Aqcoe1G280500.1.p
OG0011648	VIT_206s0004g04440.1	Aqcoe1G465700.1.p
OG0011649	VIT_206s0004g04420.1	Aqcoe1G466000.1.p
OG0011650	VIT_201s0155g00008.1	Aqcoe1G157300.1.p
OG0011651	VIT_206s0004g05000.2, VIT_206s0004g05000.1, VIT_206s0004g05000.3	Aqcoe1G108400.1.p
OG0011652	VIT_218s0001g05305.1	Aqcoe1G400600.1.p
OG0011653	VIT_206s0004g03710.1	Aqcoe1G482000.1.p
OG0011654	VIT_219s0014g01410.2, VIT_219s0014g01410.1	Aqcoe1G227800.1.p
OG0011655	VIT_213s0074g00010.1	Aqcoe1G120300.1.p
OG0011656	VIT_208s0040g03250.1	Aqcoe1G485400.1.p
OG0011657	VIT_203s0017g02350.2, VIT_203s0017g02350.1	Aqcoe1G156600.1.p
OG0011658	VIT_206s0009g00970.1	Aqcoe1G071100.2.p, Aqcoe1G071100.1.p
OG0011659	VIT_210s0116g00800.1	Aqcoe1G275400.2.p, Aqcoe1G275400.1.p
OG0011661	VIT_208s0007g00800.1	Aqcoe1G103600.1.p
OG0011662	VIT_205s0102g00770.1, VIT_205s0102g00770.2	Aqcoe1G038200.2.p, Aqcoe1G038200.1.p
OG0011663	VIT_213s0019g00320.1	Aqcoe1G473000.1.p
OG0011664	VIT_206s0080g01260.1	Aqcoe1G075600.3.p, Aqcoe1G075600.2.p, Aqcoe1G075600.1.p
OG0011665	VIT_208s0007g05710.1	Aqcoe1G039100.2.p, Aqcoe1G039100.1.p
OG0011666	VIT_212s0034g01860.2, VIT_212s0034g01860.1	Aqcoe1G197400.1.p
OG0011667	VIT_206s0004g00600.1	Aqcoe1G054400.1.p
OG0011668	VIT_206s0061g00770.1, VIT_206s0061g00770.2	Aqcoe1G126000.1.p
OG0011669	VIT_213s0064g01270.1	Aqcoe1G034100.1.p
OG0011670	VIT_201s0011g01310.1	Aqcoe1G016700.1.p, Aqcoe1G016800.1.p
OG0011671	VIT_213s0019g04750.1	Aqcoe1G132700.1.p
OG0011672	VIT_208s0007g01800.3, VIT_208s0007g01800.2, VIT_208s0007g01800.1, VIT_208s0007g01800.4	Aqcoe1G085400.1.p
OG0011673	VIT_208s0007g08730.1	Aqcoe1G025300.1.p, Aqcoe1G025300.2.p
OG0011674	VIT_210s0003g03090.1	Aqcoe1G194800.1.p
OG0011675	VIT_207s0151g00060.1	Aqcoe1G019100.2.p, Aqcoe1G019100.1.p, Aqcoe1G019100.3.p
OG0011676	VIT_206s0080g00920.1	Aqcoe1G437100.1.p
OG0011677	VIT_201s0010g00590.1, VIT_201s0010g00590.2, VIT_201s0010g00590.4, VIT_201s0010g00590.3	Aqcoe1G064300.1.p
OG0011678	VIT_219s0014g02110.1, VIT_212s0028g03046.1, VIT_210s0003g00380.1	Aqcoe1G251700.1.p
OG0011679	VIT_208s0040g02090.1	Aqcoe1G497100.1.p
OG0011680	VIT_208s0058g00800.1	Aqcoe1G393800.1.p
OG0011681	VIT_208s0007g01740.5, VIT_208s0007g01740.1, VIT_208s0007g01740.4, VIT_208s0007g01740.3, VIT_208s0007g01740.2	Aqcoe1G086700.1.p
OG0011682	VIT_210s0116g01780.1	Aqcoe1G236500.1.p
OG0011683	VIT_208s0007g04990.1	Aqcoe1G131900.1.p
OG0011684	VIT_210s0003g04040.1	Aqcoe1G185900.1.p
OG0011685	VIT_213s0047g01200.2, VIT_213s0047g01200.1, VIT_201s0150g00210.2, VIT_201s0150g00210.1	Aqcoe1G307700.1.p
OG0011686	VIT_210s0003g01550.1	Aqcoe1G220300.1.p
OG0011687	VIT_210s0116g01180.1, VIT_210s0116g01180.2	Aqcoe1G297200.1.p
OG0011688	VIT_208s0056g01140.1	Aqcoe1G009500.1.p
OG0011689	VIT_218s0001g04970.1	Aqcoe1G205600.1.p
OG0011690	VIT_210s0042g01240.1, VIT_210s0042g01240.4, VIT_210s0042g01240.3, VIT_210s0042g01240.2	Aqcoe1G171000.1.p, Aqcoe1G171000.2.p
OG0011691	VIT_210s0003g01080.1	Aqcoe1G285000.1.p
OG0011692	VIT_206s0004g05110.1, VIT_206s0004g05110.2	Aqcoe1G104800.3.p, Aqcoe1G104800.5.p, Aqcoe1G104800.2.p, Aqcoe1G104800.4.p, Aqcoe1G104800.1.p
OG0011693	VIT_214s0083g00720.1	Aqcoe1G384100.1.p, Aqcoe1G384100.2.p, Aqcoe5G284400.1.p
OG0011694	VIT_210s0003g00070.1	Aqcoe1G257400.1.p, Aqcoe1G257400.2.p
OG0011695	VIT_208s0007g00940.2, VIT_208s0007g00940.1, VIT_208s0007g00940.3, VIT_208s0007g00940.5, VIT_208s0007g00940.7, VIT_208s0007g00940.8, VIT_208s0007g00940.4, VIT_208s0007g00940.6	Aqcoe1G099600.1.p, Aqcoe1G099600.3.p, Aqcoe1G099600.2.p
OG0011696	VIT_206s0009g03260.1	Aqcoe1G043000.1.p
OG0011697	VIT_206s0004g05960.2, VIT_206s0004g05960.1	Aqcoe1G086300.1.p
OG0011698	VIT_206s0004g01260.2, VIT_206s0004g01260.3, VIT_206s0004g01260.1	Aqcoe1G004100.1.p
OG0011699	VIT_208s0007g05070.1	Aqcoe1G133300.1.p, Aqcoe1G133300.2.p
OG0011700	VIT_213s0067g02130.3, VIT_213s0067g02130.1, VIT_213s0067g02130.2	Aqcoe1G392700.1.p
OG0011701	VIT_213s0084g00790.1, VIT_213s0084g00790.2	Aqcoe1G043300.1.p
OG0011702	VIT_214s0036g00480.1	Aqcoe1G101800.1.p
OG0011703	VIT_206s0004g01180.1, VIT_206s0004g01190.1, VIT_208s0007g06650.1	Aqcoe1G025400.1.p
OG0011704	VIT_200s0270g00100.1	Aqcoe1G430400.3.p, Aqcoe1G430400.2.p, Aqcoe1G430400.1.p
OG0011705	VIT_205s0094g01620.1	Aqcoe1G063000.1.p, Aqcoe1G063000.2.p
OG0011706	VIT_210s0003g04720.2, VIT_210s0003g04720.1	Aqcoe1G176000.1.p
OG0011707	VIT_200s0181g00120.1	Aqcoe1G306700.1.p, Aqcoe1G306700.2.p
OG0011708	VIT_219s0014g05110.1	Aqcoe1G367300.1.p
OG0011709	VIT_206s0080g00940.1	Aqcoe1G437000.1.p
OG0011710	VIT_206s0061g00030.2, VIT_206s0061g00030.1	Aqcoe1G012100.1.p
OG0011711	VIT_214s0068g02110.2, VIT_214s0068g02110.1, VIT_214s0068g02110.3	Aqcoe5G359200.1.p
OG0011712	VIT_201s0010g02220.1, VIT_201s0010g02220.2, VIT_201s0010g02220.4, VIT_201s0010g02220.3	Aqcoe5G379800.1.p, Aqcoe5G379800.2.p
OG0011713	VIT_216s0098g01100.1	Aqcoe5G470300.1.p
OG0011714	VIT_201s0146g00290.1	Aqcoe5G344400.1.p
OG0011715	VIT_214s0219g00050.1	Aqcoe5G377400.1.p, Aqcoe5G377300.1.p
OG0011716	VIT_217s0000g09620.2, VIT_217s0000g09620.1	Aqcoe5G393100.1.p
OG0011717	VIT_217s0000g01850.1	Aqcoe5G372900.1.p
OG0011718	VIT_204s0023g02500.1	Aqcoe5G185800.1.p
OG0011719	VIT_207s0031g01620.1	Aqcoe5G317300.1.p
OG0011720	VIT_203s0038g00920.1	Aqcoe5G196700.2.p, Aqcoe5G196700.1.p
OG0011721	VIT_205s0077g00850.1	Aqcoe5G134300.1.p, Aqcoe5G236300.1.p, Aqcoe5G236200.2.p, Aqcoe5G236200.1.p
OG0011722	VIT_204s0044g01510.1	Aqcoe5G233700.1.p, Aqcoe5G233700.2.p
OG0011723	VIT_217s0000g01170.1, VIT_217s0000g01170.2	Aqcoe5G353600.1.p
OG0011724	VIT_216s0022g01260.1, VIT_216s0022g01280.1	Aqcoe5G420700.2.p, Aqcoe5G420700.1.p
OG0011725	VIT_219s0090g00810.1	Aqcoe5G038000.1.p, Aqcoe5G038000.2.p
OG0011726	VIT_214s0060g00720.1	Aqcoe5G298200.1.p
OG0011727	VIT_214s0066g00650.1	Aqcoe5G404900.1.p
OG0011728	VIT_200s0958g00020.1	Aqcoe5G275700.1.p
OG0011729	VIT_218s0001g04010.1, VIT_218s0001g04010.2	Aqcoe5G273900.1.p
OG0011730	VIT_201s0137g00760.2, VIT_201s0137g00760.1, VIT_201s0137g00760.3	Aqcoe5G397500.1.p
OG0011731	VIT_215s0048g01810.1	Aqcoe5G425600.1.p, Aqcoe5G110000.1.p
OG0011732	VIT_218s0001g14090.1, VIT_218s0001g14090.2, VIT_218s0001g14090.3	Aqcoe5G207600.1.p
OG0011733	VIT_204s0023g01760.1	Aqcoe5G192200.2.p, Aqcoe5G192200.3.p, Aqcoe5G192200.1.p
OG0011734	VIT_207s0005g03050.1, VIT_207s0005g03050.2, VIT_207s0005g03050.3	Aqcoe5G032400.1.p
OG0011735	VIT_219s0015g01040.1	Aqcoe5G142100.1.p
OG0011736	VIT_214s0060g00920.1	Aqcoe5G268700.1.p
OG0011737	VIT_200s0207g00130.1, VIT_200s0207g00160.1, VIT_200s0207g00170.1	Aqcoe5G202700.1.p, Aqcoe5G202800.1.p
OG0011738	VIT_218s0001g04400.1	Aqcoe5G272800.1.p
OG0011739	VIT_203s0063g02010.1	Aqcoe5G202200.1.p, Aqcoe5G202200.2.p, Aqcoe5G202200.3.p
OG0011740	VIT_205s0049g02110.2, VIT_205s0049g02110.1	Aqcoe5G014100.1.p
OG0011741	VIT_206s0004g06070.1	Aqcoe3G388700.1.p, Aqcoe3G388700.2.p, Aqcoe5G375000.1.p
OG0011742	VIT_214s0068g01230.1	Aqcoe5G339200.1.p
OG0011743	VIT_218s0001g14300.2, VIT_218s0001g14300.1	Aqcoe5G209300.1.p
OG0011744	VIT_207s0031g00980.1	Aqcoe5G105400.1.p
OG0011745	VIT_213s0019g03690.1	Aqcoe5G102500.1.p
OG0011746	VIT_211s0052g00510.1	Aqcoe5G474800.1.p
OG0011747	VIT_204s0023g01790.1, VIT_204s0023g01780.1	Aqcoe5G191700.1.p
OG0011748	VIT_207s0005g00480.1	Aqcoe5G417500.1.p
OG0011749	VIT_214s0060g02430.1	Aqcoe5G082500.1.p
OG0011750	VIT_215s0046g00270.1, VIT_216s0098g01600.1	Aqcoe5G461200.1.p
OG0011751	VIT_218s0075g00270.1, VIT_218s0075g00250.1	Aqcoe5G283600.1.p
OG0011753	VIT_205s0020g02300.1	Aqcoe5G066500.1.p
OG0011754	VIT_218s0122g00220.2, VIT_218s0122g00220.1	Aqcoe5G356600.1.p
OG0011755	VIT_204s0044g00080.1	Aqcoe5G120500.1.p
OG0011756	VIT_216s0098g01840.1	Aqcoe5G464600.1.p
OG0011757	VIT_204s0044g01310.2, VIT_204s0044g01310.4, VIT_204s0044g01310.3, VIT_204s0044g01310.1	Aqcoe5G236000.1.p, Aqcoe5G236000.2.p
OG0011758	VIT_201s0146g00350.1, VIT_201s0146g00350.3, VIT_201s0146g00350.2, VIT_212s0121g00300.1, VIT_212s0055g01285.1, VIT_212s0121g00430.1	Aqcoe5G343000.1.p, Aqcoe5G343000.2.p
OG0011759	VIT_218s0001g02560.1	Aqcoe5G280700.1.p
OG0011760	VIT_218s0072g00780.1	Aqcoe5G247300.1.p
OG0011761	VIT_218s0001g07340.1	Aqcoe5G161400.1.p
OG0011762	VIT_200s0434g00060.1, VIT_200s0462g00010.1	Aqcoe5G133800.1.p
OG0011763	VIT_203s0091g00270.1	Aqcoe5G133500.1.p
OG0011764	VIT_218s0076g00350.1	Aqcoe5G245000.1.p
OG0011765	VIT_203s0180g00160.1	Aqcoe5G138600.1.p
OG0011766	VIT_205s0020g01140.1	Aqcoe5G289700.1.p
OG0011767	VIT_203s0088g01000.1	Aqcoe5G420800.1.p
OG0011768	VIT_218s0072g00410.1	Aqcoe5G251300.1.p
OG0011769	VIT_200s0225g00160.1	Aqcoe5G405400.1.p
OG0011770	VIT_218s0001g11190.1, VIT_218s0001g11190.2	Aqcoe5G169800.1.p
OG0011771	VIT_201s0137g00340.1	Aqcoe5G385500.1.p
OG0011772	VIT_201s0010g03310.2, VIT_201s0010g03310.1	Aqcoe5G361000.1.p
OG0011773	VIT_205s0077g00130.1	Aqcoe5G010300.1.p
OG0011774	VIT_215s0021g00910.1	Aqcoe5G179000.3.p, Aqcoe5G179000.1.p
OG0011776	VIT_218s0041g01850.1	Aqcoe5G099200.1.p
OG0011777	VIT_219s0015g01800.1	Aqcoe5G053600.2.p, Aqcoe5G053600.1.p
OG0011778	VIT_218s0001g06010.1	Aqcoe5G098600.1.p
OG0011779	VIT_211s0016g00050.1	Aqcoe5G319900.1.p
OG0011780	VIT_217s0000g01350.1	Aqcoe5G356500.1.p
OG0011782	VIT_207s0141g00830.1	Aqcoe5G035700.1.p
OG0011784	VIT_202s0025g00720.1	Aqcoe5G441200.1.p, Aqcoe5G441200.2.p
OG0011785	VIT_218s0041g01280.1	Aqcoe5G301200.1.p
OG0011786	VIT_216s0050g00230.2, VIT_216s0050g00230.1	Aqcoe5G428400.1.p
OG0011787	VIT_207s0005g02540.1, VIT_207s0005g02540.2	Aqcoe5G287600.1.p
OG0011788	VIT_218s0001g09910.1	Aqcoe5G141700.1.p
OG0011789	VIT_213s0067g03730.1	Aqcoe5G198000.1.p
OG0011790	VIT_207s0005g04400.1	Aqcoe5G013700.1.p
OG0011791	VIT_219s0014g02690.1	Aqcoe3G427200.2.p, Aqcoe3G427200.1.p, Aqcoe3G427200.4.p, Aqcoe3G427200.3.p
OG0011792	VIT_204s0044g00520.2, VIT_204s0044g00520.1	Aqcoe3G245200.1.p
OG0011793	VIT_217s0000g03660.1	Aqcoe3G037800.1.p
OG0011794	VIT_218s0001g12270.1	Aqcoe3G154200.1.p
OG0011795	VIT_202s0109g00210.1, VIT_202s0109g00210.2	Aqcoe3G209400.1.p
OG0011796	VIT_201s0011g05660.3, VIT_201s0011g05660.4, VIT_201s0011g05660.2, VIT_201s0011g05660.1, VIT_201s0011g05660.5, VIT_201s0011g05660.6	Aqcoe3G006200.1.p
OG0011797	VIT_201s0011g02310.1	Aqcoe3G386800.1.p
OG0011798	VIT_201s0026g00700.1	Aqcoe3G304100.2.p, Aqcoe3G304100.1.p, Aqcoe3G304100.3.p
OG0011799	VIT_215s0021g01330.2, VIT_215s0021g01330.1	Aqcoe3G261600.1.p
OG0011800	VIT_217s0000g03270.1	Aqcoe3G025500.1.p, Aqcoe3G025500.2.p
OG0011801	VIT_201s0011g00520.1	Aqcoe3G364600.1.p
OG0011802	VIT_200s0291g00060.1	Aqcoe3G144600.1.p
OG0011803	VIT_202s0012g01620.1	Aqcoe3G220800.1.p
OG0011804	VIT_207s0031g01690.1	Aqcoe3G230300.1.p
OG0011805	VIT_201s0011g05630.1	Aqcoe3G006300.1.p
OG0011806	VIT_214s0108g01290.1	Aqcoe3G353400.1.p
OG0011807	VIT_215s0021g00250.1, VIT_215s0021g00250.3, VIT_215s0021g00250.2	Aqcoe3G241200.2.p, Aqcoe3G241200.1.p
OG0011808	VIT_214s0066g01930.1	Aqcoe3G307700.1.p
OG0011809	VIT_214s0108g00950.2, VIT_214s0108g00950.3, VIT_214s0108g00950.1	Aqcoe3G341200.1.p
OG0011810	VIT_214s0083g00100.1, VIT_214s0083g00100.5, VIT_214s0083g00100.4, VIT_214s0083g00100.3, VIT_214s0083g00100.2	Aqcoe3G397900.1.p
OG0011811	VIT_202s0025g02730.1, VIT_202s0025g02730.2	Aqcoe3G057700.1.p
OG0011812	VIT_201s0026g00170.1	Aqcoe3G060800.1.p
OG0011813	VIT_217s0000g05490.1, VIT_214s0066g02460.1	Aqcoe3G321400.1.p, Aqcoe3G098600.1.p
OG0011814	VIT_209s0002g00230.1	Aqcoe3G011300.1.p
OG0011815	VIT_201s0026g01420.1	Aqcoe3G098000.2.p, Aqcoe3G098000.1.p
OG0011816	VIT_200s1372g00010.1	Aqcoe3G265500.1.p
OG0011817	VIT_217s0000g01020.1	Aqcoe3G182500.1.p, Aqcoe3G182500.2.p
OG0011818	VIT_217s0000g06280.1	Aqcoe3G340700.1.p
OG0011819	VIT_217s0000g02030.2, VIT_217s0000g02030.1	Aqcoe3G009100.1.p
OG0011820	VIT_211s0037g00090.1	Aqcoe3G099900.1.p
OG0011821	VIT_214s0006g01430.1	Aqcoe3G014600.1.p
OG0011822	VIT_201s0011g05020.1, VIT_217s0000g02460.1	Aqcoe3G000600.2.p, Aqcoe3G000600.3.p, Aqcoe3G000600.1.p
OG0011823	VIT_201s0011g00490.1	Aqcoe3G366300.1.p
OG0011824	VIT_202s0012g01310.1	Aqcoe3G233600.1.p
OG0011825	VIT_217s0000g07620.1	Aqcoe3G306500.1.p
OG0011826	VIT_216s0013g00590.1	Aqcoe3G264400.1.p
OG0011827	VIT_217s0000g06090.1	Aqcoe3G337100.1.p
OG0011828	VIT_217s0000g04270.1	Aqcoe3G047200.1.p
OG0011829	VIT_201s0010g00550.1	Aqcoe3G067900.1.p
OG0011830	VIT_208s0056g00830.1	Aqcoe3G425700.1.p
OG0011831	VIT_219s0015g00980.1	Aqcoe3G287300.1.p
OG0011832	VIT_217s0000g01970.1	Aqcoe3G413900.1.p
OG0011833	VIT_201s0011g03050.1	Aqcoe3G050200.1.p, Aqcoe3G396700.1.p
OG0011834	VIT_205s0102g00650.1, VIT_205s0102g00560.1	Aqcoe3G108800.1.p
OG0011835	VIT_201s0011g03380.1	Aqcoe3G041300.1.p
OG0011836	VIT_214s0066g01460.2, VIT_214s0066g01460.1	Aqcoe3G295300.1.p
OG0011837	VIT_201s0011g04540.1	Aqcoe3G015700.1.p, Aqcoe3G019500.1.p
OG0011838	VIT_214s0066g02620.1	Aqcoe3G326100.1.p
OG0011839	VIT_217s0119g00090.2, VIT_217s0119g00090.1	Aqcoe3G429900.1.p
OG0011840	VIT_214s0066g02270.3, VIT_214s0066g02270.1, VIT_214s0066g02270.4, VIT_214s0066g02270.2, VIT_214s0066g02270.5	Aqcoe3G313600.1.p
OG0011841	VIT_201s0010g01090.1	Aqcoe3G384700.1.p
OG0011842	VIT_212s0057g00300.1	Aqcoe3G362800.1.p
OG0011843	VIT_215s0021g01870.2, VIT_215s0021g01870.1	Aqcoe3G271800.1.p
OG0011844	VIT_217s0000g06240.1	Aqcoe3G339100.1.p
OG0011845	VIT_206s0004g01370.1	Aqcoe3G109400.1.p
OG0011846	VIT_217s0000g04540.1	Aqcoe3G388000.1.p
OG0011847	VIT_216s0022g00630.1	Aqcoe3G186500.1.p
OG0011848	VIT_201s0011g03510.1, VIT_201s0011g03510.2	Aqcoe3G039700.3.p, Aqcoe3G039700.2.p, Aqcoe3G039700.4.p, Aqcoe3G039700.6.p, Aqcoe3G039700.5.p, Aqcoe3G039700.1.p
OG0011849	VIT_217s0000g03880.2, VIT_217s0000g03880.1	Aqcoe3G400400.1.p
OG0011850	VIT_210s0042g01020.1	Aqcoe3G036700.1.p
OG0011851	VIT_214s0066g01800.1	Aqcoe3G106700.1.p
OG0011852	VIT_201s0011g02730.1	Aqcoe3G390700.1.p
OG0011853	VIT_201s0011g00210.1	Aqcoe3G199700.1.p
OG0011854	VIT_201s0011g00140.1	Aqcoe3G065300.1.p
OG0011855	VIT_217s0000g05650.1	Aqcoe3G325900.1.p
OG0011856	VIT_202s0012g02540.1	Aqcoe3G173900.2.p, Aqcoe3G173900.1.p
OG0011857	VIT_201s0011g00940.1	Aqcoe3G360200.1.p
OG0011858	VIT_201s0011g04070.1	Aqcoe3G024700.1.p
OG0011859	VIT_201s0137g00010.1	Aqcoe3G425400.1.p
OG0011860	VIT_203s0063g00900.3, VIT_203s0063g00900.2, VIT_203s0063g00900.1	Aqcoe3G349900.1.p
OG0011861	VIT_201s0026g02465.1	Aqcoe3G338600.1.p
OG0011862	VIT_201s0127g00050.1	Aqcoe3G277800.1.p
OG0011863	VIT_213s0019g04140.2, VIT_213s0019g04140.1	Aqcoe3G271900.1.p
OG0011864	VIT_217s0000g02270.2, VIT_217s0000g02270.3, VIT_217s0000g02270.1	Aqcoe3G417200.1.p
OG0011865	VIT_204s0079g00800.1, VIT_204s0079g00800.2, VIT_204s0079g00800.3	Aqcoe3G428900.1.p, Aqcoe3G428900.2.p
OG0011866	VIT_202s0012g01910.1	Aqcoe3G170700.1.p, Aqcoe3G170700.2.p
OG0011867	VIT_217s0000g02690.1, VIT_217s0000g02690.2	Aqcoe3G407800.2.p, Aqcoe3G407800.1.p
OG0011868	VIT_201s0010g03800.1	Aqcoe3G198300.1.p
OG0011869	VIT_208s0040g00480.1, VIT_208s0040g00480.2, VIT_208s0040g00480.3	Aqcoe3G389400.1.p
OG0011870	VIT_201s0026g01250.1	Aqcoe3G317500.1.p
OG0011871	VIT_201s0011g04020.1	Aqcoe3G026100.1.p
OG0011872	VIT_215s0021g01680.1	Aqcoe3G269400.1.p
OG0011873	VIT_217s0000g03190.5, VIT_217s0000g03190.6, VIT_217s0000g03190.1, VIT_217s0000g03190.4, VIT_217s0000g03190.3, VIT_217s0000g03190.2	Aqcoe3G412600.1.p
OG0011874	VIT_214s0108g00070.1	Aqcoe3G328700.1.p, Aqcoe3G328700.2.p, Aqcoe3G328700.3.p
OG0011875	VIT_217s0000g08680.1	Aqcoe3G281200.1.p
OG0011876	VIT_217s0000g08390.1, VIT_217s0000g08390.2	Aqcoe3G290500.1.p
OG0011877	VIT_214s0066g01100.2, VIT_214s0066g01100.1	Aqcoe3G287900.1.p
OG0011878	VIT_216s0039g00430.1, VIT_216s0039g00430.3, VIT_216s0039g00430.2, VIT_216s0039g00430.5, VIT_216s0039g00430.4	Aqcoe3G441200.2.p, Aqcoe3G441200.1.p
OG0012005	VIT_214s0128g00240.1	Aqcoe2G333500.2.p, Aqcoe2G333500.1.p, Aqcoe0127s0002.1.p
OG0012007	VIT_206s0004g05500.1	Aqcoe1G096600.1.p, Aqcoe2G339700.1.p
OG0012008	VIT_206s0009g01580.2, VIT_206s0009g01580.1	Aqcoe2G007000.1.p
OG0012009	VIT_200s0207g00250.1, VIT_200s0207g00260.1	Aqcoe2G169000.1.p
OG0012012	VIT_208s0007g04910.1	Aqcoe2G207600.1.p
OG0012013	VIT_205s0077g01850.1	Aqcoe2G287400.1.p
OG0012015	VIT_213s0074g00230.1	Aqcoe2G184500.2.p, Aqcoe2G184500.1.p
OG0012016	VIT_200s0227g00110.1	Aqcoe2G408000.1.p
OG0012017	VIT_206s0004g00065.1	Aqcoe2G422600.1.p
OG0012019	VIT_205s0049g01480.1	Aqcoe2G380500.1.p
OG0012021	VIT_208s0007g03430.1	Aqcoe2G141000.1.p
OG0012022	VIT_207s0005g05500.2, VIT_207s0005g05500.1	Aqcoe2G395100.1.p, Aqcoe2G395100.2.p
OG0012025	VIT_211s0016g02450.1	Aqcoe7G132300.1.p, Aqcoe2G245900.1.p
OG0012026	VIT_200s0215g00020.1	Aqcoe2G438800.1.p
OG0012027	VIT_213s0084g00620.1	Aqcoe2G045200.1.p
OG0012028	VIT_205s0062g01030.1	Aqcoe2G419800.1.p
OG0012029	VIT_212s0057g00890.1	Aqcoe2G084400.1.p, Aqcoe2G084400.2.p
OG0012031	VIT_207s0151g00910.1	Aqcoe2G343600.1.p
OG0012032	VIT_216s0039g02800.1, VIT_216s0039g02800.2	Aqcoe2G337200.1.p
OG0012033	VIT_205s0020g04610.1	Aqcoe2G358200.1.p
OG0012034	VIT_206s0061g01410.1, VIT_206s0061g01410.2	Aqcoe2G129300.1.p, Aqcoe2G129300.2.p
OG0012035	VIT_207s0104g00510.1	Aqcoe2G338300.1.p
OG0012036	VIT_203s0038g02660.1	Aqcoe2G269400.1.p
OG0012037	VIT_205s0020g02860.1	Aqcoe2G336100.1.p
OG0012038	VIT_214s0030g01590.1	Aqcoe2G246400.1.p
OG0012039	VIT_208s0056g00660.2, VIT_208s0056g00660.1, VIT_208s0056g00660.3	Aqcoe2G377500.1.p
OG0012040	VIT_200s0246g00170.1	Aqcoe2G192200.1.p, Aqcoe7G220500.1.p
OG0012041	VIT_209s0002g04630.1	Aqcoe2G110800.1.p
OG0012042	VIT_204s0023g00300.1	Aqcoe2G335400.1.p
OG0012044	VIT_219s0015g01130.1, VIT_219s0015g01140.1	Aqcoe2G130500.1.p
OG0012045	VIT_205s0077g01980.1	Aqcoe2G298900.1.p
OG0012046	VIT_212s0055g00740.1, VIT_209s0018g00100.1	Aqcoe2G107000.1.p
OG0012047	VIT_205s0102g00210.3, VIT_205s0102g00210.2, VIT_205s0102g00210.1	Aqcoe2G430100.1.p, Aqcoe2G430100.2.p
OG0012048	VIT_208s0007g08990.1	Aqcoe2G026800.1.p
OG0012049	VIT_213s0320g00070.1	Aqcoe2G057400.2.p, Aqcoe2G057400.1.p
OG0012050	VIT_214s0006g00090.1	Aqcoe2G069100.1.p
OG0012051	VIT_207s0104g00370.1	Aqcoe2G330100.1.p
OG0012052	VIT_205s0102g00880.1	Aqcoe2G436900.1.p
OG0012053	VIT_217s0000g01750.3, VIT_217s0000g01750.2, VIT_217s0000g01750.1	Aqcoe2G197500.1.p, Aqcoe3G190300.1.p
OG0012054	VIT_208s0007g05420.2, VIT_208s0007g05420.1	Aqcoe2G037800.1.p
OG0012055	VIT_207s0104g01430.1	Aqcoe2G308400.1.p
OG0012056	VIT_208s0056g00270.2, VIT_208s0056g00270.1	Aqcoe2G215200.1.p
OG0012057	VIT_207s0005g01480.1	Aqcoe2G274000.1.p
OG0012058	VIT_214s0030g01950.1	Aqcoe2G352700.2.p, Aqcoe2G352700.1.p
OG0012059	VIT_205s0020g03140.1	Aqcoe2G341500.1.p
OG0012060	VIT_211s0037g00980.1	Aqcoe2G111900.1.p, Aqcoe2G098700.1.p, Aqcoe4G070500.1.p, Aqcoe4G071600.1.p, Aqcoe7G341900.1.p, Aqcoe7G341900.2.p, Aqcoe4G157900.1.p, Aqcoe3G256100.1.p, Aqcoe3G276100.1.p, Aqcoe3G277600.1.p, Aqcoe3G269800.1.p, Aqcoe3G219200.1.p, Aqcoe3G274800.1.p
OG0012061	VIT_207s0005g00340.1	Aqcoe2G294200.1.p
OG0012062	VIT_208s0007g08720.1	Aqcoe2G304800.1.p
OG0012063	VIT_209s0002g04370.1	Aqcoe2G041800.1.p
OG0012064	VIT_204s0043g00870.2, VIT_204s0043g00870.1	Aqcoe2G419200.1.p
OG0012065	VIT_208s0007g09010.2, VIT_208s0007g09010.1	Aqcoe2G026100.1.p
OG0012066	VIT_218s0001g08560.1, VIT_218s0001g08560.2	Aqcoe2G234000.1.p
OG0012067	VIT_216s0013g01340.1	Aqcoe4G201300.1.p, Aqcoe6G204200.1.p, Aqcoe7G219000.2.p, Aqcoe7G219000.1.p, Aqcoe6G204200.2.p
OG0012067	VIT_203s0114g00032.1, VIT_216s0300g00021.1, VIT_200s0188g00050.1, VIT_216s0039g01040.1	Aqcoe2G088900.1.p, Aqcoe5G431500.1.p
OG0012068	VIT_208s0007g07470.1	Aqcoe2G064400.1.p, Aqcoe2G064400.2.p
OG0012069	VIT_207s0151g01010.1	Aqcoe2G342600.1.p
OG0012070	VIT_205s0020g02370.1	Aqcoe2G323700.1.p, Aqcoe5G065300.1.p
OG0012071	VIT_208s0056g01610.1	Aqcoe2G065100.1.p, Aqcoe2G065100.2.p
OG0012072	VIT_205s0077g00590.1	Aqcoe2G266400.1.p
OG0012074	VIT_200s0599g00010.1, VIT_200s0713g00010.1, VIT_200s0623g00010.1, VIT_200s0699g00010.1	Aqcoe2G070300.1.p
OG0012075	VIT_218s0001g11720.2, VIT_218s0001g11720.1	Aqcoe2G415500.1.p
OG0012077	VIT_205s0051g00420.1	Aqcoe2G393400.1.p
OG0012078	VIT_213s0139g00260.1	Aqcoe2G036400.1.p
OG0012079	VIT_205s0124g00090.1, VIT_205s0124g00090.3, VIT_205s0124g00090.2	Aqcoe2G428500.1.p
OG0012080	VIT_200s0203g00140.1	Aqcoe2G242100.1.p
OG0012081	VIT_205s0020g02880.1	Aqcoe2G336200.1.p
OG0012082	VIT_206s0004g06940.1	Aqcoe2G087800.1.p
OG0012083	VIT_204s0008g06620.1	Aqcoe2G392200.1.p, Aqcoe5G379000.1.p, Aqcoe5G379000.2.p
OG0012084	VIT_205s0020g04710.1, VIT_205s0020g04710.2	Aqcoe2G361900.1.p, Aqcoe2G361900.2.p
OG0012085	VIT_205s0094g00770.1	Aqcoe2G433900.1.p
OG0012086	VIT_214s0128g00050.3	Aqcoe2G326400.1.p
OG0012087	VIT_207s0005g01250.1	Aqcoe2G278000.1.p
OG0012089	VIT_207s0005g00140.1	Aqcoe2G297400.1.p
OG0012090	VIT_206s0004g06150.1, VIT_213s0019g03420.1	Aqcoe3G105400.1.p, Aqcoe2G102000.1.p
OG0012091	VIT_213s0019g04650.2, VIT_213s0019g04650.4, VIT_213s0019g04650.3, VIT_213s0019g04650.1	Aqcoe2G143500.1.p
OG0012092	VIT_212s0028g01980.1	Aqcoe2G152300.1.p, Aqcoe2G152300.2.p, Aqcoe2G152300.3.p
OG0012094	VIT_208s0007g03170.1	Aqcoe1G443200.1.p, Aqcoe2G123500.1.p
OG0012095	VIT_212s0059g01830.1	Aqcoe0603s0003.1.p, Aqcoe4G151900.1.p, Aqcoe4G157200.1.p, Aqcoe4G105300.1.p
OG0012096	VIT_218s0001g10770.1	Aqcoe6G145400.1.p
OG0012097	VIT_212s0034g01760.1	Aqcoe6G019400.1.p
OG0012098	VIT_205s0094g01020.1	Aqcoe6G020700.1.p
OG0012099	VIT_218s0122g01120.1	Aqcoe6G172700.1.p
OG0012100	VIT_218s0001g01840.1	Aqcoe6G032200.1.p
OG0012101	VIT_208s0007g08190.1	Aqcoe3G273700.1.p, Aqcoe6G289400.1.p
OG0012102	VIT_218s0001g09930.1	Aqcoe6G310000.1.p
OG0012104	VIT_218s0072g00300.1	Aqcoe6G042900.1.p
OG0012106	VIT_218s0001g12460.1	Aqcoe6G119200.1.p
OG0012107	VIT_203s0091g00620.2, VIT_203s0091g00620.1, VIT_203s0091g00620.3	Aqcoe6G288400.1.p
OG0012108	VIT_218s0089g01190.1, VIT_218s0089g01190.7, VIT_218s0089g01190.6, VIT_218s0089g01190.4, VIT_218s0089g01190.5, VIT_218s0089g01190.3, VIT_218s0089g01190.2	Aqcoe6G003600.1.p
OG0012109	VIT_212s0035g02080.1	Aqcoe6G001500.1.p
OG0012110	VIT_203s0063g01750.1, VIT_215s0045g01430.1	Aqcoe6G102500.1.p
OG0012111	VIT_219s0027g00450.1	Aqcoe6G129600.1.p
OG0012112	VIT_218s0001g02500.1	Aqcoe6G047300.1.p
OG0012113	VIT_218s0072g00170.1	Aqcoe6G043700.1.p
OG0012114	VIT_204s0023g01530.1	Aqcoe6G115600.1.p
OG0012115	VIT_218s0001g08320.1	Aqcoe6G162600.1.p
OG0012116	VIT_218s0001g06750.1	Aqcoe6G008700.2.p, Aqcoe6G008700.1.p
OG0012118	VIT_218s0072g01000.1	Aqcoe6G014100.1.p
OG0012119	VIT_218s0001g04190.1	Aqcoe6G016500.1.p, Aqcoe6G016500.2.p
OG0012120	VIT_218s0001g09010.1	Aqcoe6G275800.1.p
OG0012121	VIT_212s0035g00880.1	Aqcoe6G248900.1.p, Aqcoe6G248900.2.p
OG0012122	VIT_219s0027g00020.1	Aqcoe6G092400.1.p
OG0012123	VIT_200s0771g00010.1	Aqcoe6G316800.1.p
OG0012124	VIT_200s0218g00075.1, VIT_200s1664g00010.1	Aqcoe6G157700.1.p, Aqcoe6G157700.2.p
OG0012125	VIT_212s0035g00630.1	Aqcoe6G015300.1.p
OG0012126	VIT_218s0001g15020.1	Aqcoe6G027700.1.p, Aqcoe6G027700.3.p, Aqcoe6G027700.2.p, Aqcoe6G027700.4.p
OG0012127	VIT_218s0164g00010.1	Aqcoe6G054100.1.p, Aqcoe5G116400.1.p
OG0012128	VIT_203s0038g00300.1	Aqcoe6G258000.1.p
OG0012129	VIT_207s0031g01605.1	Aqcoe6G057800.2.p, Aqcoe6G057800.1.p
OG0012130	VIT_204s0023g02000.1	Aqcoe6G122800.1.p
OG0012131	VIT_204s0044g01650.1, VIT_218s0001g01390.1	Aqcoe6G030000.1.p
OG0012132	VIT_218s0122g01230.1	Aqcoe6G175200.1.p, Aqcoe5G120900.1.p
OG0012133	VIT_203s0038g00800.1, VIT_203s0038g00800.2	Aqcoe6G245700.1.p
OG0012134	VIT_200s0684g00030.1, VIT_200s2814g00010.1	Aqcoe6G228000.1.p
OG0012135	VIT_218s0001g05130.3, VIT_218s0001g05130.1, VIT_218s0001g05130.2, VIT_218s0001g05130.4	Aqcoe6G062200.3.p, Aqcoe6G062200.2.p, Aqcoe6G062200.4.p, Aqcoe6G062200.1.p
OG0012136	VIT_210s0003g05695.1	Aqcoe3G330700.1.p, Aqcoe3G334200.1.p, Aqcoe6G247000.1.p, Aqcoe3G051600.1.p, Aqcoe3G330600.1.p, Aqcoe6G246900.1.p
OG0012138	VIT_218s0001g01880.1	Aqcoe6G049200.1.p
OG0012139	VIT_207s0191g00050.1	Aqcoe6G078600.1.p
OG0012140	VIT_218s0001g08800.1	Aqcoe6G270000.2.p, Aqcoe6G270000.1.p
OG0012141	VIT_207s0031g00790.2, VIT_207s0031g00790.1	Aqcoe6G144900.1.p
OG0012142	VIT_203s0088g01250.1	Aqcoe6G065000.3.p, Aqcoe6G065000.2.p, Aqcoe6G065000.1.p
OG0012143	VIT_213s0158g00040.1, VIT_207s0005g03540.1	Aqcoe6G160700.1.p
OG0012144	VIT_203s0017g00550.1	Aqcoe6G093500.1.p
OG0012145	VIT_218s0001g09140.1	Aqcoe6G281100.1.p
OG0012146	VIT_208s0040g02940.1	Aqcoe6G286500.1.p
OG0012148	VIT_203s0038g02580.1	Aqcoe6G215200.1.p
OG0012149	VIT_202s0087g00260.1	Aqcoe6G204800.1.p
OG0012150	VIT_208s0056g00310.1	Aqcoe0017s0003.1.p
OG0012151	VIT_212s0059g01950.1	Aqcoe4G164400.1.p, Aqcoe1G137600.1.p
OG0012152	VIT_200s1251g00010.1	Aqcoe4G251100.1.p
OG0012153	VIT_210s0116g01160.2, VIT_210s0116g01160.1	Aqcoe1G297500.1.p, Aqcoe4G196400.1.p, Aqcoe4G201600.1.p, Aqcoe4G210200.1.p
OG0012154	VIT_210s0003g00890.1	Aqcoe4G059800.1.p
OG0012155	VIT_202s0087g00620.1	Aqcoe4G174600.1.p
OG0012156	VIT_212s0142g00450.2, VIT_212s0142g00450.1, VIT_212s0142g00450.3	Aqcoe4G024300.6.p, Aqcoe4G024300.5.p, Aqcoe4G024300.2.p, Aqcoe4G024300.7.p, Aqcoe4G024300.8.p, Aqcoe4G024300.9.p, Aqcoe4G024300.1.p, Aqcoe4G024300.4.p, Aqcoe4G024300.3.p
OG0012157	VIT_200s0780g00010.1	Aqcoe4G195000.1.p, Aqcoe4G195000.2.p
OG0012158	VIT_219s0015g00520.1	Aqcoe4G310700.1.p
OG0012159	VIT_219s0014g01890.1	Aqcoe4G072400.1.p
OG0012160	VIT_219s0177g00330.1, VIT_219s0177g00340.1	Aqcoe4G235700.1.p
OG0012162	VIT_212s0028g00200.3, VIT_212s0028g00200.2, VIT_212s0028g00200.1	Aqcoe4G014400.1.p
OG0012163	VIT_210s0003g01150.2, VIT_210s0003g01150.1, VIT_210s0003g01150.3	Aqcoe4G051100.1.p
OG0012164	VIT_210s0116g00350.1	Aqcoe4G225100.1.p
OG0012165	VIT_219s0015g00380.1	Aqcoe4G312100.1.p
OG0012166	VIT_212s0134g00200.1	Aqcoe4G271100.1.p
OG0012169	VIT_217s0000g10280.2, VIT_217s0000g10280.1	Aqcoe4G207000.1.p
OG0012170	VIT_201s0150g00350.1, VIT_201s0150g00350.3, VIT_201s0150g00350.6, VIT_201s0150g00350.8, VIT_201s0150g00350.2, VIT_201s0150g00350.5, VIT_201s0150g00350.4, VIT_201s0150g00350.7	Aqcoe5G323000.1.p, Aqcoe4G039200.1.p
OG0012171	VIT_210s0003g03120.1	Aqcoe4G011200.1.p
OG0012172	VIT_200s0203g00050.1	Aqcoe4G260900.1.p, Aqcoe4G260900.2.p
OG0012173	VIT_211s0016g03920.1	Aqcoe7G178000.1.p, Aqcoe7G178000.2.p
OG0012174	VIT_200s0179g00270.1	Aqcoe5G387500.1.p, Aqcoe7G441100.1.p
OG0012175	VIT_202s0241g00110.1	Aqcoe7G071500.1.p, Aqcoe7G071500.2.p
OG0012176	VIT_202s0025g04930.1, VIT_202s0025g04930.2	Aqcoe7G062200.1.p, Aqcoe7G062400.1.p
OG0012177	VIT_211s0016g02040.1	Aqcoe7G295900.2.p, Aqcoe7G295900.1.p
OG0012178	VIT_202s0154g00230.1	Aqcoe7G080400.1.p
OG0012179	VIT_216s0022g02000.1	Aqcoe7G062700.2.p, Aqcoe7G062700.1.p
OG0012182	VIT_202s0025g02160.1	Aqcoe7G005700.1.p
OG0012183	VIT_218s0001g13220.1	Aqcoe7G101800.2.p, Aqcoe7G101800.1.p
OG0012184	VIT_204s0008g03480.1, VIT_211s0016g02730.1, VIT_204s0008g03450.1, VIT_204s0008g03480.2, VIT_211s0016g02740.1, VIT_204s0008g03510.1	Aqcoe7G413300.1.p, Aqcoe7G413100.1.p, Aqcoe7G412900.1.p
OG0012185	VIT_215s0048g01110.1	Aqcoe7G051500.1.p
OG0012186	VIT_209s0002g03540.1, VIT_209s0002g03610.1	Aqcoe7G149100.1.p
OG0012187	VIT_211s0016g03980.1, VIT_209s0002g04510.1	Aqcoe7G399400.1.p
OG0012188	VIT_209s0002g03210.1	Aqcoe7G144900.3.p, Aqcoe7G144900.2.p, Aqcoe7G144900.1.p
OG0012189	VIT_211s0016g02840.1	Aqcoe7G418600.1.p, Aqcoe7G144300.1.p
OG0012190	VIT_204s0008g06320.1	Aqcoe7G375500.1.p
OG0012191	VIT_211s0016g04400.1	Aqcoe7G193200.1.p
OG0012192	VIT_204s0008g04960.1	Aqcoe7G197600.1.p
OG0012193	VIT_209s0002g00450.1	Aqcoe7G440000.1.p
OG0012194	VIT_201s0010g03720.1	Aqcoe7G241700.2.p, Aqcoe7G241700.1.p
OG0012196	VIT_204s0008g05400.1, VIT_204s0008g05370.1, VIT_204s0008g05380.1, VIT_204s0008g05410.1, VIT_204s0008g05360.1, VIT_204s0008g05390.1, VIT_204s0008g05350.1	Aqcoe7G267500.1.p
OG0012197	VIT_200s0323g00040.1	Aqcoe7G075100.1.p, Aqcoe7G075100.2.p
OG0012199	VIT_211s0149g00090.1	Aqcoe7G367100.1.p
OG0012200	VIT_215s0021g00500.1, VIT_215s0021g00500.2	Aqcoe7G095300.1.p
OG0012202	VIT_204s0008g02370.1, VIT_204s0008g02370.6, VIT_204s0008g02370.5, VIT_204s0008g02370.3, VIT_204s0008g02370.2, VIT_204s0008g02370.4	Aqcoe7G325600.2.p, Aqcoe7G325600.1.p
OG0012203	VIT_216s0022g01420.2, VIT_216s0022g01420.1	Aqcoe7G073500.1.p
OG0012205	VIT_204s0008g01910.1	Aqcoe7G112500.1.p
OG0012206	VIT_215s0021g02030.1	Aqcoe7G091800.1.p
OG0012207	VIT_211s0016g02160.1	Aqcoe7G127700.1.p
OG0012208	VIT_217s0053g00110.1	Aqcoe7G059100.1.p, Aqcoe7G216800.1.p, Aqcoe5G426400.1.p
OG0012209	VIT_202s0033g01270.1	Aqcoe7G192000.1.p
OG0012210	VIT_204s0008g01440.1	Aqcoe7G119100.1.p
OG0012211	VIT_204s0069g00860.1	Aqcoe7G301900.1.p
OG0012212	VIT_206s0004g00045.1	Aqcoe7G423800.1.p
OG0012213	VIT_204s0008g07000.1	Aqcoe7G343800.2.p, Aqcoe7G343800.1.p
OG0012214	VIT_204s0008g01900.1	Aqcoe7G112600.1.p
OG0012215	VIT_211s0118g00580.1	Aqcoe7G282600.1.p
OG0012216	VIT_211s0016g03100.1	Aqcoe7G151500.1.p
OG0012217	VIT_209s0054g00530.1	Aqcoe7G302400.1.p
OG0012218	VIT_209s0002g04100.1	Aqcoe7G165700.1.p
OG0012219	VIT_204s0008g04210.1	Aqcoe7G181900.1.p
OG0012220	VIT_216s0022g02170.1	Aqcoe7G057700.1.p, Aqcoe7G057900.1.p
OG0012221	VIT_204s0008g05320.1	Aqcoe7G268600.1.p
OG0012222	VIT_208s0007g01760.1	Aqcoe7G149300.1.p
OG0012223	VIT_211s0016g02920.1	Aqcoe7G145300.1.p
OG0012224	VIT_204s0008g02220.1	Aqcoe7G108700.1.p
OG0012225	VIT_212s0055g00960.1, VIT_218s0041g01050.1	Aqcoe7G302800.1.p, Aqcoe7G302700.1.p
OG0012226	VIT_202s0033g01190.1	Aqcoe7G096800.1.p
OG0012227	VIT_216s0100g00280.1	Aqcoe7G298300.1.p, Aqcoe7G309500.1.p
OG0012228	VIT_200s0203g00190.1	Aqcoe7G312500.1.p
OG0012229	VIT_215s0048g00790.1	Aqcoe7G064400.1.p
OG0012230	VIT_211s0016g01120.1	Aqcoe7G436400.1.p
OG0012231	VIT_209s0054g01760.1	Aqcoe7G248000.1.p
OG0012232	VIT_210s0042g00430.1, VIT_210s0042g00200.1, VIT_210s0042g00420.1	Aqcoe7G144500.1.p
OG0012233	VIT_202s0012g00920.1, VIT_202s0012g00920.2	Aqcoe7G098100.1.p
OG0012235	VIT_200s1526g00010.1, VIT_209s0054g00190.1, VIT_200s2416g00010.1, VIT_200s2761g00010.1, VIT_209s0054g00140.1, VIT_209s0054g00090.1, VIT_209s0054g00030.1, VIT_209s0054g00030.2, VIT_209s0054g00210.1, VIT_209s0054g00210.2, VIT_209s0054g00030.3, VIT_209s0054g00060.1	Aqcoe7G262200.1.p
OG0012236	VIT_204s0008g01370.1	Aqcoe7G423000.1.p
OG0012237	VIT_200s0341g00060.1	Aqcoe7G089500.1.p
OG0012238	VIT_211s0065g00850.1, VIT_211s0065g00850.2	Aqcoe7G335400.2.p, Aqcoe7G335400.1.p
OG0012239	VIT_204s0008g06410.1, VIT_211s0118g00450.1, VIT_211s0118g00450.2	Aqcoe7G376000.1.p
OG0012240	VIT_211s0052g00040.1, VIT_211s0052g00040.3	Aqcoe7G299700.1.p
OG0012241	VIT_209s0054g00220.1	Aqcoe7G259900.1.p
OG0012242	VIT_209s0002g04330.1	Aqcoe7G172300.1.p
OG0012243	VIT_202s0025g02430.1	Aqcoe7G003500.1.p
OG0012244	VIT_211s0052g00920.1	Aqcoe7G258600.1.p
OG0012245	VIT_204s0008g05530.1	Aqcoe7G233400.1.p
OG0012246	VIT_216s0039g00520.3, VIT_216s0039g00520.1, VIT_216s0039g00520.2	Aqcoe7G098800.1.p
OG0012247	VIT_213s0156g00270.3, VIT_213s0156g00270.2, VIT_213s0156g00270.1	Aqcoe1G013900.1.p
OG0012248	VIT_206s0080g00140.1	Aqcoe1G450100.1.p
OG0012249	VIT_208s0056g01490.1	Aqcoe1G062000.1.p
OG0012250	VIT_206s0004g03010.1	Aqcoe1G503500.1.p, Aqcoe1G503400.1.p
OG0012251	VIT_213s0067g01360.1	Aqcoe1G411300.1.p
OG0012252	VIT_213s0073g00620.2, VIT_213s0073g00620.1	Aqcoe1G074600.1.p
OG0012253	VIT_211s0016g04380.1	Aqcoe1G500800.1.p
OG0012254	VIT_208s0056g00330.4, VIT_208s0056g00330.3, VIT_208s0056g00330.2, VIT_208s0056g00330.1, VIT_206s0004g08340.1, VIT_206s0004g08340.2	Aqcoe1G019200.1.p, Aqcoe1G129000.1.p, Aqcoe1G129200.1.p
OG0012255	VIT_208s0007g07890.1	Aqcoe1G030600.1.p
OG0012256	VIT_208s0007g01890.1	Aqcoe1G083600.1.p
OG0012257	VIT_219s0014g02370.1	Aqcoe1G258800.1.p
OG0012258	VIT_218s0001g13940.1	Aqcoe1G024800.1.p
OG0012259	VIT_219s0085g00990.1, VIT_219s0085g00990.3	Aqcoe1G160000.1.p
OG0012260	VIT_210s0003g00650.1	Aqcoe1G243500.1.p
OG0012261	VIT_213s0019g03350.1	Aqcoe1G084600.1.p
OG0012262	VIT_213s0064g01180.1	Aqcoe1G023200.1.p, Aqcoe1G023400.1.p, Aqcoe1G023600.1.p
OG0012263	VIT_219s0138g00110.1	Aqcoe1G345100.1.p
OG0012264	VIT_213s0019g00730.1	Aqcoe1G039200.2.p, Aqcoe1G039200.1.p
OG0012265	VIT_200s0181g00100.1	Aqcoe1G306300.1.p
OG0012266	VIT_206s0004g06650.9, VIT_206s0004g06650.7, VIT_206s0004g06650.8, VIT_206s0004g06650.2, VIT_206s0004g06650.1, VIT_206s0004g06650.5, VIT_206s0004g06650.6, VIT_206s0004g06650.3, VIT_206s0004g06650.4	Aqcoe1G420100.4.p
OG0012267	VIT_219s0014g02100.2, VIT_219s0014g02100.1	Aqcoe1G250500.1.p
OG0012268	VIT_213s0019g03450.1	Aqcoe1G430300.1.p
OG0012269	VIT_200s0475g00020.1	Aqcoe1G380100.1.p
OG0012270	VIT_208s0058g01430.1, VIT_208s0058g01430.3, VIT_208s0058g01430.2	Aqcoe1G501000.1.p
OG0012271	VIT_205s0051g00850.1	Aqcoe1G043700.1.p
OG0012272	VIT_208s0007g03280.1	Aqcoe1G100100.1.p, Aqcoe1G100100.2.p
OG0012273	VIT_206s0080g00510.3, VIT_206s0080g00510.2, VIT_206s0080g00510.1	Aqcoe1G443700.1.p
OG0012274	VIT_219s0015g01780.1, VIT_206s0009g02440.1	Aqcoe1G382800.1.p
OG0012275	VIT_208s0032g00420.1, VIT_208s0032g00420.2	Aqcoe1G069700.1.p
OG0012276	VIT_219s0014g00400.2, VIT_219s0014g00400.1	Aqcoe1G212200.1.p
OG0012277	VIT_200s0415g00080.1, VIT_200s0415g00080.2	Aqcoe1G113500.1.p
OG0012278	VIT_210s0003g04290.1	Aqcoe1G185300.1.p
OG0012279	VIT_213s0047g00520.1, VIT_213s0047g00520.2	Aqcoe1G002500.2.p, Aqcoe1G002500.1.p
OG0012280	VIT_200s0349g00040.1	Aqcoe1G257300.1.p
OG0012281	VIT_206s0004g06510.1	Aqcoe1G425100.1.p
OG0012282	VIT_200s0361g00100.1	Aqcoe1G370600.1.p
OG0012283	VIT_203s0017g01660.1	Aqcoe1G166900.1.p
OG0012284	VIT_213s0064g00040.1	Aqcoe1G015000.1.p
OG0012285	VIT_213s0019g05120.1	Aqcoe1G131100.1.p
OG0012286	VIT_208s0056g01520.1	Aqcoe1G061900.1.p
OG0012287	VIT_201s0011g01970.1	Aqcoe1G166600.1.p
OG0012289	VIT_214s0108g00560.2, VIT_214s0108g00560.1, VIT_214s0108g00560.3	Aqcoe1G211900.1.p, Aqcoe1G198900.1.p
OG0012290	VIT_200s0992g00010.1	Aqcoe1G280000.1.p, Aqcoe1G280000.2.p
OG0012291	VIT_208s0007g04530.1	Aqcoe1G122000.1.p
OG0012293	VIT_208s0007g01260.1	Aqcoe1G096100.1.p
OG0012295	VIT_200s0301g00170.1	Aqcoe1G332500.1.p
OG0012296	VIT_203s0038g02080.1	Aqcoe1G077900.1.p
OG0012297	VIT_210s0003g01750.1	Aqcoe1G216400.1.p
OG0012298	VIT_219s0090g01210.1	Aqcoe1G335500.1.p
OG0012299	VIT_213s0067g00260.1	Aqcoe1G428200.1.p, Aqcoe1G428200.2.p
OG0012300	VIT_214s0068g01240.1	Aqcoe1G293000.1.p, Aqcoe3G157800.1.p
OG0012301	VIT_201s0011g01720.2, VIT_201s0011g01720.1	Aqcoe1G167800.1.p
OG0012302	VIT_210s0003g05800.1	Aqcoe1G171800.1.p
OG0012303	VIT_219s0090g01750.1	Aqcoe1G390200.3.p, Aqcoe1G390200.2.p, Aqcoe1G390200.1.p
OG0012304	VIT_213s0106g00710.1	Aqcoe1G045800.1.p
OG0012305	VIT_212s0059g01330.1	Aqcoe1G338800.1.p, Aqcoe1G007100.1.p
OG0012306	VIT_208s0007g07380.2, VIT_208s0007g07380.1	Aqcoe1G058400.1.p
OG0012307	VIT_200s0259g00120.1	Aqcoe1G374100.2.p, Aqcoe1G374100.1.p
OG0012308	VIT_212s0059g02660.1	Aqcoe1G367600.1.p
OG0012309	VIT_208s0007g08060.2, VIT_208s0007g08060.1	Aqcoe1G149700.1.p
OG0012310	VIT_208s0105g00480.1	Aqcoe1G416700.1.p
OG0012311	VIT_219s0014g01600.1	Aqcoe1G284100.2.p, Aqcoe1G284100.1.p
OG0012312	VIT_214s0060g01260.1	Aqcoe1G089200.1.p, Aqcoe1G089200.2.p
OG0012313	VIT_206s0009g01770.1	Aqcoe1G014100.2.p, Aqcoe1G014100.1.p
OG0012314	VIT_219s0085g00680.1	Aqcoe1G162500.1.p
OG0012315	VIT_213s0067g03150.1, VIT_213s0067g03150.2, VIT_213s0067g03150.3	Aqcoe1G503000.1.p
OG0012317	VIT_213s0064g00650.2, VIT_213s0064g00650.1	Aqcoe1G032200.1.p
OG0012318	VIT_201s0011g01370.1, VIT_201s0011g01380.1	Aqcoe5G000400.1.p
OG0012319	VIT_218s0001g02710.1	Aqcoe5G259700.1.p
OG0012320	VIT_214s0030g01820.1	Aqcoe5G049600.1.p
OG0012321	VIT_214s0030g01700.1	Aqcoe5G055800.1.p
OG0012323	VIT_216s0100g00680.1	Aqcoe5G424300.1.p
OG0012324	VIT_205s0020g02330.1	Aqcoe5G065800.1.p, Aqcoe5G065800.2.p
OG0012325	VIT_207s0151g00210.1, VIT_207s0151g00130.1, VIT_207s0151g00270.1, VIT_207s0151g00250.1, VIT_207s0151g00110.1, VIT_207s0151g00190.1	Aqcoe5G048400.1.p, Aqcoe5G048500.1.p
OG0012326	VIT_216s0098g00800.1	Aqcoe5G473800.1.p
OG0012327	VIT_215s0046g01930.1	Aqcoe5G436200.1.p
OG0012328	VIT_204s0008g02640.2, VIT_204s0008g02640.1	Aqcoe5G418400.1.p
OG0012329	VIT_207s0151g01030.2, VIT_207s0151g01030.1, VIT_207s0151g01030.3	Aqcoe5G057000.1.p
OG0012330	VIT_206s0004g00400.2, VIT_206s0004g00400.1	Aqcoe5G001800.1.p
OG0012331	VIT_203s0017g02360.3, VIT_203s0017g02360.1	Aqcoe5G105500.1.p
OG0012332	VIT_203s0063g01920.1	Aqcoe5G170300.1.p, Aqcoe5G203300.1.p
OG0012333	VIT_206s0009g00650.1	Aqcoe5G278600.1.p
OG0012334	VIT_207s0005g00270.2, VIT_207s0005g00270.1	Aqcoe5G087100.1.p
OG0012335	VIT_207s0129g00050.1, VIT_207s0129g00130.1	Aqcoe5G102100.1.p
OG0012336	VIT_202s0154g00370.3, VIT_202s0154g00370.2, VIT_202s0154g00370.1	Aqcoe5G418300.1.p
OG0012337	VIT_200s0662g00010.1	Aqcoe5G317400.1.p
OG0012338	VIT_218s0001g01620.1	Aqcoe5G257100.1.p
OG0012340	VIT_211s0016g02440.1	Aqcoe5G370600.1.p
OG0012341	VIT_205s0020g03550.1	Aqcoe5G054300.1.p
OG0012342	VIT_204s0044g01980.1, VIT_204s0044g01980.2	Aqcoe5G112000.1.p
OG0012343	VIT_218s0001g11680.3, VIT_218s0001g11680.2, VIT_218s0001g11680.4, VIT_218s0001g11680.1	Aqcoe5G203800.1.p
OG0012344	VIT_217s0000g01530.1	Aqcoe5G359900.2.p, Aqcoe5G359900.1.p
OG0012345	VIT_217s0000g10370.1	Aqcoe5G375100.1.p
OG0012346	VIT_201s0137g00400.1	Aqcoe5G389100.2.p, Aqcoe5G389100.1.p
OG0012347	VIT_207s0104g01740.1	Aqcoe5G076800.2.p, Aqcoe5G076800.3.p, Aqcoe5G076800.1.p
OG0012348	VIT_218s0001g00460.1	Aqcoe5G125800.1.p
OG0012349	VIT_214s0066g00470.1	Aqcoe5G400900.1.p, Aqcoe5G400900.3.p, Aqcoe5G400900.2.p
OG0012350	VIT_207s0005g04440.1	Aqcoe5G012700.1.p
OG0012351	VIT_211s0052g00530.1	Aqcoe5G260000.1.p
OG0012352	VIT_212s0035g01970.1	Aqcoe5G041800.1.p
OG0012353	VIT_217s0000g10180.1	Aqcoe5G378700.1.p
OG0012354	VIT_201s0137g00270.1	Aqcoe5G383600.1.p, Aqcoe5G383600.2.p
OG0012355	VIT_217s0000g09860.1, VIT_217s0000g09860.2	Aqcoe5G382800.1.p
OG0012356	VIT_218s0041g01290.1	Aqcoe5G301300.1.p
OG0012358	VIT_218s0001g05370.1	Aqcoe5G258000.1.p
OG0012359	VIT_200s0211g00050.1	Aqcoe5G171000.1.p
OG0012361	VIT_207s0005g03390.1	Aqcoe5G025600.2.p, Aqcoe5G025600.1.p
OG0012362	VIT_203s0180g00090.1	Aqcoe5G141600.1.p
OG0012363	VIT_207s0005g04410.1	Aqcoe5G013600.1.p
OG0012364	VIT_205s0102g00200.1	Aqcoe5G021400.1.p
OG0012365	VIT_206s0004g08360.3, VIT_206s0004g08360.1, VIT_206s0004g08360.4, VIT_206s0004g08360.2	Aqcoe5G227700.1.p
OG0012366	VIT_218s0001g05660.1	Aqcoe5G097100.1.p
OG0012367	VIT_201s0137g00370.1, VIT_214s0219g00300.1	Aqcoe5G384800.1.p
OG0012368	VIT_214s0068g01660.1	Aqcoe5G347600.3.p, Aqcoe5G347600.1.p, Aqcoe5G347600.2.p
OG0012370	VIT_214s0068g01930.1	Aqcoe5G354700.1.p
OG0012371	VIT_203s0063g00500.1	Aqcoe5G152900.1.p
OG0012372	VIT_201s0150g00430.1	Aqcoe5G459000.1.p
OG0012373	VIT_205s0094g01430.1	Aqcoe5G396100.2.p, Aqcoe5G396100.1.p
OG0012374	VIT_205s0077g02090.1	Aqcoe5G091200.1.p
OG0012375	VIT_207s0141g00850.1	Aqcoe5G035600.1.p
OG0012376	VIT_214s0030g00670.3, VIT_214s0030g00670.5, VIT_214s0030g00670.1, VIT_214s0030g00670.6, VIT_214s0030g00670.7, VIT_214s0030g00670.8, VIT_214s0030g00670.2	Aqcoe5G074400.1.p
OG0012377	VIT_219s0014g01450.1, VIT_219s0014g01210.1	Aqcoe0967s0001.1.p
OG0012378	VIT_201s0011g03690.1, VIT_201s0011g03680.1	Aqcoe3G035200.1.p
OG0012379	VIT_204s0008g00780.2, VIT_204s0008g00780.1	Aqcoe3G282700.1.p
OG0012380	VIT_217s0000g07800.1	Aqcoe3G305200.1.p, Aqcoe3G305100.1.p
OG0012381	VIT_217s0000g07740.1	Aqcoe3G104300.1.p, Aqcoe3G104300.2.p
OG0012382	VIT_201s0011g05700.1	Aqcoe3G009500.1.p
OG0012383	VIT_212s0028g00370.1	Aqcoe3G415000.1.p
OG0012384	VIT_202s0012g01090.1	Aqcoe3G236600.1.p
OG0012385	VIT_215s0021g00830.1	Aqcoe3G256900.1.p
OG0012386	VIT_202s0012g00940.1	Aqcoe3G229800.1.p
OG0012387	VIT_218s0001g15560.2, VIT_218s0001g15560.1	Aqcoe3G098500.1.p
OG0012388	VIT_214s0108g01370.1	Aqcoe3G357000.1.p
OG0012389	VIT_201s0137g00670.1	Aqcoe3G140800.1.p
OG0012390	VIT_219s0090g00490.1, VIT_219s0090g00490.3, VIT_219s0090g00490.2	Aqcoe3G065500.1.p
OG0012391	VIT_201s0011g06270.2, VIT_201s0011g06270.1	Aqcoe3G419600.1.p, Aqcoe3G419600.2.p
OG0012392	VIT_217s0053g00420.1	Aqcoe3G438100.1.p
OG0012393	VIT_201s0011g00480.1	Aqcoe3G353500.1.p
OG0012394	VIT_210s0116g00080.1	Aqcoe3G346100.1.p
OG0012395	VIT_214s0006g02240.2, VIT_214s0006g02240.1	Aqcoe3G020900.1.p
OG0012396	VIT_206s0004g02910.1	Aqcoe3G137800.1.p, Aqcoe3G137800.2.p
OG0012397	VIT_201s0026g02700.1	Aqcoe3G077800.2.p, Aqcoe3G077800.1.p
OG0012398	VIT_216s0039g00300.1	Aqcoe3G442000.1.p
OG0012399	VIT_217s0000g03510.5, VIT_217s0000g03510.3, VIT_217s0000g03510.1, VIT_217s0000g03510.4, VIT_217s0000g03510.2	Aqcoe3G033000.1.p
OG0012400	VIT_217s0000g06170.1	Aqcoe3G337900.1.p
OG0012401	VIT_201s0026g01540.1	Aqcoe3G093400.1.p
OG0012402	VIT_205s0102g00460.1, VIT_205s0102g00460.2	Aqcoe3G253000.1.p
OG0012403	VIT_214s0006g02840.2, VIT_214s0006g02840.1	Aqcoe3G034700.1.p
OG0012404	VIT_217s0000g08880.1	Aqcoe3G277100.1.p
OG0012405	VIT_201s0010g00730.1	Aqcoe3G380200.1.p
OG0012406	VIT_216s0039g02180.1	Aqcoe3G209900.1.p
OG0012407	VIT_217s0000g01950.2, VIT_217s0000g01950.1	Aqcoe3G415200.1.p, Aqcoe3G415200.2.p
OG0012408	VIT_217s0000g06660.1	Aqcoe3G353300.1.p
OG0012409	VIT_217s0000g08900.2, VIT_217s0000g08900.1	Aqcoe3G128400.1.p
OG0012410	VIT_214s0083g00070.1	Aqcoe3G398100.1.p
OG0012411	VIT_202s0012g01340.2, VIT_202s0012g01340.1	Aqcoe3G234100.1.p
OG0012412	VIT_216s0039g02660.1	Aqcoe3G252400.1.p
OG0012413	VIT_201s0011g03560.1	Aqcoe3G039000.1.p
OG0012414	VIT_201s0026g02210.3	Aqcoe3G335400.1.p
OG0012415	VIT_201s0011g06060.1	Aqcoe3G407500.1.p
OG0012416	VIT_217s0000g01940.1, VIT_201s0011g05965.1	Aqcoe3G415300.1.p
OG0012417	VIT_219s0085g00230.1	Aqcoe3G087900.1.p
OG0012418	VIT_202s0012g01180.1	Aqcoe3G238200.1.p
OG0012419	VIT_217s0000g01820.1	Aqcoe3G189200.2.p, Aqcoe3G189200.1.p
OG0012420	VIT_215s0045g01340.1	Aqcoe3G251500.1.p
OG0012421	VIT_216s0039g01640.1	Aqcoe3G222500.2.p, Aqcoe3G222500.1.p
OG0012422	VIT_201s0011g04870.1, VIT_201s0011g04870.3, VIT_201s0011g04870.2	Aqcoe3G016600.2.p, Aqcoe3G016600.1.p
OG0012423	VIT_217s0000g07340.1	Aqcoe3G371600.1.p
OG0012424	VIT_216s0039g01520.2, VIT_216s0039g01520.3, VIT_216s0039g01520.1	Aqcoe3G234500.1.p
OG0012425	VIT_211s0103g00250.1	Aqcoe3G391200.1.p
OG0012426	VIT_201s0011g02340.1	Aqcoe3G052800.1.p
OG0012427	VIT_201s0026g00030.1	Aqcoe3G118200.1.p
OG0012428	VIT_203s0180g00180.1	Aqcoe3G286300.1.p
OG0012429	VIT_200s1616g00010.1, VIT_202s0234g00070.1	Aqcoe3G266800.1.p
OG0012430	VIT_201s0011g05830.1	Aqcoe3G009700.2.p, Aqcoe3G009700.4.p, Aqcoe3G009700.3.p, Aqcoe3G009700.1.p
OG0012431	VIT_214s0083g01180.1	Aqcoe3G063600.1.p, Aqcoe3G063600.2.p
OG0012432	VIT_217s0000g05090.1	Aqcoe3G367600.1.p
OG0012433	VIT_214s0108g01550.1	Aqcoe3G359800.1.p
OG0012569	VIT_211s0052g00940.1	Aqcoe2G096700.1.p
OG0012570	VIT_205s0020g00920.2, VIT_205s0020g00920.1	Aqcoe2G247700.3.p, Aqcoe2G247700.2.p
OG0012571	VIT_205s0020g01440.1, VIT_205s0020g01440.2	Aqcoe2G300800.3.p, Aqcoe2G300800.2.p, Aqcoe2G300800.1.p
OG0012575	VIT_213s0019g01680.1	Aqcoe2G029000.1.p
OG0012576	VIT_207s0130g00160.1	Aqcoe2G103500.1.p
OG0012577	VIT_204s0044g00040.1	Aqcoe1G329900.1.p, Aqcoe2G027000.1.p, Aqcoe6G178200.1.p
OG0012578	VIT_205s0062g00260.1, VIT_205s0062g00260.2	Aqcoe2G402600.1.p
OG0012579	VIT_207s0005g02400.3, VIT_207s0005g02400.1, VIT_207s0005g02400.2	Aqcoe2G238300.1.p, Aqcoe6G180500.1.p
OG0012580	VIT_208s0007g02980.1	Aqcoe2G119200.1.p
OG0012580	VIT_208s0007g02990.1	Aqcoe2G119000.1.p, Aqcoe2G119000.2.p, Aqcoe2G122000.2.p, Aqcoe2G119100.1.p, Aqcoe2G122000.1.p
OG0012583	VIT_207s0151g00680.1	Aqcoe2G438200.1.p
OG0012584	VIT_206s0009g01070.1	Aqcoe2G067500.1.p
OG0012585	VIT_205s0020g03720.1	Aqcoe2G348300.2.p, Aqcoe2G348300.1.p
OG0012586	VIT_204s0023g00480.1	Aqcoe2G273600.1.p
OG0012587	VIT_214s0081g00540.1	Aqcoe5G038200.1.p, Aqcoe2G363600.3.p, Aqcoe2G363600.4.p, Aqcoe2G363600.2.p, Aqcoe2G363600.1.p
OG0012588	VIT_206s0004g04820.1	Aqcoe2G152200.2.p, Aqcoe2G152200.1.p
OG0012589	VIT_207s0104g00380.1, VIT_207s0104g00380.2	Aqcoe2G329700.1.p
OG0012590	VIT_207s0005g05850.1, VIT_207s0005g05850.2	Aqcoe2G386300.1.p
OG0012592	VIT_207s0005g02185.1	Aqcoe2G257900.1.p
OG0012592	VIT_218s0001g01991.1	Aqcoe5G297000.1.p, Aqcoe5G080400.1.p
OG0012593	VIT_211s0118g00630.2, VIT_211s0118g00630.1	Aqcoe7G282900.1.p
OG0012594	VIT_211s0016g04470.1, VIT_211s0016g04460.1	Aqcoe2G227000.1.p, Aqcoe2G226800.1.p, Aqcoe5G128200.1.p, Aqcoe5G127900.1.p, Aqcoe5G127900.2.p
OG0012595	VIT_219s0090g00050.1	Aqcoe2G160700.1.p
OG0012596	VIT_205s0049g01520.1	Aqcoe2G380600.1.p
OG0012597	VIT_214s0128g00700.1	Aqcoe2G340000.1.p
OG0012598	VIT_213s0067g02100.1	Aqcoe2G174700.1.p
OG0012599	VIT_203s0038g00730.1	Aqcoe2G342200.1.p
OG0012600	VIT_214s0060g00650.1	Aqcoe2G259400.1.p
OG0012601	VIT_201s0011g01670.1	Aqcoe1G168200.1.p, Aqcoe2G178100.1.p, Aqcoe2G171400.1.p
OG0012602	VIT_205s0020g03480.1	Aqcoe2G345700.1.p
OG0012603	VIT_209s0054g01040.1	Aqcoe2G266700.1.p, Aqcoe2G266700.2.p
OG0012604	VIT_213s0067g01150.1	Aqcoe2G091000.3.p, Aqcoe2G091000.2.p, Aqcoe2G091000.1.p
OG0012605	VIT_213s0101g00090.1, VIT_213s0101g00090.2	Aqcoe2G123300.1.p
OG0012606	VIT_207s0005g00090.1, VIT_207s0005g00090.3	Aqcoe2G298100.1.p
OG0012607	VIT_208s0040g01380.1	Aqcoe2G203400.1.p
OG0012608	VIT_206s0004g06795.1	Aqcoe2G271000.1.p, Aqcoe6G260400.1.p, Aqcoe7G287700.1.p, Aqcoe5G317800.1.p, Aqcoe1G189600.1.p, Aqcoe5G099300.1.p, Aqcoe1G375700.1.p
OG0012610	VIT_208s0040g02900.1	Aqcoe2G095500.1.p
OG0012611	VIT_207s0104g00250.1	Aqcoe2G332300.2.p, Aqcoe2G332300.1.p
OG0012612	VIT_205s0102g00760.1	Aqcoe2G435800.1.p
OG0012613	VIT_205s0020g02580.1	Aqcoe2G328400.1.p
OG0012614	VIT_207s0005g01140.1	Aqcoe2G279800.1.p
OG0012615	VIT_213s0019g05210.1	Aqcoe2G187300.1.p, Aqcoe2G187300.2.p
OG0012616	VIT_205s0020g00600.1	Aqcoe2G256600.1.p
OG0012618	VIT_205s0102g00310.1	Aqcoe2G429900.1.p
OG0012619	VIT_208s0058g01380.1	Aqcoe2G076400.1.p
OG0012620	VIT_208s0007g03150.1	Aqcoe2G160600.2.p, Aqcoe2G160600.1.p
OG0012621	VIT_208s0007g07120.1	Aqcoe1G051100.1.p, Aqcoe2G050900.1.p
OG0012624	VIT_203s0038g01460.1	Aqcoe6G208400.1.p
OG0012625	VIT_214s0083g00660.1, VIT_205s0020g04396.1	Aqcoe6G169100.1.p, Aqcoe1G320800.1.p
OG0012626	VIT_218s0001g07250.1	Aqcoe6G155800.1.p
OG0012627	VIT_207s0191g00120.1, VIT_200s1864g00010.1	Aqcoe6G077600.1.p
OG0012628	VIT_219s0177g00090.1	Aqcoe6G301700.1.p, Aqcoe6G301600.1.p, Aqcoe6G301500.1.p, Aqcoe6G296700.1.p, Aqcoe6G307000.1.p, Aqcoe6G306900.1.p, Aqcoe6G302300.1.p, Aqcoe6G307100.1.p, Aqcoe6G302200.1.p, Aqcoe6G294500.1.p
OG0012630	VIT_207s0129g00510.1	Aqcoe6G293100.1.p
OG0012631	VIT_216s0098g00270.1	Aqcoe6G304500.1.p, Aqcoe7G011400.1.p
OG0012633	VIT_218s0001g08830.1	Aqcoe6G270800.2.p, Aqcoe6G270800.1.p
OG0012634	VIT_218s0075g00120.1	Aqcoe6G017500.1.p
OG0012635	VIT_202s0025g00860.1	Aqcoe6G191100.1.p
OG0012636	VIT_204s0044g01420.1	Aqcoe6G039500.1.p
OG0012637	VIT_215s0046g02910.1, VIT_215s0046g02910.2	Aqcoe6G014600.2.p, Aqcoe6G014600.1.p
OG0012638	VIT_218s0001g14940.1	Aqcoe6G028900.1.p
OG0012639	VIT_215s0046g00330.1	Aqcoe6G235400.1.p
OG0012640	VIT_213s0074g00220.1	Aqcoe5G015400.1.p
OG0012641	VIT_200s0742g00020.1	Aqcoe6G086200.1.p
OG0012642	VIT_203s0063g00550.1, VIT_203s0063g00560.1, VIT_203s0063g00560.2, VIT_203s0063g00560.3	Aqcoe6G143500.1.p
OG0012643	VIT_218s0166g00120.1	Aqcoe6G041200.1.p
OG0012644	VIT_203s0097g00640.1	Aqcoe6G066500.1.p
OG0012645	VIT_202s0154g00460.1, VIT_214s0006g01810.1	Aqcoe6G230300.1.p
OG0012647	VIT_203s0038g03560.1	Aqcoe6G198100.1.p
OG0012648	VIT_218s0001g12280.1	Aqcoe6G113600.1.p
OG0012649	VIT_204s0008g00150.1, VIT_203s0038g03410.1	Aqcoe6G193500.1.p
OG0012650	VIT_218s0122g00320.2, VIT_218s0122g00320.1, VIT_218s0122g00320.3	Aqcoe6G328000.1.p
OG0012651	VIT_218s0001g00160.1	Aqcoe6G190700.1.p
OG0012652	VIT_218s0001g15360.1	Aqcoe6G036700.1.p
OG0012653	VIT_218s0001g14970.1	Aqcoe6G028200.1.p
OG0012654	VIT_218s0001g12030.1, VIT_218s0001g12030.2, VIT_218s0001g12030.3	Aqcoe6G111100.1.p
OG0012655	VIT_200s0207g00270.1	Aqcoe6G104000.1.p
OG0012656	VIT_207s0104g00150.1	Aqcoe6G064900.1.p
OG0012657	VIT_218s0089g00950.1	Aqcoe6G196900.1.p
OG0012657	VIT_208s0032g00150.1, VIT_208s0032g00190.1, VIT_218s0089g01020.2, VIT_200s2015g00010.1, VIT_218s0089g01020.3, VIT_218s0089g01020.1, VIT_205s0062g00020.1	Aqcoe6G195900.1.p
OG0012658	VIT_218s0041g02160.1, VIT_218s0041g02160.2	Aqcoe6G007700.1.p
OG0012660	VIT_212s0055g00480.1	Aqcoe3G194100.1.p, Aqcoe6G053100.1.p
OG0012661	VIT_218s0122g00780.1, VIT_218s0122g00780.2	Aqcoe6G164500.1.p
OG0012662	VIT_200s1328g00010.1, VIT_200s0988g00020.1	Aqcoe6G268300.1.p, Aqcoe6G268300.2.p
OG0012663	VIT_212s0034g01820.1, VIT_212s0034g01820.3, VIT_212s0034g01820.2	Aqcoe6G021500.1.p
OG0012665	VIT_207s0031g01770.1	Aqcoe6G046900.1.p
OG0012666	VIT_203s0038g03250.1	Aqcoe6G189900.1.p
OG0012667	VIT_218s0001g02070.1	Aqcoe6G048600.1.p
OG0012668	VIT_203s0038g04430.1	Aqcoe6G128000.1.p
OG0012669	VIT_210s0003g01405.1	Aqcoe6G231200.1.p, Aqcoe1G223300.1.p
OG0012670	VIT_218s0122g00360.1, VIT_218s0122g00350.1	Aqcoe6G327800.1.p, Aqcoe6G327800.2.p
OG0012671	VIT_204s0210g00210.1	Aqcoe6G182500.1.p
OG0012672	VIT_211s0103g00270.1, VIT_211s0103g00270.2	Aqcoe0017s0013.1.p
OG0012673	VIT_209s0002g07030.1	Aqcoe0768s0001.1.p
OG0012674	VIT_210s0003g03110.2, VIT_210s0003g03110.1	Aqcoe4G011500.1.p
OG0012675	VIT_200s0265g00040.1	Aqcoe4G103800.1.p
OG0012676	VIT_219s0014g05050.1	Aqcoe4G250800.1.p
OG0012677	VIT_219s0085g01130.1	Aqcoe4G082300.3.p, Aqcoe4G082300.4.p, Aqcoe4G082300.2.p, Aqcoe4G082300.1.p
OG0012678	VIT_215s0046g02360.1	Aqcoe4G230200.2.p, Aqcoe4G230200.1.p
OG0012680	VIT_212s0028g03910.1	Aqcoe1G273100.1.p, Aqcoe4G156000.1.p
OG0012681	VIT_210s0003g01730.1	Aqcoe4G029300.1.p
OG0012682	VIT_205s0029g01110.1, VIT_205s0102g00540.1, VIT_205s0102g00510.1, VIT_205s0029g01105.1	Aqcoe5G056600.1.p, Aqcoe5G056800.1.p, Aqcoe4G119200.1.p
OG0012683	VIT_212s0059g01940.1	Aqcoe4G163900.1.p
OG0012684	VIT_210s0003g01020.1, VIT_210s0003g01030.1	Aqcoe1G283700.1.p, Aqcoe4G057200.1.p, Aqcoe4G057800.1.p
OG0012685	VIT_211s0052g00200.3, VIT_211s0052g00200.1, VIT_211s0052g00200.4, VIT_211s0052g00200.2, VIT_211s0052g00200.5, VIT_211s0052g00270.1	Aqcoe4G174800.1.p, Aqcoe4G187700.1.p
OG0012686	VIT_219s0014g01560.4, VIT_219s0014g01560.3, VIT_219s0014g01560.2, VIT_219s0014g01560.1	Aqcoe4G051300.1.p
OG0012687	VIT_218s0001g09550.1	Aqcoe4G219500.1.p
OG0012688	VIT_200s0583g00030.1	Aqcoe4G134400.1.p
OG0012689	VIT_217s0000g03910.1	Aqcoe3G040100.1.p, Aqcoe4G255200.1.p
OG0012691	VIT_210s0116g00540.1	Aqcoe4G228200.1.p
OG0012693	VIT_200s1274g00010.1	Aqcoe4G252200.1.p
OG0012694	VIT_215s0107g00270.1	Aqcoe4G255400.1.p
OG0012696	VIT_215s0048g00190.2, VIT_215s0048g00190.1	Aqcoe4G173400.1.p, Aqcoe3G199600.1.p, Aqcoe5G415700.1.p
OG0012697	VIT_210s0003g00970.1	Aqcoe4G264500.1.p
OG0012699	VIT_202s0012g00610.1	Aqcoe4G250600.1.p
OG0012700	VIT_219s0014g00170.1	Aqcoe4G015400.2.p, Aqcoe4G015400.1.p
OG0012701	VIT_209s0070g00090.1	Aqcoe7G361000.1.p
OG0012702	VIT_204s0008g07260.1	Aqcoe7G308600.1.p
OG0012703	VIT_209s0002g04160.1	Aqcoe7G167600.1.p, Aqcoe7G167700.1.p, Aqcoe7G167800.1.p
OG0012704	VIT_217s0000g08860.2, VIT_217s0000g08860.3, VIT_217s0000g08860.1	Aqcoe7G341600.1.p
OG0012705	VIT_211s0037g00430.1	Aqcoe7G354800.1.p
OG0012706	VIT_211s0016g03120.1	Aqcoe7G151400.1.p
OG0012707	VIT_211s0052g01140.1, VIT_211s0052g01140.2	Aqcoe7G325500.1.p
OG0012708	VIT_215s0046g01780.1	Aqcoe7G024200.1.p
OG0012709	VIT_209s0002g04010.4, VIT_209s0002g04010.3, VIT_209s0002g04010.2, VIT_209s0002g04010.1	Aqcoe7G162000.1.p
OG0012710	VIT_204s0008g01330.2, VIT_204s0008g01330.1	Aqcoe7G130100.1.p
OG0012711	VIT_209s0018g00560.1	Aqcoe7G356300.1.p
OG0012712	VIT_216s0022g01690.2, VIT_216s0022g01690.4, VIT_216s0022g01690.5	Aqcoe7G069600.1.p
OG0012713	VIT_212s0055g00700.1	Aqcoe7G285500.1.p
OG0012714	VIT_202s0087g00160.1	Aqcoe7G437400.1.p
OG0012716	VIT_202s0025g05170.1, VIT_200s1267g00005.1	Aqcoe7G068200.1.p
OG0012717	VIT_209s0002g06800.1	Aqcoe7G387300.2.p, Aqcoe7G387300.3.p, Aqcoe7G387300.1.p
OG0012718	VIT_211s0016g02560.2	Aqcoe7G133600.1.p
OG0012719	VIT_204s0008g03630.1	Aqcoe7G407300.1.p
OG0012720	VIT_216s0013g02120.1	Aqcoe7G220200.1.p
OG0012721	VIT_214s0006g01580.1	Aqcoe7G069900.1.p, Aqcoe7G069800.1.p, Aqcoe5G133600.1.p
OG0012723	VIT_218s0117g00190.1	Aqcoe7G208500.1.p, Aqcoe1G345300.1.p
OG0012724	VIT_215s0021g01120.4, VIT_215s0021g01120.1, VIT_215s0021g01120.2, VIT_215s0021g01120.3	Aqcoe7G091700.1.p
OG0012725	VIT_219s0014g01300.1	Aqcoe3G015300.1.p, Aqcoe1G001600.1.p, Aqcoe7G292500.1.p
OG0012726	VIT_216s0050g01070.1	Aqcoe7G025000.1.p
OG0012727	VIT_204s0023g02380.1	Aqcoe7G345700.1.p
OG0012728	VIT_211s0052g00110.1	Aqcoe7G263400.1.p
OG0012729	VIT_209s0002g00800.1	Aqcoe7G106400.1.p
OG0012730	VIT_207s0005g01990.1	Aqcoe7G348400.1.p, Aqcoe7G348400.2.p
OG0012731	VIT_216s0100g00730.1	Aqcoe7G042400.1.p
OG0012732	VIT_211s0016g03050.1	Aqcoe7G151900.1.p
OG0012733	VIT_211s0052g00440.1	Aqcoe7G304900.1.p, Aqcoe7G304900.2.p
OG0012735	VIT_202s0025g00320.1	Aqcoe7G024100.1.p
OG0012736	VIT_209s0002g01360.1	Aqcoe7G113000.1.p
OG0012737	VIT_209s0002g06570.1	Aqcoe7G268400.1.p, Aqcoe7G268400.2.p
OG0012738	VIT_209s0018g01970.1	Aqcoe7G335300.1.p
OG0012739	VIT_204s0008g04300.1	Aqcoe7G193900.1.p
OG0012740	VIT_200s0181g00240.1	Aqcoe7G327200.1.p
OG0012741	VIT_219s0015g01930.1	Aqcoe7G283200.1.p, Aqcoe1G411100.1.p
OG0012742	VIT_211s0037g00830.1	Aqcoe7G346200.2.p, Aqcoe7G346200.1.p
OG0012743	VIT_204s0008g01130.1	Aqcoe7G425100.1.p
OG0012744	VIT_211s0052g00893.1	Aqcoe7G319600.1.p
OG0012745	VIT_205s0020g03510.1	Aqcoe7G239500.1.p
OG0012746	VIT_215s0048g01780.1	Aqcoe7G063200.1.p
OG0012747	VIT_210s0003g05755.1, VIT_219s0027g00510.1	Aqcoe7G174000.1.p, Aqcoe7G162400.1.p
OG0012748	VIT_216s0022g02210.1	Aqcoe7G056500.1.p
OG0012749	VIT_209s0002g00420.1	Aqcoe7G440600.1.p
OG0012750	VIT_206s0004g01120.2, VIT_206s0004g01120.1	Aqcoe7G127200.1.p
OG0012751	VIT_211s0016g03470.1	Aqcoe7G163700.1.p
OG0012752	VIT_200s0233g00020.1	Aqcoe7G078800.1.p
OG0012753	VIT_211s0118g00500.1	Aqcoe7G375400.1.p
OG0012754	VIT_209s0002g02360.1	Aqcoe7G125600.1.p
OG0012755	VIT_204s0008g04220.1	Aqcoe7G182500.1.p
OG0012756	VIT_215s0046g01070.1	Aqcoe7G014400.1.p, Aqcoe7G014400.2.p
OG0012757	VIT_203s0091g00370.1, VIT_203s0091g00370.2	Aqcoe7G111400.1.p
OG0012759	VIT_211s0016g03360.1, VIT_211s0016g03360.4, VIT_211s0016g03360.5	Aqcoe7G160100.1.p
OG0012760	VIT_219s0014g01700.1, VIT_210s0003g00840.1	Aqcoe1G240500.1.p
OG0012761	VIT_212s0142g00280.1	Aqcoe1G011700.1.p
OG0012762	VIT_208s0007g05010.1	Aqcoe1G132300.1.p
OG0012763	VIT_213s0073g00250.1	Aqcoe1G080400.1.p
OG0012764	VIT_208s0007g01640.1	Aqcoe1G089400.1.p
OG0012765	VIT_206s0004g06210.1	Aqcoe1G429700.1.p
OG0012766	VIT_208s0058g01320.1	Aqcoe1G407300.1.p
OG0012767	VIT_212s0028g03480.2, VIT_212s0028g03480.1	Aqcoe1G260700.1.p
OG0012768	VIT_208s0040g03230.1	Aqcoe1G487100.1.p
OG0012769	VIT_210s0003g02940.1	Aqcoe1G198800.1.p
OG0012770	VIT_212s0059g01715.1	Aqcoe1G318900.1.p
OG0012771	VIT_208s0007g04830.1	Aqcoe1G129600.1.p
OG0012772	VIT_219s0014g00100.1	Aqcoe1G202100.1.p
OG0012773	VIT_208s0007g01730.1	Aqcoe1G086800.1.p
OG0012774	VIT_214s0060g00050.1	Aqcoe1G309000.1.p
OG0012775	VIT_213s0067g03400.1, VIT_213s0067g03400.2	Aqcoe1G484200.1.p
OG0012776	VIT_206s0080g00460.1	Aqcoe1G444000.1.p
OG0012777	VIT_208s0040g00850.1	Aqcoe1G008400.1.p
OG0012778	VIT_208s0032g00730.1	Aqcoe1G071600.1.p
OG0012779	VIT_208s0007g01610.1	Aqcoe1G090400.1.p
OG0012780	VIT_206s0004g06240.1	Aqcoe1G429500.1.p
OG0012781	VIT_212s0057g01080.1	Aqcoe1G379700.1.p
OG0012782	VIT_208s0007g04550.1	Aqcoe1G121800.1.p
OG0012783	VIT_208s0040g02180.2, VIT_208s0040g02180.4, VIT_208s0040g02180.3, VIT_208s0040g02180.1, VIT_206s0004g03120.1	Aqcoe1G495600.1.p
OG0012784	VIT_210s0003g03050.1	Aqcoe1G195200.1.p
OG0012785	VIT_203s0038g01070.1, VIT_205s0020g04320.1	Aqcoe1G213000.1.p, Aqcoe1G213000.2.p
OG0012786	VIT_213s0067g02140.1	Aqcoe1G393000.1.p
OG0012787	VIT_206s0080g01100.1	Aqcoe1G433500.1.p
OG0012789	VIT_213s0156g00200.1	Aqcoe1G004200.1.p
OG0012790	VIT_208s0032g00967.1	Aqcoe1G073700.1.p
OG0012791	VIT_210s0003g03670.1	Aqcoe1G189700.2.p, Aqcoe1G189700.1.p
OG0012792	VIT_213s0067g03300.1	Aqcoe1G486300.1.p
OG0012793	VIT_208s0007g07430.1	Aqcoe1G060100.1.p
OG0012794	VIT_206s0004g02520.1, VIT_206s0004g02520.11, VIT_206s0004g02520.3, VIT_206s0004g02520.5, VIT_206s0004g02520.2, VIT_206s0004g02520.10, VIT_206s0004g02520.6, VIT_206s0004g02520.9, VIT_206s0004g02520.4, VIT_206s0004g02520.7, VIT_206s0004g02520.8	Aqcoe1G138000.1.p
OG0012795	VIT_208s0058g00120.1	Aqcoe1G410000.1.p
OG0012796	VIT_219s0014g05220.1	Aqcoe1G362600.3.p, Aqcoe1G362600.1.p, Aqcoe1G362600.2.p
OG0012797	VIT_210s0116g00770.1	Aqcoe1G303800.1.p
OG0012798	VIT_210s0003g00160.1	Aqcoe1G481000.1.p
OG0012799	VIT_208s0007g01300.1	Aqcoe1G095600.1.p
OG0012800	VIT_213s0019g04580.1	Aqcoe1G138100.1.p
OG0012801	VIT_213s0073g00160.2, VIT_213s0073g00160.1	Aqcoe1G082600.2.p, Aqcoe1G082600.1.p
OG0012802	VIT_219s0015g01280.1	Aqcoe1G380400.1.p
OG0012803	VIT_200s0301g00060.1, VIT_200s0301g00070.1, VIT_200s0301g00080.1	Aqcoe1G330300.1.p
OG0012804	VIT_208s0105g00490.1	Aqcoe1G416600.1.p
OG0012805	VIT_210s0003g05330.1	Aqcoe1G169900.1.p
OG0012806	VIT_208s0007g04280.1	Aqcoe1G119100.1.p
OG0012807	VIT_208s0105g00270.1	Aqcoe1G079500.1.p
OG0012808	VIT_219s0015g01760.1	Aqcoe1G382900.1.p
OG0012809	VIT_201s0011g05490.1	Aqcoe1G044600.1.p
OG0012810	VIT_204s0044g01480.1	Aqcoe1G129500.1.p, Aqcoe1G129500.2.p
OG0012811	VIT_200s0592g00010.1	Aqcoe1G391400.1.p
OG0012813	VIT_206s0004g06930.1	Aqcoe1G410400.1.p
OG0012814	VIT_206s0009g02110.1	Aqcoe1G315300.1.p, Aqcoe1G315300.2.p
OG0012815	VIT_206s0004g07010.1	Aqcoe1G147400.1.p
OG0012816	VIT_212s0134g00210.1	Aqcoe1G129900.1.p
OG0012817	VIT_212s0057g00530.1	Aqcoe1G223500.1.p
OG0012818	VIT_208s0032g00950.1	Aqcoe1G072800.1.p
OG0012819	VIT_219s0014g03310.1	Aqcoe1G321700.1.p
OG0012820	VIT_213s0019g04570.1, VIT_213s0019g04540.1	Aqcoe1G138300.1.p
OG0012821	VIT_212s0028g00070.1	Aqcoe1G201600.1.p
OG0012822	VIT_208s0007g00710.1	Aqcoe1G105600.1.p
OG0012823	VIT_201s0011g05210.1, VIT_201s0011g05210.2	Aqcoe1G215100.1.p
OG0012824	VIT_208s0007g07700.1	Aqcoe1G022700.1.p
OG0012825	VIT_208s0007g02090.1, VIT_208s0007g02090.2	Aqcoe1G426800.1.p
OG0012826	VIT_219s0015g02800.1	Aqcoe1G292300.1.p
OG0012827	VIT_208s0040g03280.1	Aqcoe1G489200.1.p
OG0012828	VIT_219s0014g02230.1	Aqcoe1G254100.1.p
OG0012829	VIT_219s0090g01010.1	Aqcoe1G346100.1.p
OG0012830	VIT_208s0007g04450.1, VIT_208s0007g04410.1	Aqcoe1G120900.1.p
OG0012831	VIT_212s0059g00920.1, VIT_212s0059g00900.1, VIT_212s0059g00900.2	Aqcoe1G297300.1.p
OG0012832	VIT_208s0056g01300.1	Aqcoe1G065300.1.p
OG0012833	VIT_206s0004g06160.1	Aqcoe1G430200.1.p
OG0012834	VIT_207s0031g01530.1	Aqcoe5G315700.1.p, Aqcoe5G337300.1.p
OG0012835	VIT_209s0002g08830.1	Aqcoe5G066800.1.p
OG0012836	VIT_205s0094g00090.1	Aqcoe5G178900.1.p
OG0012837	VIT_218s0001g00820.1	Aqcoe5G128700.1.p
OG0012838	VIT_207s0005g02580.1	Aqcoe5G290400.1.p
OG0012839	VIT_203s0017g01060.1	Aqcoe5G161600.1.p
OG0012840	VIT_207s0005g00300.1	Aqcoe5G088300.1.p, Aqcoe5G088300.3.p, Aqcoe5G088300.2.p
OG0012841	VIT_216s0050g02660.5, VIT_216s0050g02660.4, VIT_216s0050g02660.2, VIT_216s0050g02660.3, VIT_216s0050g02660.1	Aqcoe5G456900.2.p, Aqcoe5G456900.1.p
OG0012842	VIT_202s0025g02650.2, VIT_202s0025g02650.1	Aqcoe5G468500.1.p
OG0012843	VIT_207s0005g02010.1, VIT_207s0005g02010.3, VIT_207s0005g02010.2, VIT_216s0100g00580.1, VIT_203s0088g00570.1	Aqcoe5G297800.1.p
OG0012844	VIT_218s0001g05790.1	Aqcoe5G312700.1.p
OG0012845	VIT_206s0009g00660.1	Aqcoe5G312800.4.p, Aqcoe5G312800.2.p, Aqcoe5G312800.3.p, Aqcoe5G312800.1.p
OG0012846	VIT_216s0022g00470.1	Aqcoe5G415900.1.p
OG0012847	VIT_213s0019g03650.1, VIT_208s0040g02660.1	Aqcoe5G166100.1.p
OG0012848	VIT_219s0085g00220.1, VIT_219s0085g00220.2	Aqcoe5G175300.1.p
OG0012849	VIT_215s0046g00030.1	Aqcoe5G468200.1.p
OG0012850	VIT_214s0219g00210.1	Aqcoe5G382200.1.p, Aqcoe5G382200.2.p
OG0012851	VIT_204s0044g00740.1	Aqcoe5G244300.1.p
OG0012852	VIT_207s0141g00260.1	Aqcoe5G041500.1.p
OG0012853	VIT_200s0184g00020.1	Aqcoe5G002800.1.p
OG0012855	VIT_217s0000g09670.3, VIT_217s0000g09670.4, VIT_217s0000g09670.2, VIT_217s0000g09670.1	Aqcoe5G389500.1.p
OG0012856	VIT_217s0000g01380.1	Aqcoe5G357700.1.p
OG0012857	VIT_207s0031g01760.1, VIT_207s0031g01760.2	Aqcoe5G224600.1.p
OG0012858	VIT_203s0038g02870.1	Aqcoe5G129200.1.p
OG0012859	VIT_211s0016g05250.1	Aqcoe5G170400.1.p
OG0012860	VIT_214s0036g00690.1	Aqcoe5G023800.1.p
OG0012861	VIT_218s0001g08120.2, VIT_218s0001g08120.1	Aqcoe5G315000.1.p
OG0012862	VIT_207s0005g03750.1	Aqcoe5G022000.1.p
OG0012863	VIT_205s0020g04600.1	Aqcoe5G042700.1.p
OG0012864	VIT_202s0025g01450.1	Aqcoe5G459100.1.p
OG0012865	VIT_214s0006g02270.1	Aqcoe5G399700.1.p
OG0012867	VIT_207s0005g02390.1, VIT_207s0005g02390.2	Aqcoe5G288800.1.p, Aqcoe5G288800.3.p, Aqcoe5G288800.2.p
OG0012868	VIT_207s0005g06720.1, VIT_207s0005g06720.2	Aqcoe5G003100.1.p
OG0012869	VIT_218s0122g00110.2, VIT_218s0122g00110.1	Aqcoe5G107200.1.p
OG0012870	VIT_207s0151g00570.1	Aqcoe5G275000.1.p
OG0012871	VIT_213s0019g00860.1	Aqcoe5G139200.1.p
OG0012873	VIT_218s0122g00330.1, VIT_218s0122g00330.2	Aqcoe5G111400.1.p
OG0012874	VIT_200s0337g00080.1	Aqcoe5G003800.1.p
OG0012875	VIT_218s0001g15610.2, VIT_218s0001g15610.1, VIT_204s0044g00970.1	Aqcoe5G238300.1.p
OG0012876	VIT_203s0038g02950.1	Aqcoe5G127700.1.p
OG0012877	VIT_214s0128g00760.1	Aqcoe5G057600.1.p
OG0012878	VIT_203s0063g02520.1	Aqcoe5G193200.1.p
OG0012879	VIT_208s0040g00440.1, VIT_208s0040g00440.2, VIT_211s0016g04330.1	Aqcoe5G053900.1.p
OG0012880	VIT_203s0091g00230.1	Aqcoe5G133000.1.p
OG0012882	VIT_216s0098g01060.1	Aqcoe5G464100.1.p
OG0012883	VIT_205s0049g01750.3, VIT_205s0049g01750.2, VIT_205s0049g01750.1, VIT_205s0049g01750.4	Aqcoe5G019100.1.p
OG0012884	VIT_216s0098g01770.1	Aqcoe5G463400.1.p
OG0012885	VIT_204s0023g03290.1	Aqcoe5G208000.1.p
OG0012886	VIT_209s0002g08050.1, VIT_201s0010g01100.1	Aqcoe5G164000.1.p
OG0012887	VIT_205s0049g01050.1	Aqcoe5G027800.1.p
OG0012888	VIT_214s0066g01670.1, VIT_214s0066g01690.1	Aqcoe3G301900.1.p, Aqcoe3G301800.1.p
OG0012889	VIT_217s0000g06740.1	Aqcoe3G356100.1.p, Aqcoe3G356200.1.p
OG0012889	VIT_217s0000g06730.1	Aqcoe3G356400.1.p, Aqcoe3G356300.1.p
OG0012890	VIT_217s0000g02530.1	Aqcoe3G408400.1.p
OG0012891	VIT_216s0039g02430.4, VIT_216s0039g02430.3, VIT_216s0039g02430.2, VIT_216s0039g02430.1	Aqcoe3G209000.1.p, Aqcoe3G209000.2.p
OG0012892	VIT_201s0011g00840.3	Aqcoe3G055600.1.p
OG0012893	VIT_200s0225g00210.1, VIT_200s0225g00210.5, VIT_200s0225g00210.2, VIT_200s0225g00210.4, VIT_200s0225g00210.3	Aqcoe3G202400.1.p
OG0012894	VIT_216s0039g00720.1	Aqcoe3G186100.1.p
OG0012895	VIT_217s0119g00080.1	Aqcoe3G428400.1.p
OG0012896	VIT_217s0000g06100.1	Aqcoe3G337500.1.p
OG0012897	VIT_206s0004g04330.1	Aqcoe3G232900.1.p, Aqcoe3G233100.1.p
OG0012898	VIT_201s0026g01280.1	Aqcoe3G073700.1.p
OG0012899	VIT_217s0000g08640.1	Aqcoe3G126300.1.p
OG0012900	VIT_201s0011g04390.1	Aqcoe3G405000.1.p
OG0012902	VIT_217s0000g06180.1	Aqcoe3G425800.1.p
OG0012903	VIT_201s0026g01530.1	Aqcoe3G324300.1.p
OG0012904	VIT_214s0060g01220.2, VIT_214s0060g01220.1	Aqcoe3G432500.1.p
OG0012905	VIT_201s0026g01750.1	Aqcoe3G088100.1.p
OG0012906	VIT_210s0003g02630.1	Aqcoe3G073300.1.p
OG0012907	VIT_202s0109g00260.1	Aqcoe3G004100.1.p
OG0012908	VIT_202s0033g01210.4, VIT_202s0033g01210.2, VIT_202s0033g01210.1, VIT_202s0033g01210.3, VIT_202s0033g01210.5, VIT_202s0033g01210.6	Aqcoe3G184600.1.p
OG0012909	VIT_201s0026g00900.1	Aqcoe3G106200.1.p
OG0012910	VIT_201s0011g03310.1	Aqcoe3G042600.1.p
OG0012911	VIT_203s0038g00870.1	Aqcoe3G086400.1.p
OG0012912	VIT_201s0011g05690.1, VIT_201s0011g05690.3, VIT_201s0011g05690.2	Aqcoe3G008900.1.p
OG0012913	VIT_202s0012g00890.1	Aqcoe3G230400.1.p
OG0012914	VIT_216s0039g00160.2, VIT_216s0039g00160.3, VIT_216s0039g00160.5, VIT_216s0039g00160.1, VIT_216s0039g00160.7, VIT_216s0039g00160.6, VIT_216s0039g00160.4	Aqcoe3G443100.1.p
OG0012915	VIT_210s0071g00990.1	Aqcoe3G442100.1.p
OG0012916	VIT_217s0000g05700.1	Aqcoe3G090300.1.p
OG0012917	VIT_201s0011g00810.1	Aqcoe3G358500.1.p
OG0012918	VIT_213s0067g01440.1	Aqcoe3G362700.1.p
OG0012920	VIT_214s0066g02030.1	Aqcoe3G309000.1.p
OG0012921	VIT_201s0011g00850.1	Aqcoe3G055500.1.p
OG0012922	VIT_210s0042g00150.1	Aqcoe3G438000.1.p
OG0012923	VIT_210s0071g00770.1	Aqcoe3G440400.1.p
OG0012925	VIT_210s0116g00990.1	Aqcoe3G017300.1.p
OG0012926	VIT_201s0011g04690.1	Aqcoe3G402500.1.p
OG0012927	VIT_201s0011g02510.1	Aqcoe3G054600.1.p
OG0013105	VIT_208s0040g02620.1	Aqcoe2G177500.1.p
OG0013107	VIT_218s0001g00600.1	Aqcoe3G326600.1.p, Aqcoe7G386600.1.p, Aqcoe5G066100.1.p, Aqcoe2G412700.1.p, Aqcoe2G413600.1.p, Aqcoe2G413100.1.p, Aqcoe2G413400.1.p, Aqcoe7G419900.1.p, Aqcoe3G409200.1.p, Aqcoe4G024200.1.p, Aqcoe4G023900.1.p
OG0013108	VIT_200s0189g00010.1	Aqcoe2G410700.1.p
OG0013109	VIT_207s0005g02650.1	Aqcoe2G247900.1.p
OG0013110	VIT_203s0038g00710.1, VIT_200s0332g00110.1	Aqcoe2G164100.1.p, Aqcoe7G231100.1.p
OG0013111	VIT_205s0077g01780.1	Aqcoe2G285400.1.p
OG0013112	VIT_206s0009g03650.3, VIT_206s0009g03650.2, VIT_206s0009g03650.1, VIT_206s0009g03650.4	Aqcoe2G034900.1.p
OG0013113	VIT_206s0061g00750.1	Aqcoe2G212500.1.p
OG0013116	VIT_205s0077g02120.1	Aqcoe2G290500.1.p, Aqcoe2G290500.3.p, Aqcoe2G290500.5.p, Aqcoe2G290500.4.p, Aqcoe2G290500.2.p
OG0013117	VIT_205s0062g01380.1	Aqcoe2G409200.1.p
OG0013118	VIT_211s0016g03270.1	Aqcoe2G109000.1.p
OG0013119	VIT_214s0030g02170.1	Aqcoe2G355400.1.p
OG0013120	VIT_207s0104g01060.1	Aqcoe2G318800.1.p
OG0013121	VIT_206s0004g05230.1	Aqcoe2G230100.1.p
OG0013124	VIT_204s0023g00390.1	Aqcoe2G427000.1.p
OG0013125	VIT_208s0007g04330.1	Aqcoe2G161100.1.p
OG0013126	VIT_213s0156g00030.1	Aqcoe2G079000.1.p, Aqcoe1G051400.1.p
OG0013127	VIT_206s0009g03380.1	Aqcoe2G041300.1.p
OG0013128	VIT_207s0005g00520.2, VIT_207s0005g00520.1, VIT_207s0005g00520.3	Aqcoe2G292400.1.p
OG0013129	VIT_214s0060g00250.1, VIT_205s0020g01080.1	Aqcoe2G240700.1.p
OG0013130	VIT_206s0061g00480.1	Aqcoe2G205800.1.p
OG0013131	VIT_214s0060g00870.1	Aqcoe2G263800.1.p
OG0013132	VIT_205s0020g03830.1, VIT_205s0020g03800.1	Aqcoe2G350100.1.p
OG0013133	VIT_205s0020g00610.1	Aqcoe2G256500.1.p
OG0013134	VIT_206s0004g00630.1, VIT_206s0004g00660.1	Aqcoe2G059300.1.p, Aqcoe2G059500.1.p
OG0013135	VIT_205s0136g00140.1	Aqcoe2G387400.1.p
OG0013137	VIT_207s0104g00490.2, VIT_207s0104g00490.4, VIT_207s0104g00490.7, VIT_207s0104g00490.8, VIT_207s0104g00490.6, VIT_207s0104g00490.3, VIT_207s0104g00490.1, VIT_207s0104g00490.5	Aqcoe2G338200.1.p
OG0013138	VIT_205s0029g00140.1	Aqcoe2G397000.1.p
OG0013139	VIT_205s0094g00490.1	Aqcoe2G014400.2.p, Aqcoe2G014400.1.p
OG0013140	VIT_208s0007g04130.1	Aqcoe2G113600.1.p, Aqcoe2G185500.1.p, Aqcoe1G248800.1.p, Aqcoe4G218500.1.p, Aqcoe4G169300.1.p
OG0013141	VIT_208s0058g00650.2, VIT_208s0058g00650.1	Aqcoe2G081200.1.p
OG0013144	VIT_205s0094g00880.1	Aqcoe2G390100.1.p
OG0013145	VIT_207s0005g03900.1	Aqcoe2G380300.1.p
OG0013146	VIT_205s0020g04560.2, VIT_205s0020g04560.3, VIT_205s0020g04560.1	Aqcoe2G356400.2.p, Aqcoe2G356400.1.p
OG0013147	VIT_203s0063g00860.1	Aqcoe2G214700.6.p, Aqcoe2G214700.5.p, Aqcoe2G214700.4.p, Aqcoe2G214700.1.p, Aqcoe2G214700.8.p, Aqcoe2G214700.3.p, Aqcoe2G214700.9.p, Aqcoe2G214700.7.p, Aqcoe2G214700.2.p
OG0013148	VIT_219s0014g01720.3, VIT_219s0014g01720.1, VIT_219s0014g01720.2	Aqcoe4G072800.1.p, Aqcoe2G136700.1.p
OG0013150	VIT_206s0061g00160.1	Aqcoe2G060300.1.p
OG0013151	VIT_210s0003g04200.1, VIT_210s0003g04230.1, VIT_210s0003g04210.1	Aqcoe2G367500.1.p
OG0013153	VIT_219s0138g00130.1	Aqcoe2G036300.1.p
OG0013154	VIT_207s0005g04180.1	Aqcoe2G383300.1.p
OG0013155	VIT_205s0020g02670.1	Aqcoe2G332200.1.p
OG0013156	VIT_208s0056g01500.1	Aqcoe2G061300.1.p
OG0013157	VIT_214s0060g01360.1	Aqcoe2G278600.1.p
OG0013158	VIT_205s0020g03640.1	Aqcoe2G347400.1.p, Aqcoe2G347400.2.p
OG0013160	VIT_218s0001g03150.1, VIT_218s0001g03150.2	Aqcoe6G019500.1.p
OG0013161	VIT_200s0304g00040.1	Aqcoe6G158000.1.p
OG0013162	VIT_218s0001g14910.1	Aqcoe6G215900.1.p
OG0013164	VIT_218s0001g02690.1	Aqcoe6G023300.1.p
OG0013165	VIT_218s0001g11790.1	Aqcoe6G107600.1.p, Aqcoe6G107800.1.p
OG0013167	VIT_200s0233g00051.1	Aqcoe6G312300.1.p, Aqcoe7G079000.2.p, Aqcoe7G079000.1.p
OG0013168	VIT_200s0264g00050.1	Aqcoe6G239800.1.p, Aqcoe6G239800.2.p
OG0013170	VIT_203s0091g00850.1, VIT_203s0091g00850.2	Aqcoe6G280600.1.p
OG0013171	VIT_218s0122g00500.1, VIT_218s0122g00500.2	Aqcoe6G325700.1.p
OG0013172	VIT_218s0001g08750.1	Aqcoe6G267600.2.p, Aqcoe6G267600.1.p, Aqcoe6G078200.1.p
OG0013173	VIT_218s0122g01110.1	Aqcoe6G172600.1.p
OG0013174	VIT_218s0001g13700.1	Aqcoe6G244400.1.p
OG0013175	VIT_218s0001g14990.1	Aqcoe6G035900.1.p, Aqcoe6G035700.1.p
OG0013176	VIT_200s0253g00030.1	Aqcoe6G096200.1.p
OG0013177	VIT_208s0040g02920.1	Aqcoe6G284400.1.p
OG0013178	VIT_204s0008g02770.1	Aqcoe6G120000.1.p
OG0013179	VIT_209s0002g01820.5, VIT_209s0002g01820.3, VIT_209s0002g01820.6, VIT_209s0002g01820.4, VIT_209s0002g01820.2, VIT_209s0002g01820.1, VIT_216s0115g00260.1	Aqcoe6G167700.1.p
OG0013180	VIT_218s0001g11380.1	Aqcoe6G101600.1.p
OG0013181	VIT_200s0415g00010.1, VIT_200s0211g00020.1	Aqcoe6G068700.1.p, Aqcoe6G068600.1.p
OG0013182	VIT_200s0396g00060.1, VIT_200s0246g00210.1	Aqcoe6G263300.1.p
OG0013183	VIT_204s0023g01060.1	Aqcoe6G108100.1.p
OG0013184	VIT_218s0001g00230.1	Aqcoe6G195000.1.p
OG0013185	VIT_204s0044g01320.1	Aqcoe6G039200.1.p
OG0013188	VIT_203s0091g00220.2, VIT_203s0091g00220.3, VIT_203s0091g00220.1	Aqcoe6G303300.1.p
OG0013189	VIT_207s0205g00140.1	Aqcoe6G065100.2.p, Aqcoe6G065100.1.p
OG0013190	VIT_218s0001g04750.1	Aqcoe6G057000.1.p
OG0013191	VIT_218s0122g00800.1	Aqcoe5G113900.1.p, Aqcoe6G165500.1.p
OG0013192	VIT_218s0089g00260.1, VIT_218s0089g00300.1, VIT_200s0184g00180.1	Aqcoe6G005800.1.p
OG0013193	VIT_201s0010g03550.1	Aqcoe6G046800.1.p
OG0013195	VIT_218s0001g08330.1	Aqcoe6G162700.1.p
OG0013196	VIT_204s0044g01460.1	Aqcoe6G039300.1.p
OG0013198	VIT_219s0014g00670.1	Aqcoe4G271500.1.p
OG0013199	VIT_219s0014g02810.1	Aqcoe4G103700.1.p
OG0013200	VIT_201s0011g01740.1, VIT_201s0011g01760.1, VIT_201s0011g01730.1	Aqcoe4G100300.1.p, Aqcoe4G100200.1.p
OG0013201	VIT_209s0054g01173.1, VIT_209s0054g01500.1, VIT_209s0054g01370.1	Aqcoe4G218600.1.p
OG0013202	VIT_200s0516g00010.2, VIT_200s0516g00010.3, VIT_200s0399g00010.1, VIT_200s0516g00010.1, VIT_200s0516g00010.4	Aqcoe4G295600.1.p
OG0013203	VIT_200s0181g00050.1	Aqcoe4G258500.1.p, Aqcoe4G258500.2.p
OG0013204	VIT_218s0041g01530.1, VIT_218s0041g01510.1	Aqcoe4G215000.1.p
OG0013204	VIT_219s0090g00170.1	Aqcoe1G278400.1.p
OG0013206	VIT_210s0003g03960.2, VIT_210s0003g03960.3, VIT_210s0003g03960.1	Aqcoe4G008400.1.p
OG0013207	VIT_212s0059g02510.1	Aqcoe4G244800.1.p
OG0013208	VIT_213s0019g03910.1, VIT_211s0052g00900.1	Aqcoe7G323800.1.p
OG0013209	VIT_201s0113g00410.1	Aqcoe7G305500.1.p
OG0013211	VIT_215s0048g00500.1	Aqcoe7G077400.1.p
OG0013212	VIT_202s0025g00230.2, VIT_202s0025g00230.1	Aqcoe7G025100.1.p, Aqcoe7G025100.2.p
OG0013213	VIT_215s0048g02550.1	Aqcoe7G061200.1.p
OG0013214	VIT_204s0023g02490.1	Aqcoe7G377600.1.p
OG0013215	VIT_211s0016g02380.1, VIT_211s0016g02380.2	Aqcoe7G131500.1.p
OG0013216	VIT_209s0002g02950.1, VIT_209s0002g02970.1	Aqcoe7G418100.1.p, Aqcoe7G418200.1.p, Aqcoe7G417700.1.p, Aqcoe7G418000.1.p, Aqcoe7G417900.2.p, Aqcoe7G417900.1.p
OG0013217	VIT_211s0037g00540.1	Aqcoe7G352400.1.p
OG0013218	VIT_204s0008g04080.1, VIT_204s0008g04020.2, VIT_204s0008g04086.1, VIT_204s0008g04020.1, VIT_204s0008g04060.1, VIT_204s0008g04060.2, VIT_204s0008g04040.1, VIT_204s0008g04050.1, VIT_204s0008g04000.1, VIT_204s0008g03980.1	Aqcoe7G310600.1.p
OG0013219	VIT_216s0100g00740.1	Aqcoe7G042300.1.p
OG0013220	VIT_209s0002g03760.1	Aqcoe7G158100.1.p
OG0013221	VIT_204s0008g02820.1	Aqcoe7G284300.1.p
OG0013222	VIT_212s0055g00970.1	Aqcoe7G366300.1.p
OG0013223	VIT_202s0033g00320.1	Aqcoe7G096200.1.p
OG0013224	VIT_207s0031g01400.1	Aqcoe7G276300.1.p
OG0013225	VIT_203s0017g02320.1	Aqcoe7G373000.1.p
OG0013226	VIT_209s0070g00300.1	Aqcoe7G242100.1.p
OG0013227	VIT_211s0016g05350.1	Aqcoe7G388200.2.p, Aqcoe7G388200.4.p, Aqcoe7G388200.3.p, Aqcoe7G388200.1.p
OG0013228	VIT_211s0016g03160.1, VIT_211s0016g03160.3, VIT_211s0016g03160.2	Aqcoe7G420400.1.p
OG0013229	VIT_211s0016g05220.1	Aqcoe7G268500.1.p
OG0013230	VIT_216s0022g00970.1	Aqcoe7G075800.1.p
OG0013231	VIT_215s0048g01980.1	Aqcoe7G044400.1.p
OG0013232	VIT_211s0016g03450.1	Aqcoe7G163000.1.p
OG0013233	VIT_209s0018g00290.3, VIT_209s0018g00290.1, VIT_209s0018g00290.2	Aqcoe7G199900.1.p
OG0013234	VIT_217s0000g01440.1, VIT_217s0000g01440.2, VIT_217s0000g01440.3	Aqcoe7G104500.2.p, Aqcoe7G104500.3.p, Aqcoe5G358700.1.p, Aqcoe7G104500.1.p
OG0013237	VIT_209s0002g06400.1	Aqcoe7G391100.1.p
OG0013238	VIT_212s0028g01220.4, VIT_212s0028g01220.3, VIT_212s0028g01220.1, VIT_212s0028g01220.2	Aqcoe7G046100.1.p, Aqcoe7G046100.2.p
OG0013239	VIT_216s0100g01210.1	Aqcoe7G041500.1.p
OG0013243	VIT_205s0102g00290.1	Aqcoe7G186600.1.p
OG0013244	VIT_215s0048g02390.1	Aqcoe7G000200.1.p
OG0013246	VIT_213s0067g03180.1	Aqcoe1G502100.1.p
OG0013247	VIT_213s0073g00080.1	Aqcoe1G437300.1.p
OG0013248	VIT_213s0084g00200.1, VIT_213s0084g00220.1	Aqcoe1G049200.2.p, Aqcoe1G049400.1.p, Aqcoe1G049200.1.p
OG0013249	VIT_208s0007g02370.1	Aqcoe1G082700.1.p
OG0013250	VIT_200s2705g00010.1	Aqcoe1G075000.2.p, Aqcoe1G075000.1.p
OG0013251	VIT_219s0027g00500.1	Aqcoe1G167000.1.p
OG0013255	VIT_210s0003g01530.1	Aqcoe1G220400.1.p
OG0013256	VIT_208s0007g07550.1	Aqcoe1G060700.1.p, Aqcoe5G264700.1.p
OG0013257	VIT_213s0019g04250.1	Aqcoe1G144500.2.p, Aqcoe1G144500.1.p
OG0013258	VIT_200s0707g00010.1, VIT_200s0992g00020.1	Aqcoe1G279700.1.p
OG0013259	VIT_206s0080g01060.2, VIT_206s0080g01060.4, VIT_206s0080g01060.1, VIT_206s0080g01060.6, VIT_206s0080g01060.8, VIT_206s0080g01060.7, VIT_206s0080g01060.3, VIT_206s0080g01060.5	Aqcoe1G435700.1.p, Aqcoe1G435700.2.p
OG0013260	VIT_205s0094g01530.1	Aqcoe3G394700.1.p, Aqcoe1G106500.1.p
OG0013261	VIT_208s0040g00310.1	Aqcoe1G004900.1.p
OG0013262	VIT_210s0003g00590.1	Aqcoe1G244700.1.p
OG0013263	VIT_218s0001g00140.1	Aqcoe1G067200.1.p, Aqcoe1G017200.1.p
OG0013264	VIT_208s0007g04020.2, VIT_208s0007g04020.1	Aqcoe1G112900.2.p, Aqcoe1G112900.1.p
OG0013265	VIT_219s0085g00210.2, VIT_219s0085g00210.1	Aqcoe1G352800.1.p, Aqcoe5G268300.1.p
OG0013266	VIT_213s0067g02300.1	Aqcoe1G396900.1.p
OG0013267	VIT_212s0028g01620.1	Aqcoe1G217700.1.p
OG0013269	VIT_204s0023g03700.1, VIT_204s0023g03700.3, VIT_204s0023g03700.2	Aqcoe1G409100.1.p
OG0013270	VIT_206s0004g08190.1	Aqcoe1G500100.1.p
OG0013271	VIT_213s0067g03240.1, VIT_213s0067g03270.1, VIT_213s0067g03200.1	Aqcoe1G309100.1.p
OG0013272	VIT_208s0007g00780.1	Aqcoe1G103900.1.p
OG0013273	VIT_211s0016g02240.1	Aqcoe1G033100.1.p
OG0013274	VIT_202s0025g00430.1	Aqcoe1G015300.1.p
OG0013275	VIT_212s0057g00460.1	Aqcoe1G391700.1.p
OG0013276	VIT_219s0015g00500.1	Aqcoe1G379900.2.p, Aqcoe1G379900.1.p
OG0013277	VIT_208s0007g06500.1	Aqcoe1G013200.1.p
OG0013278	VIT_213s0074g00160.1, VIT_213s0074g00160.2	Aqcoe1G115600.1.p
OG0013279	VIT_206s0004g05130.1	Aqcoe1G104500.1.p
OG0013280	VIT_206s0004g03030.1	Aqcoe1G497500.1.p
OG0013281	VIT_210s0116g00730.1	Aqcoe1G322400.1.p
OG0013282	VIT_210s0003g00580.1	Aqcoe1G245100.1.p
OG0013283	VIT_212s0059g02350.1	Aqcoe1G354100.1.p
OG0013284	VIT_212s0059g02270.5, VIT_212s0059g02270.3	Aqcoe1G275500.7.p, Aqcoe1G275500.4.p, Aqcoe1G275500.5.p
OG0013285	VIT_212s0028g01710.1, VIT_210s0003g01590.2, VIT_210s0003g01590.1	Aqcoe1G220000.1.p
OG0013286	VIT_212s0059g02340.1	Aqcoe1G354000.1.p, Aqcoe1G354000.2.p
OG0013287	VIT_203s0063g00960.2, VIT_203s0063g00960.1, VIT_203s0063g00960.3	Aqcoe5G159700.4.p, Aqcoe5G159700.6.p, Aqcoe5G159700.5.p, Aqcoe5G159700.1.p, Aqcoe5G159700.2.p, Aqcoe5G159700.3.p
OG0013288	VIT_215s0048g01420.1	Aqcoe5G421000.1.p
OG0013289	VIT_207s0005g00160.1	Aqcoe5G085000.1.p
OG0013290	VIT_217s0000g09060.1	Aqcoe5G403900.1.p
OG0013291	VIT_201s0010g02290.1	Aqcoe5G377900.1.p
OG0013292	VIT_204s0044g01230.2, VIT_204s0044g01230.1	Aqcoe5G235600.1.p
OG0013293	VIT_218s0001g02280.1	Aqcoe5G275200.2.p, Aqcoe5G275200.1.p
OG0013297	VIT_201s0146g00340.1	Aqcoe5G343100.1.p
OG0013298	VIT_208s0040g02320.1	Aqcoe5G353800.1.p, Aqcoe5G461000.1.p, Aqcoe5G461000.2.p
OG0013299	VIT_215s0046g03020.1	Aqcoe5G438900.1.p
OG0013300	VIT_214s0036g00680.1	Aqcoe5G023900.1.p
OG0013301	VIT_207s0005g02200.1	Aqcoe5G295100.1.p
OG0013302	VIT_201s0010g03640.1	Aqcoe5G357300.1.p
OG0013305	VIT_201s0150g00250.1	Aqcoe5G331000.3.p, Aqcoe5G331000.2.p, Aqcoe5G331000.1.p
OG0013306	VIT_210s0003g04330.1	Aqcoe5G116100.1.p
OG0013307	VIT_218s0001g12260.2, VIT_218s0001g12260.1	Aqcoe5G196900.1.p, Aqcoe5G196900.2.p
OG0013308	VIT_203s0017g02210.1	Aqcoe5G274900.1.p
OG0013309	VIT_218s0001g04290.1	Aqcoe5G276400.1.p
OG0013310	VIT_201s0244g00170.2, VIT_201s0244g00170.1, VIT_214s0068g01160.1	Aqcoe5G338000.1.p
OG0013311	VIT_214s0068g01330.1	Aqcoe5G341400.1.p
OG0013312	VIT_202s0025g00250.1	Aqcoe5G435500.1.p
OG0013313	VIT_202s0025g01690.1	Aqcoe5G463700.1.p
OG0013314	VIT_215s0048g02020.1	Aqcoe5G427200.1.p
OG0013315	VIT_202s0025g01710.1	Aqcoe5G462900.1.p
OG0013316	VIT_217s0000g01060.1	Aqcoe3G182000.1.p, Aqcoe5G349400.1.p
OG0013317	VIT_216s0098g01300.1	Aqcoe5G281200.1.p
OG0013318	VIT_214s0006g03210.1, VIT_214s0006g03210.2	Aqcoe3G399300.1.p
OG0013319	VIT_217s0000g04030.1, VIT_217s0000g04030.2, VIT_217s0000g04030.4, VIT_217s0000g04030.3, VIT_217s0000g04030.5	Aqcoe3G044800.1.p
OG0013322	VIT_212s0028g01230.1	Aqcoe3G046100.1.p, Aqcoe3G046100.2.p
OG0013323	VIT_200s0394g00020.1	Aqcoe3G128800.1.p
OG0013324	VIT_217s0000g06790.1, VIT_217s0000g06790.4	Aqcoe3G055400.1.p
OG0013325	VIT_217s0000g00146.1	Aqcoe3G318800.1.p, Aqcoe3G318800.2.p, Aqcoe3G322800.1.p
OG0013326	VIT_215s0045g01140.1	Aqcoe3G230600.1.p
OG0013327	VIT_201s0011g04460.1, VIT_211s0052g01500.1	Aqcoe3G029300.1.p
OG0013330	VIT_203s0063g02230.1	Aqcoe3G154100.1.p
OG0013332	VIT_201s0011g00900.1	Aqcoe3G356800.1.p
OG0013333	VIT_202s0012g00830.2, VIT_202s0012g00830.3, VIT_202s0012g00830.1	Aqcoe3G253300.1.p
OG0013335	VIT_217s0000g06500.1	Aqcoe3G349400.1.p
OG0013337	VIT_201s0011g00650.1	Aqcoe3G359400.1.p
OG0013338	VIT_205s0124g00450.2, VIT_205s0124g00450.1	Aqcoe3G167200.1.p
OG0013339	VIT_214s0006g02110.1	Aqcoe3G404000.1.p
OG0013339	VIT_214s0006g02086.1, VIT_214s0006g02086.3, VIT_214s0006g02086.2, VIT_214s0006g02090.1	Aqcoe3G404000.3.p, Aqcoe3G404000.2.p
OG0013340	VIT_217s0000g04770.1	Aqcoe3G380000.1.p
OG0013342	VIT_213s0064g01080.1	Aqcoe3G373100.1.p
OG0013344	VIT_217s0000g06460.1	Aqcoe3G349100.2.p, Aqcoe3G349100.4.p, Aqcoe3G349100.1.p, Aqcoe3G349100.3.p
OG0013345	VIT_206s0009g01400.1	Aqcoe3G054400.1.p
OG0013346	VIT_200s0204g00030.1, VIT_200s1918g00010.1	Aqcoe3G243400.1.p
OG0013347	VIT_201s0010g01810.1	Aqcoe3G430000.1.p
OG0013348	VIT_208s0040g01410.1	Aqcoe3G370000.1.p
OG0013349	VIT_214s0006g01120.1	Aqcoe3G068900.1.p
OG0013350	VIT_214s0081g00160.1	Aqcoe3G002600.1.p
OG0013351	VIT_217s0000g03830.1	Aqcoe3G400800.1.p
OG0013352	VIT_214s0066g01380.1	Aqcoe3G118100.1.p
OG0013353	VIT_201s0011g06410.1	Aqcoe3G410600.1.p
OG0013354	VIT_201s0011g02930.1	Aqcoe3G048900.1.p
OG0013355	VIT_216s0039g00530.1	Aqcoe3G198600.1.p
OG0013356	VIT_214s0108g01410.1	Aqcoe3G057800.3.p, Aqcoe3G057800.2.p, Aqcoe3G057800.1.p, Aqcoe3G057800.4.p
OG0013357	VIT_214s0006g02060.1, VIT_214s0006g02050.1, VIT_214s0006g02070.1, VIT_201s0011g04585.1	Aqcoe3G403700.1.p, Aqcoe3G403900.1.p
OG0013358	VIT_217s0000g03050.1	Aqcoe3G021800.1.p
OG0013361	VIT_201s0137g00030.1	Aqcoe3G424200.1.p
OG0013362	VIT_201s0026g02130.1	Aqcoe3G334400.1.p
OG0013363	VIT_214s0066g01780.1	Aqcoe3G304500.1.p
OG0013364	VIT_217s0000g04070.1	Aqcoe3G045100.1.p
OG0013365	VIT_201s0011g03500.2, VIT_201s0011g03500.1	Aqcoe3G401300.1.p
OG0013366	VIT_214s0083g00686.1	Aqcoe3G383300.1.p
OG0013552	VIT_208s0007g07540.1	Aqcoe2G060400.1.p
OG0013554	VIT_200s0332g00045.1	Aqcoe2G201200.1.p
OG0013555	VIT_206s0004g00380.1	Aqcoe2G057500.1.p, Aqcoe2G057500.2.p, Aqcoe2G057500.5.p, Aqcoe2G057500.4.p, Aqcoe2G057500.3.p
OG0013557	VIT_213s0074g00350.1, VIT_213s0074g00340.1, VIT_213s0074g00355.1	Aqcoe2G128800.1.p
OG0013559	VIT_204s0043g00990.2, VIT_204s0043g00990.1	Aqcoe2G403900.1.p, Aqcoe2G403900.2.p
OG0013560	VIT_219s0014g02140.1	Aqcoe2G369500.1.p
OG0013562	VIT_206s0009g03590.1	Aqcoe2G037400.1.p
OG0013563	VIT_207s0005g02020.1	Aqcoe2G257500.1.p
OG0013565	VIT_213s0067g02560.1	Aqcoe2G077000.1.p
OG0013567	VIT_208s0105g00310.1	Aqcoe2G093400.1.p
OG0013568	VIT_200s0505g00050.1	Aqcoe6G094500.1.p
OG0013569	VIT_207s0031g02280.1	Aqcoe2G113900.1.p
OG0013571	VIT_213s0147g00190.3, VIT_213s0147g00190.1, VIT_213s0147g00190.2	Aqcoe2G141500.1.p
OG0013573	VIT_206s0009g03560.1	Aqcoe2G377600.1.p
OG0013574	VIT_213s0019g04900.2, VIT_213s0019g04900.1, VIT_213s0019g04900.4	Aqcoe2G209800.2.p, Aqcoe2G209800.1.p
OG0013575	VIT_208s0007g03070.1, VIT_208s0007g03080.1	Aqcoe2G231400.1.p
OG0013576	VIT_208s0007g08510.1	Aqcoe2G112000.1.p, Aqcoe6G033100.1.p
OG0013577	VIT_206s0004g07850.1	Aqcoe2G078000.1.p
OG0013578	VIT_216s0013g00280.1, VIT_216s0013g00280.2, VIT_216s0013g00280.3	Aqcoe2G217100.1.p, Aqcoe3G257200.1.p
OG0013579	VIT_207s0005g01090.2, VIT_207s0005g01090.1, VIT_207s0005g01090.3	Aqcoe2G281200.1.p
OG0013580	VIT_207s0005g04130.1	Aqcoe2G382900.1.p
OG0013581	VIT_214s0060g00440.1, VIT_214s0060g00440.2	Aqcoe2G251800.1.p
OG0013582	VIT_207s0005g01820.1	Aqcoe2G264700.1.p
OG0013583	VIT_207s0104g00350.1	Aqcoe2G330900.1.p, Aqcoe1379s0001.1.p
OG0013586	VIT_208s0007g03220.1	Aqcoe2G108800.1.p, Aqcoe1G444100.1.p
OG0013588	VIT_205s0077g01130.1	Aqcoe2G275400.1.p
OG0013589	VIT_205s0049g00060.1	Aqcoe2G367300.1.p
OG0013590	VIT_214s0060g00880.1	Aqcoe2G264900.1.p
OG0013591	VIT_201s0010g00530.1	Aqcoe2G386800.1.p
OG0013592	VIT_207s0005g04770.1	Aqcoe2G391400.1.p
OG0013594	VIT_205s0020g01560.1	Aqcoe2G306400.1.p
OG0013596	VIT_213s0158g00130.1	Aqcoe2G023300.1.p
OG0013597	VIT_208s0056g01590.1	Aqcoe2G065300.1.p
OG0013598	VIT_205s0020g01950.1	Aqcoe2G309600.1.p
OG0013599	VIT_204s0044g01970.6, VIT_204s0044g01970.5, VIT_204s0044g01970.3, VIT_204s0044g01970.4, VIT_204s0044g01970.1	Aqcoe6G327300.3.p, Aqcoe6G327300.2.p, Aqcoe6G327600.1.p, Aqcoe6G327600.2.p, Aqcoe2G228300.3.p
OG0013600	VIT_203s0038g04060.1	Aqcoe0082s0002.1.p, Aqcoe6G320100.1.p
OG0013602	VIT_218s0001g02050.1	Aqcoe6G034400.1.p
OG0013604	VIT_200s2472g00015.1, VIT_200s0455g00030.1	Aqcoe4G022700.1.p, Aqcoe6G229100.1.p
OG0013606	VIT_200s0684g00020.1	Aqcoe6G227500.1.p
OG0013607	VIT_200s1361g00010.1	Aqcoe6G161600.1.p
OG0013608	VIT_218s0122g00990.4, VIT_218s0122g00990.8, VIT_218s0122g00990.7, VIT_218s0122g00990.6	Aqcoe6G170600.2.p, Aqcoe6G170600.3.p
OG0013610	VIT_218s0001g07650.1, VIT_218s0001g07650.2	Aqcoe6G092500.1.p, Aqcoe6G092500.2.p
OG0013611	VIT_218s0126g00007.1	Aqcoe6G047200.1.p
OG0013612	VIT_207s0031g03110.1	Aqcoe4G178000.1.p, Aqcoe6G018000.1.p
OG0013613	VIT_203s0091g00420.1, VIT_207s0129g00560.1	Aqcoe6G296600.1.p
OG0013615	VIT_212s0028g00580.1	Aqcoe6G083000.1.p
OG0013616	VIT_203s0038g01510.1	Aqcoe6G202200.1.p
OG0013617	VIT_212s0035g00710.1	Aqcoe6G013300.1.p
OG0013618	VIT_207s0129g01010.1, VIT_214s0068g00615.1	Aqcoe6G305400.1.p
OG0013619	VIT_218s0089g01420.1	Aqcoe6G001300.1.p
OG0013620	VIT_200s0125g00190.2, VIT_219s0027g01820.2, VIT_219s0027g01820.1	Aqcoe6G297900.1.p
OG0013622	VIT_218s0001g00640.1	Aqcoe6G229700.2.p, Aqcoe6G229700.1.p
OG0013623	VIT_218s0089g01180.1	Aqcoe6G003500.1.p
OG0013624	VIT_218s0001g09680.1	Aqcoe6G303800.1.p
OG0013625	VIT_203s0038g03740.1	Aqcoe6G175900.1.p
OG0013626	VIT_218s0041g02140.1	Aqcoe6G007500.1.p
OG0013627	VIT_212s0034g02180.1	Aqcoe6G024400.1.p
OG0013629	VIT_205s0094g01150.1	Aqcoe4G118600.1.p
OG0013631	VIT_210s0116g00570.1	Aqcoe4G228300.1.p
OG0013632	VIT_212s0059g00980.1	Aqcoe4G210100.1.p, Aqcoe4G196500.1.p, Aqcoe4G196500.2.p
OG0013632	VIT_205s0049g00040.1	Aqcoe4G151400.1.p, Aqcoe4G196600.1.p
OG0013634	VIT_201s0011g05820.1	Aqcoe4G240500.1.p
OG0013635	VIT_208s0007g02050.1, VIT_208s0007g02085.1	Aqcoe4G052900.2.p, Aqcoe4G052900.1.p, Aqcoe5G365100.1.p, Aqcoe5G364900.1.p, Aqcoe4G226900.1.p, Aqcoe5G365000.2.p, Aqcoe5G365000.1.p, Aqcoe3G054100.1.p, Aqcoe1G294700.1.p
OG0013637	VIT_212s0134g00440.1	Aqcoe4G205500.1.p
OG0013638	VIT_219s0014g02170.1	Aqcoe4G088800.1.p
OG0013639	VIT_210s0003g01540.1	Aqcoe4G034900.2.p, Aqcoe4G034900.1.p, Aqcoe4G034900.3.p
OG0013641	VIT_210s0003g00340.1	Aqcoe4G077000.1.p
OG0013644	VIT_204s0008g06980.1	Aqcoe7G345300.1.p
OG0013646	VIT_211s0016g00730.1	Aqcoe7G431400.1.p
OG0013647	VIT_209s0002g00750.1, VIT_209s0002g00750.2	Aqcoe7G106500.1.p
OG0013648	VIT_211s0052g01150.1	Aqcoe7G325700.1.p, Aqcoe7G326100.1.p, Aqcoe7G328100.1.p, Aqcoe7G325800.1.p, Aqcoe7G327800.1.p, Aqcoe7G325900.1.p, Aqcoe7G327600.1.p
OG0013649	VIT_215s0046g01300.1	Aqcoe7G016100.1.p
OG0013650	VIT_209s0002g07090.1	Aqcoe7G383500.1.p, Aqcoe7G383400.1.p
OG0013651	VIT_200s0270g00040.1	Aqcoe7G230800.1.p
OG0013652	VIT_209s0070g00290.1	Aqcoe7G419400.1.p
OG0013653	VIT_204s0008g02590.1	Aqcoe7G320100.1.p
OG0013655	VIT_216s0022g02280.1	Aqcoe7G055600.2.p, Aqcoe7G055600.1.p
OG0013657	VIT_215s0046g02890.1	Aqcoe7G035700.1.p
OG0013658	VIT_216s0013g02110.1	Aqcoe7G084300.1.p
OG0013659	VIT_215s0048g00600.2, VIT_215s0048g00600.1	Aqcoe7G079900.1.p
OG0013660	VIT_215s0048g01800.1	Aqcoe7G048100.1.p
OG0013661	VIT_202s0025g02670.1	Aqcoe7G001000.1.p
OG0013662	VIT_209s0002g07220.1	Aqcoe7G194800.1.p
OG0013663	VIT_208s0007g01330.1	Aqcoe7G350500.1.p
OG0013664	VIT_209s0002g02340.1	Aqcoe7G125800.1.p
OG0013666	VIT_211s0016g04630.1	Aqcoe7G205100.1.p
OG0013667	VIT_200s0131g00200.1	Aqcoe7G376600.1.p
OG0013668	VIT_211s0016g00860.1, VIT_211s0016g00870.1, VIT_211s0016g00880.1	Aqcoe7G110000.1.p
OG0013670	VIT_209s0018g01670.1	Aqcoe7G348200.1.p
OG0013671	VIT_209s0002g01660.1	Aqcoe7G125400.1.p
OG0013672	VIT_204s0008g00760.1	Aqcoe7G139200.1.p
OG0013674	VIT_209s0002g02130.1	Aqcoe7G128100.3.p, Aqcoe7G128100.2.p, Aqcoe7G128100.1.p
OG0013675	VIT_219s0090g00210.1	Aqcoe7G403400.1.p
OG0013676	VIT_204s0008g01780.3, VIT_204s0008g01780.2, VIT_204s0008g01780.1	Aqcoe7G114600.2.p, Aqcoe7G114600.1.p
OG0013677	VIT_209s0002g00260.4, VIT_209s0002g00260.2, VIT_209s0002g00260.3, VIT_209s0002g00260.1	Aqcoe7G442600.1.p
OG0013678	VIT_215s0046g01060.1	Aqcoe7G013700.1.p
OG0013679	VIT_215s0021g02510.1	Aqcoe7G084800.1.p
OG0013680	VIT_202s0025g01070.1	Aqcoe7G017300.1.p
OG0013681	VIT_211s0065g01015.1, VIT_211s0065g01170.1, VIT_211s0065g01070.1	Aqcoe7G336600.1.p
OG0013682	VIT_215s0048g01840.1, VIT_215s0048g01840.2	Aqcoe7G048000.2.p, Aqcoe7G048000.1.p
OG0013683	VIT_202s0025g00700.2, VIT_202s0025g00700.3, VIT_202s0025g00700.1	Aqcoe7G019200.1.p
OG0013684	VIT_213s0158g00090.1	Aqcoe1G036300.1.p
OG0013685	VIT_212s0028g02600.1	Aqcoe1G243200.1.p
OG0013687	VIT_208s0007g06850.1	Aqcoe1G004600.1.p
OG0013688	VIT_201s0011g04580.1, VIT_201s0011g04570.1	Aqcoe1G320500.1.p, Aqcoe1G058200.1.p
OG0013689	VIT_208s0007g01350.1, VIT_213s0019g02660.1	Aqcoe1G094200.1.p
OG0013691	VIT_213s0156g00140.1	Aqcoe1G014800.1.p, Aqcoe1G014800.2.p
OG0013692	VIT_219s0014g05080.1, VIT_219s0014g05080.2	Aqcoe1G367800.1.p
OG0013693	VIT_212s0057g00650.3, VIT_212s0057g00650.4, VIT_212s0057g00650.2, VIT_212s0057g00650.1	Aqcoe1G388600.2.p, Aqcoe1G388600.1.p
OG0013694	VIT_213s0147g00230.1	Aqcoe1G446700.1.p
OG0013696	VIT_208s0007g00110.1, VIT_208s0007g00110.2	Aqcoe1G466200.4.p, Aqcoe1G466200.1.p, Aqcoe1G466200.3.p, Aqcoe1G466200.5.p, Aqcoe1G466200.2.p, Aqcoe1G466200.6.p
OG0013698	VIT_210s0597g00050.1, VIT_205s0029g00340.1	Aqcoe1G270600.1.p
OG0013699	VIT_213s0019g04270.1	Aqcoe1G144200.1.p
OG0013700	VIT_212s0059g02480.1	Aqcoe1G365100.1.p
OG0013701	VIT_219s0085g00200.1	Aqcoe1G217500.1.p
OG0013702	VIT_206s0080g01170.1	Aqcoe1G082800.1.p
OG0013706	VIT_215s0024g00660.3	Aqcoe1G115300.1.p
OG0013707	VIT_206s0004g08270.1	Aqcoe1G500700.1.p
OG0013710	VIT_208s0007g03310.3, VIT_208s0007g03310.6, VIT_208s0007g03310.5, VIT_208s0007g03310.2, VIT_208s0007g03310.1, VIT_208s0007g03310.4	Aqcoe1G445500.3.p, Aqcoe1G445500.1.p, Aqcoe1G445500.5.p, Aqcoe1G445500.4.p, Aqcoe1G445500.2.p
OG0013711	VIT_208s0058g01325.1	Aqcoe1G407400.1.p
OG0013712	VIT_219s0085g01170.1	Aqcoe1G090300.1.p
OG0013713	VIT_210s0003g00540.1	Aqcoe1G246100.1.p, Aqcoe1G246100.2.p
OG0013714	VIT_219s0090g01730.1, VIT_208s0040g02390.1	Aqcoe1G390400.1.p
OG0013716	VIT_212s0028g00090.1	Aqcoe1G162000.1.p
OG0013717	VIT_219s0015g00660.1	Aqcoe1G388300.1.p
OG0013719	VIT_206s0009g02800.1	Aqcoe1G046700.1.p
OG0013720	VIT_200s0525g00030.1	Aqcoe5G095400.1.p, Aqcoe5G095400.2.p
OG0013721	VIT_217s0000g01120.1, VIT_201s0010g03980.1	Aqcoe5G350100.1.p
OG0013722	VIT_207s0104g00290.1	Aqcoe5G080300.1.p
OG0013723	VIT_218s0001g09980.2, VIT_218s0001g09980.3, VIT_218s0001g09980.1	Aqcoe5G143200.1.p
OG0013724	VIT_214s0171g00140.1	Aqcoe5G362800.1.p
OG0013726	VIT_218s0001g02100.1	Aqcoe5G284200.1.p
OG0013727	VIT_214s0060g00270.1	Aqcoe5G287500.1.p, Aqcoe5G287500.4.p, Aqcoe5G287500.2.p, Aqcoe5G287500.3.p
OG0013728	VIT_202s0025g00220.2, VIT_202s0025g00220.3, VIT_202s0025g00220.1	Aqcoe5G435700.1.p
OG0013729	VIT_218s0001g15350.1	Aqcoe5G234100.4.p, Aqcoe5G234100.1.p, Aqcoe5G234100.3.p, Aqcoe5G234100.2.p, Aqcoe5G234100.5.p
OG0013730	VIT_215s0046g00190.1	Aqcoe5G465300.1.p
OG0013732	VIT_218s0001g00870.1	Aqcoe5G129100.1.p, Aqcoe5G129100.2.p
OG0013733	VIT_200s0567g00050.1, VIT_218s0001g10900.1	Aqcoe5G108500.2.p, Aqcoe5G108500.1.p
OG0013734	VIT_218s0001g03700.1	Aqcoe5G096800.1.p
OG0013735	VIT_212s0035g01910.1	Aqcoe5G094500.1.p
OG0013736	VIT_201s0010g03670.2, VIT_201s0010g03670.1, VIT_217s0000g01330.1	Aqcoe5G356300.1.p, Aqcoe5G356200.1.p
OG0013737	VIT_214s0006g01650.1, VIT_213s0047g01070.1	Aqcoe5G192700.1.p
OG0013738	VIT_205s0077g02280.1	Aqcoe3G347700.1.p, Aqcoe3G347900.1.p, Aqcoe5G088600.1.p
OG0013739	VIT_214s0219g00040.1	Aqcoe5G377100.1.p
OG0013740	VIT_207s0005g06160.1	Aqcoe5G007200.1.p
OG0013743	VIT_218s0089g00860.1	Aqcoe5G217000.1.p
OG0013744	VIT_201s0011g06590.1	Aqcoe5G035800.1.p
OG0013745	VIT_216s0100g00630.1	Aqcoe5G425100.1.p
OG0013746	VIT_218s0001g10760.1	Aqcoe5G155900.1.p
OG0013747	VIT_205s0020g04990.1	Aqcoe5G034200.1.p
OG0013748	VIT_201s0010g02400.1, VIT_209s0018g02070.1	Aqcoe5G375300.1.p
OG0013749	VIT_214s0068g01610.1	Aqcoe3G160100.3.p, Aqcoe3G160100.4.p, Aqcoe3G160100.2.p, Aqcoe3G160100.1.p, Aqcoe5G345900.1.p
OG0013750	VIT_205s0077g00830.1	Aqcoe5G369300.1.p
OG0013751	VIT_206s0004g02390.1	Aqcoe5G031000.1.p
OG0013752	VIT_219s0014g00020.1	Aqcoe5G310300.2.p, Aqcoe5G310300.1.p, Aqcoe5G310300.3.p
OG0013753	VIT_201s0150g00370.1, VIT_214s0068g00750.1	Aqcoe5G322400.1.p
OG0013754	VIT_200s0184g00060.1	Aqcoe3G208800.1.p
OG0013755	VIT_216s0039g02035.1	Aqcoe3G172400.1.p
OG0013757	VIT_214s0006g02710.1, VIT_214s0006g02710.2	Aqcoe3G030200.1.p
OG0013758	VIT_210s0116g00741.1, VIT_219s0177g00285.1	Aqcoe3G338400.1.p
OG0013760	VIT_217s0000g08730.1, VIT_217s0000g08730.3, VIT_217s0000g08730.10, VIT_217s0000g08730.11, VIT_217s0000g08730.4, VIT_217s0000g08730.5, VIT_217s0000g08730.6, VIT_217s0000g08730.8, VIT_217s0000g08730.7, VIT_217s0000g08730.9	Aqcoe3G149700.1.p
OG0013761	VIT_206s0004g01770.8, VIT_206s0004g01770.7, VIT_206s0004g01770.9, VIT_206s0004g01770.11, VIT_206s0004g01650.2, VIT_206s0004g01650.3, VIT_206s0004g01650.4	Aqcoe3G184200.1.p
OG0013762	VIT_217s0000g09910.2	Aqcoe3G133100.1.p
OG0013763	VIT_217s0000g08480.1, VIT_214s0066g01220.1	Aqcoe3G291200.2.p, Aqcoe3G291200.1.p, Aqcoe3G121900.1.p
OG0013764	VIT_217s0000g05080.1	Aqcoe3G367400.1.p
OG0013765	VIT_215s0107g00300.1, VIT_215s0107g00300.2	Aqcoe3G186300.2.p, Aqcoe3G186300.1.p, Aqcoe3G186300.3.p, Aqcoe3G226800.1.p
OG0013766	VIT_201s0011g06230.1	Aqcoe3G419100.1.p, Aqcoe3G419500.1.p
OG0013767	VIT_202s0012g01590.1	Aqcoe3G220900.1.p
OG0013768	VIT_201s0010g02070.3, VIT_201s0010g02070.2, VIT_201s0010g02070.1	Aqcoe3G427100.1.p, Aqcoe3G427100.2.p
OG0013769	VIT_214s0060g00670.1	Aqcoe3G018800.1.p
OG0013770	VIT_217s0000g06470.1	Aqcoe3G349300.1.p
OG0013771	VIT_219s0027g01130.1	Aqcoe3G118300.1.p
OG0013772	VIT_201s0011g00060.1	Aqcoe3G375500.1.p, Aqcoe3G375400.1.p
OG0013773	VIT_201s0011g01800.1	Aqcoe3G423300.2.p, Aqcoe3G423300.1.p
OG0013776	VIT_214s0068g00510.1	Aqcoe3G362000.1.p
OG0013777	VIT_217s0000g05710.1	Aqcoe3G327500.1.p
OG0013778	VIT_214s0066g00420.1	Aqcoe3G348100.1.p
OG0013779	VIT_217s0053g00760.2, VIT_217s0053g00760.3, VIT_217s0053g00760.1	Aqcoe3G421200.1.p
OG0013780	VIT_202s0012g00840.1	Aqcoe3G252700.1.p
OG0013781	VIT_213s0019g04220.5, VIT_213s0019g04220.4, VIT_213s0019g04220.3, VIT_213s0019g04220.2, VIT_213s0019g04220.1	Aqcoe3G221100.1.p
OG0013783	VIT_214s0068g00280.1	Aqcoe3G062900.1.p
OG0013784	VIT_217s0000g06480.1	Aqcoe3G059800.1.p
OG0013785	VIT_213s0019g02380.1	Aqcoe3G064400.1.p, Aqcoe3G064100.1.p
OG0013786	VIT_202s0012g00540.1	Aqcoe3G241300.1.p
OG0013787	VIT_201s0011g04850.1	Aqcoe3G017200.1.p
OG0013788	VIT_201s0026g01210.1, VIT_214s0066g02150.1	Aqcoe3G099400.1.p, Aqcoe3G099400.2.p
OG0013789	VIT_217s0000g02500.1	Aqcoe3G012600.1.p
OG0013790	VIT_201s0010g00555.1	Aqcoe3G067600.1.p
OG0013791	VIT_217s0000g08000.1	Aqcoe3G299600.1.p
OG0013792	VIT_219s0014g01100.1	Aqcoe3G295800.1.p
OG0013793	VIT_201s0011g03550.1	Aqcoe3G039100.1.p
OG0013794	VIT_201s0127g00120.1	Aqcoe3G151000.1.p
OG0014013	VIT_214s0128g00300.1	Aqcoe2G334500.1.p
OG0014017	VIT_207s0005g01320.1	Aqcoe2G202200.1.p
OG0014020	VIT_214s0060g01180.2, VIT_214s0060g01180.3, VIT_214s0060g01180.1	Aqcoe2G274900.1.p
OG0014021	VIT_205s0077g02100.1, VIT_203s0132g00140.1	Aqcoe5G091000.1.p
OG0014023	VIT_201s0011g02455.1, VIT_204s0043g01016.1	Aqcoe2G399900.1.p
OG0014024	VIT_205s0020g04200.1	Aqcoe2G353800.1.p
OG0014026	VIT_214s0060g02670.2, VIT_214s0060g02670.1	Aqcoe2G305500.1.p
OG0014030	VIT_204s0023g00120.1	Aqcoe2G423200.1.p
OG0014034	VIT_204s0008g01940.1	Aqcoe2G401600.1.p
OG0014035	VIT_207s0005g01070.1	Aqcoe2G281800.1.p
OG0014037	VIT_206s0004g02290.1	Aqcoe2G020500.1.p
OG0014041	VIT_208s0007g07640.5, VIT_208s0007g07640.1, VIT_208s0007g07640.6, VIT_208s0007g07640.4, VIT_208s0007g07640.2, VIT_208s0007g07640.3	Aqcoe2G001300.1.p
OG0014043	VIT_208s0007g07980.1	Aqcoe2G013400.1.p
OG0014044	VIT_204s0008g04640.1, VIT_204s0008g04560.1, VIT_204s0008g04610.1	Aqcoe2G287100.2.p, Aqcoe2G287100.1.p
OG0014045	VIT_205s0020g01720.1	Aqcoe2G309000.2.p, Aqcoe2G309000.1.p
OG0014048	VIT_208s0007g04555.1	Aqcoe1G121700.1.p, Aqcoe2G156800.1.p
OG0014049	VIT_205s0062g01020.1	Aqcoe5G337800.1.p, Aqcoe2G419500.1.p
OG0014051	VIT_214s0060g00640.1	Aqcoe2G259300.1.p, Aqcoe2G259300.2.p
OG0014052	VIT_206s0009g01740.1	Aqcoe2G050700.1.p
OG0014055	VIT_210s0042g01000.1	Aqcoe6G322600.1.p, Aqcoe1G338000.1.p, Aqcoe6G211800.1.p, Aqcoe6G329000.1.p, Aqcoe5G444800.1.p, Aqcoe3G205500.1.p, Aqcoe0118s0001.1.p, Aqcoe0009s0016.1.p, Aqcoe2G414000.1.p
OG0014056	VIT_207s0005g01080.1	Aqcoe2G281700.1.p
OG0014057	VIT_204s0023g01550.1	Aqcoe6G115800.1.p
OG0014058	VIT_201s0146g00390.1, VIT_200s0246g00220.1	Aqcoe6G261700.1.p
OG0014059	VIT_218s0001g10550.1	Aqcoe6G141900.1.p
OG0014062	VIT_213s0074g00410.1	Aqcoe6G109000.2.p, Aqcoe6G109000.1.p
OG0014064	VIT_203s0088g00300.1, VIT_218s0001g08690.1	Aqcoe6G266500.1.p
OG0014065	VIT_218s0072g00550.1	Aqcoe6G040200.2.p, Aqcoe6G040200.1.p, Aqcoe6G040500.1.p
OG0014066	VIT_203s0091g00600.1	Aqcoe6G159800.1.p
OG0014067	VIT_211s0016g04660.1	Aqcoe6G235000.1.p
OG0014068	VIT_218s0117g00260.1	Aqcoe6G015200.1.p
OG0014069	VIT_218s0001g07970.1	Aqcoe6G069000.1.p
OG0014070	VIT_218s0041g01250.1, VIT_218s0041g01240.1	Aqcoe6G010100.1.p
OG0014070	VIT_218s0041g01270.2, VIT_218s0041g01270.1	Aqcoe1G215300.1.p
OG0014071	VIT_218s0001g11610.1	Aqcoe6G103300.1.p
OG0014072	VIT_207s0031g01570.1, VIT_218s0001g00590.1	Aqcoe6G051400.1.p
OG0014073	VIT_218s0041g02170.1, VIT_218s0041g02170.6, VIT_218s0041g02170.7, VIT_218s0041g02170.3, VIT_218s0041g02170.4, VIT_218s0041g02170.5, VIT_218s0041g02170.2	Aqcoe6G008200.2.p, Aqcoe6G008200.1.p
OG0014074	VIT_203s0017g01710.1	Aqcoe6G006700.1.p
OG0014075	VIT_200s0396g00020.1	Aqcoe6G262900.1.p
OG0014076	VIT_218s0001g14640.1	Aqcoe6G224100.1.p
OG0014077	VIT_203s0063g02460.1	Aqcoe6G116900.1.p
OG0014078	VIT_218s0001g09900.1, VIT_207s0129g01085.1	Aqcoe6G309600.1.p
OG0014079	VIT_209s0070g00740.1, VIT_206s0004g07610.1, VIT_200s0380g00030.1	Aqcoe6G123900.3.p
OG0014080	VIT_218s0001g06920.1	Aqcoe6G008400.1.p
OG0014081	VIT_212s0035g00790.1	Aqcoe6G013900.1.p
OG0014082	VIT_218s0001g04590.1	Aqcoe6G055600.1.p
OG0014083	VIT_218s0001g01660.1	Aqcoe6G031500.1.p
OG0014085	VIT_218s0001g11280.2, VIT_218s0001g11280.1	Aqcoe6G096800.1.p
OG0014086	VIT_210s0092g00150.1	Aqcoe4G025100.1.p, Aqcoe4G025200.1.p, Aqcoe4G024900.1.p
OG0014088	VIT_219s0090g00960.1	Aqcoe4G221500.1.p, Aqcoe1G299100.1.p
OG0014091	VIT_217s0000g10270.1	Aqcoe4G206800.1.p
OG0014093	VIT_210s0003g00230.1	Aqcoe4G079200.1.p, Aqcoe4G079100.1.p
OG0014094	VIT_212s0057g01360.2, VIT_212s0057g01360.1	Aqcoe4G302100.8.p, Aqcoe4G302100.3.p, Aqcoe4G302100.7.p, Aqcoe4G302100.6.p, Aqcoe4G302100.1.p, Aqcoe4G302100.4.p, Aqcoe4G302100.2.p, Aqcoe4G302100.5.p
OG0014097	VIT_216s0050g00810.1	Aqcoe7G415400.1.p, Aqcoe4G079600.1.p, Aqcoe7G405500.1.p, Aqcoe7G405500.3.p, Aqcoe7G405500.2.p, Aqcoe7G399900.1.p, Aqcoe7G413200.1.p, Aqcoe1G296600.1.p
OG0014098	VIT_213s0067g02850.1, VIT_213s0067g02850.2	Aqcoe1G406400.1.p, Aqcoe1G405800.1.p, Aqcoe1G406500.1.p, Aqcoe4G226700.3.p, Aqcoe4G226700.4.p, Aqcoe4G226700.2.p, Aqcoe4G226700.1.p, Aqcoe1G405600.1.p
OG0014099	VIT_212s0028g02445.1	Aqcoe4G057000.1.p
OG0014100	VIT_200s0246g00240.1	Aqcoe4G042500.1.p
OG0014102	VIT_205s0020g03570.1	Aqcoe4G049700.1.p, Aqcoe5G054200.1.p
OG0014104	VIT_209s0002g05730.1	Aqcoe7G206800.1.p
OG0014105	VIT_211s0118g00650.1	Aqcoe7G372800.1.p
OG0014106	VIT_201s0011g01100.1	Aqcoe7G094700.1.p
OG0014107	VIT_204s0008g04800.1	Aqcoe7G203900.1.p
OG0014108	VIT_209s0002g01100.4, VIT_209s0002g01100.2, VIT_209s0002g01100.3, VIT_209s0002g01100.1	Aqcoe7G430300.2.p, Aqcoe7G430300.3.p, Aqcoe7G430300.1.p
OG0014109	VIT_211s0052g00160.1	Aqcoe7G262800.1.p
OG0014110	VIT_200s0246g00200.1	Aqcoe5G380000.1.p, Aqcoe7G226800.1.p
OG0014111	VIT_208s0007g08550.3	Aqcoe7G268900.3.p, Aqcoe7G268900.2.p, Aqcoe7G117100.1.p, Aqcoe7G268900.1.p
OG0014112	VIT_217s0000g09650.1	Aqcoe7G139900.1.p, Aqcoe5G392000.1.p
OG0014114	VIT_214s0060g00080.1	Aqcoe7G274100.1.p
OG0014115	VIT_204s0008g03235.1, VIT_209s0002g03720.1, VIT_209s0002g03730.1	Aqcoe7G410300.1.p, Aqcoe7G410900.1.p
OG0014116	VIT_204s0008g03870.1	Aqcoe7G403700.1.p
OG0014117	VIT_216s0098g01590.1	Aqcoe7G006100.1.p
OG0014118	VIT_211s0016g02985.1	Aqcoe7G146200.1.p
OG0014119	VIT_208s0007g05895.1	Aqcoe7G126800.1.p
OG0014120	VIT_215s0046g02920.1	Aqcoe7G036100.1.p
OG0014121	VIT_209s0054g00840.1	Aqcoe7G291000.1.p
OG0014122	VIT_204s0008g03040.1, VIT_204s0008g03030.1	Aqcoe7G238300.3.p, Aqcoe7G238300.5.p, Aqcoe7G238300.1.p, Aqcoe7G238300.2.p, Aqcoe7G238300.7.p, Aqcoe7G238300.6.p, Aqcoe7G238300.4.p
OG0014123	VIT_211s0016g05870.1, VIT_211s0016g05860.1	Aqcoe7G380300.1.p
OG0014124	VIT_203s0063g01730.1	Aqcoe7G114000.1.p
OG0014126	VIT_211s0052g00520.1	Aqcoe5G374000.1.p, Aqcoe7G305800.1.p, Aqcoe5G374000.2.p, Aqcoe5G374000.3.p
OG0014127	VIT_215s0046g02540.1	Aqcoe7G032800.1.p
OG0014128	VIT_217s0053g00360.1	Aqcoe7G320600.2.p, Aqcoe7G320600.1.p
OG0014130	VIT_218s0001g05820.1	Aqcoe7G210600.1.p
OG0014131	VIT_219s0014g02330.1	Aqcoe1G256900.1.p
OG0014133	VIT_213s0067g02630.1	Aqcoe1G400500.1.p
OG0014135	VIT_212s0059g02260.3, VIT_212s0059g02260.2, VIT_212s0059g02260.1	Aqcoe1G275600.1.p, Aqcoe1G275600.2.p
OG0014136	VIT_212s0028g00040.1	Aqcoe1G204100.1.p
OG0014137	VIT_212s0028g00060.1	Aqcoe1G204000.1.p
OG0014138	VIT_213s0067g02260.6, VIT_213s0067g02260.5, VIT_213s0067g02260.4, VIT_213s0067g02260.7, VIT_213s0067g02260.3, VIT_213s0067g02260.2, VIT_213s0067g02260.1	Aqcoe1G397000.1.p
OG0014140	VIT_212s0028g01030.1	Aqcoe1G170600.1.p
OG0014141	VIT_207s0141g00490.1	Aqcoe1G049100.1.p
OG0014142	VIT_212s0059g00670.1, VIT_212s0059g00690.1	Aqcoe1G231700.1.p
OG0014143	VIT_208s0058g00110.1	Aqcoe1G410100.1.p
OG0014144	VIT_212s0059g01890.1, VIT_200s0445g00050.1, VIT_210s0116g00650.1	Aqcoe1G323200.1.p
OG0014146	VIT_213s0064g00950.1	Aqcoe1G029800.1.p
OG0014147	VIT_200s0270g00090.1	Aqcoe1G164900.1.p, Aqcoe1G161400.1.p, Aqcoe1G213500.1.p
OG0014148	VIT_210s0003g04990.1	Aqcoe1G179400.1.p
OG0014149	VIT_210s0003g03980.1, VIT_210s0003g03980.2	Aqcoe1G187400.1.p
OG0014151	VIT_208s0007g07930.1	Aqcoe1G027200.1.p
OG0014152	VIT_207s0005g04560.4, VIT_207s0005g04560.2, VIT_207s0005g04560.3, VIT_207s0005g04560.1	Aqcoe1G222200.1.p
OG0014153	VIT_210s0523g00020.4, VIT_210s0523g00020.5, VIT_210s0523g00020.3, VIT_210s0523g00020.2	Aqcoe1G337400.2.p, Aqcoe1G337400.1.p
OG0014154	VIT_208s0007g02590.1	Aqcoe1G434600.1.p, Aqcoe1G434600.2.p
OG0014155	VIT_219s0014g02910.1	Aqcoe1G269900.1.p
OG0014157	VIT_208s0040g02990.1	Aqcoe1G352700.1.p
OG0014158	VIT_213s0067g02310.1	Aqcoe1G397200.1.p
OG0014159	VIT_214s0030g00020.1	Aqcoe0412s0001.1.p, Aqcoe5G064800.1.p
OG0014160	VIT_204s0023g03660.1	Aqcoe5G325300.2.p
OG0014162	VIT_204s0023g00790.1	Aqcoe5G082600.1.p
OG0014163	VIT_218s0076g00200.1	Aqcoe5G271700.1.p
OG0014164	VIT_200s0264g00110.1	Aqcoe5G356800.1.p
OG0014166	VIT_203s0038g03600.5, VIT_203s0038g03600.4, VIT_203s0038g03600.3, VIT_203s0038g03600.2, VIT_203s0038g03600.1	Aqcoe5G126100.1.p, Aqcoe5G126100.3.p, Aqcoe5G126100.4.p, Aqcoe5G126100.2.p
OG0014167	VIT_200s0824g00010.1	Aqcoe5G219300.1.p
OG0014168	VIT_203s0038g00640.1	Aqcoe5G178700.1.p
OG0014169	VIT_214s0068g01140.1	Aqcoe5G324500.1.p, Aqcoe5G324900.1.p, Aqcoe5G324600.1.p
OG0014170	VIT_207s0005g00370.1	Aqcoe1718s0001.1.p, Aqcoe3G012900.2.p, Aqcoe3G012900.1.p, Aqcoe5G209600.1.p
OG0014171	VIT_200s0218g00120.1	Aqcoe5G165500.1.p
OG0014172	VIT_205s0020g02040.1	Aqcoe5G074600.1.p
OG0014173	VIT_204s0023g00990.1	Aqcoe5G202100.1.p
OG0014174	VIT_218s0001g02720.1	Aqcoe5G256000.1.p
OG0014175	VIT_217s0000g09200.1	Aqcoe5G400000.1.p
OG0014176	VIT_201s0010g03560.1	Aqcoe5G358100.1.p
OG0014177	VIT_200s0199g00245.1, VIT_200s0199g00225.1	Aqcoe5G163400.1.p
OG0014180	VIT_205s0020g04780.2, VIT_205s0020g04780.3, VIT_205s0020g04780.1	Aqcoe5G038300.1.p
OG0014181	VIT_216s0098g00700.1	Aqcoe5G475500.1.p
OG0014182	VIT_208s0007g05520.1	Aqcoe3G301000.2.p, Aqcoe3G301000.1.p
OG0014183	VIT_217s0000g06690.1, VIT_217s0000g06690.3, VIT_217s0000g06690.2, VIT_217s0000g06696.1	Aqcoe3G355600.2.p, Aqcoe3G355600.3.p, Aqcoe3G355600.1.p
OG0014184	VIT_217s0000g09420.1	Aqcoe3G091800.1.p, Aqcoe3G141300.1.p
OG0014185	VIT_214s0068g01990.1	Aqcoe3G200400.2.p, Aqcoe3G200400.1.p
OG0014187	VIT_201s0011g05290.1	Aqcoe3G005000.1.p, Aqcoe3G005000.2.p
OG0014188	VIT_214s0066g01370.1	Aqcoe3G293500.1.p
OG0014189	VIT_215s0048g02710.1	Aqcoe3G097100.1.p
OG0014190	VIT_201s0011g03570.1	Aqcoe3G038700.1.p
OG0014191	VIT_201s0026g02680.1	Aqcoe3G060200.1.p
OG0014192	VIT_217s0119g00392.1	Aqcoe3G409900.1.p
OG0014193	VIT_217s0000g06260.1	Aqcoe3G339900.2.p, Aqcoe3G339900.1.p
OG0014194	VIT_214s0066g01730.1, VIT_214s0066g01730.2	Aqcoe3G303500.1.p
OG0014196	VIT_217s0000g05855.1	Aqcoe3G331300.1.p
OG0014197	VIT_214s0006g00170.1	Aqcoe3G414200.1.p
OG0014198	VIT_201s0026g01130.1, VIT_201s0026g01130.2, VIT_201s0026g01130.3	Aqcoe3G315700.1.p, Aqcoe3G315700.2.p
OG0014199	VIT_214s0066g01150.1	Aqcoe3G122800.1.p
OG0014200	VIT_217s0000g00810.1	Aqcoe3G406700.1.p
OG0014201	VIT_217s0000g08820.2, VIT_217s0000g08820.1	Aqcoe3G278500.1.p, Aqcoe3G278500.2.p
OG0014203	VIT_201s0011g04980.2, VIT_201s0011g04980.1	Aqcoe3G013800.2.p, Aqcoe3G013800.1.p
OG0014204	VIT_219s0177g00280.1, VIT_219s0177g00270.1	Aqcoe3G276900.1.p
OG0014205	VIT_214s0083g00825.2, VIT_214s0083g00825.1, VIT_214s0083g00825.3	Aqcoe3G069600.1.p
OG0014206	VIT_217s0000g01230.6, VIT_217s0000g01230.5, VIT_217s0000g01230.4, VIT_217s0000g01230.1, VIT_217s0000g01230.2, VIT_217s0000g01230.3	Aqcoe3G179000.1.p
OG0014209	VIT_201s0011g00890.1	Aqcoe3G055300.1.p
OG0014210	VIT_217s0000g04850.1	Aqcoe3G378000.1.p
OG0014479	VIT_210s0042g00560.2, VIT_210s0042g00560.1	Aqcoe2G364200.1.p
OG0014480	VIT_208s0056g00260.1	Aqcoe2G147400.1.p, Aqcoe2G147300.1.p, Aqcoe2G073800.1.p
OG0014482	VIT_207s0005g01940.2, VIT_207s0005g01940.1	Aqcoe2G263400.1.p
OG0014486	VIT_206s0004g07650.1	Aqcoe2G080000.1.p
OG0014487	VIT_207s0104g00110.1	Aqcoe2G334700.1.p
OG0014489	VIT_207s0104g01620.2, VIT_207s0104g01620.1	Aqcoe5G082300.1.p, Aqcoe2G304500.1.p
OG0014490	VIT_205s0062g01010.1	Aqcoe2G022100.1.p
OG0014497	VIT_205s0077g00600.1	Aqcoe2G266600.1.p, Aqcoe2G266600.2.p
OG0014498	VIT_208s0032g00496.1	Aqcoe2G066200.1.p
OG0014501	VIT_208s0105g00370.1, VIT_208s0105g00370.2	Aqcoe2G092800.1.p
OG0014508	VIT_200s0226g00070.1	Aqcoe2G433100.1.p, Aqcoe2G433100.2.p
OG0014510	VIT_214s0108g01185.1	Aqcoe2G314400.1.p
OG0014511	VIT_205s0077g01390.1	Aqcoe0094s0001.1.p, Aqcoe2G280300.1.p
OG0014512	VIT_205s0020g00630.1, VIT_205s0020g00630.2, VIT_205s0020g00630.3	Aqcoe2G256400.1.p
OG0014514	VIT_205s0124g00210.1	Aqcoe2G425200.1.p
OG0014515	VIT_208s0007g05490.3	Aqcoe2G037700.1.p
OG0014516	VIT_207s0005g05810.1, VIT_216s0100g00180.1	Aqcoe2G219400.1.p
OG0014517	VIT_202s0025g01470.1	Aqcoe2G163300.1.p
OG0014518	VIT_205s0029g00490.1	Aqcoe2G171300.1.p
OG0014519	VIT_203s0038g04050.2, VIT_203s0038g04050.1	Aqcoe0082s0006.1.p, Aqcoe6G319200.1.p
OG0014520	VIT_218s0001g01960.1	Aqcoe6G033800.1.p, Aqcoe0038s0003.1.p
OG0014523	VIT_218s0164g00050.1	Aqcoe6G052400.1.p, Aqcoe6G052100.1.p, Aqcoe6G052000.1.p, Aqcoe6G051800.1.p
OG0014524	VIT_212s0035g01230.1	Aqcoe6G013200.1.p
OG0014525	VIT_218s0122g00550.6, VIT_218s0122g00550.5	Aqcoe6G250000.2.p, Aqcoe6G250000.6.p, Aqcoe6G250000.4.p, Aqcoe6G250000.5.p, Aqcoe6G250000.1.p, Aqcoe6G250000.3.p
OG0014526	VIT_214s0006g03290.1	Aqcoe6G031700.1.p
OG0014527	VIT_204s0044g00060.1, VIT_204s0044g00060.2	Aqcoe6G175100.1.p
OG0014528	VIT_218s0001g12710.1	Aqcoe6G123500.1.p
OG0014529	VIT_204s0023g01560.1	Aqcoe6G115900.1.p, Aqcoe6G115900.2.p
OG0014530	VIT_200s0434g00005.1, VIT_200s0434g00005.2, VIT_200s0264g00015.1	Aqcoe6G199700.1.p
OG0014532	VIT_210s0003g05124.1	Aqcoe6G233900.1.p
OG0014533	VIT_203s0091g01100.1	Aqcoe6G272900.1.p
OG0014536	VIT_204s0023g02020.1	Aqcoe6G123600.1.p
OG0014537	VIT_203s0063g01760.1	Aqcoe6G102600.1.p, Aqcoe6G102700.1.p
OG0014538	VIT_219s0090g00530.1	Aqcoe1G232600.1.p, Aqcoe6G294700.1.p, Aqcoe1G232500.1.p
OG0014539	VIT_211s0052g01410.1	Aqcoe7G298900.1.p, Aqcoe6G180200.1.p
OG0014540	VIT_212s0035g02070.1	Aqcoe6G001600.1.p
OG0014541	VIT_211s0078g00490.1, VIT_207s0141g00160.1, VIT_207s0141g00080.1	Aqcoe6G084000.1.p
OG0014542	VIT_215s0048g01620.1, VIT_210s0092g00490.1	Aqcoe0015s0004.1.p, Aqcoe6G249200.1.p
OG0014549	VIT_218s0122g00930.1	Aqcoe6G168800.1.p, Aqcoe6G168800.2.p
OG0014550	VIT_200s0252g00020.1	Aqcoe6G279100.1.p
OG0014551	VIT_204s0079g00405.1, VIT_216s0115g00170.1	Aqcoe6G089200.1.p
OG0014552	VIT_210s0003g00410.1	Aqcoe1G247800.1.p, Aqcoe1G247800.2.p, Aqcoe0055s0001.1.p, Aqcoe4G075400.1.p, Aqcoe4G073500.1.p
OG0014554	VIT_219s0014g03670.1, VIT_219s0014g03670.2	Aqcoe4G258600.1.p
OG0014555	VIT_205s0020g00540.1, VIT_205s0020g00530.1	Aqcoe4G091500.1.p, Aqcoe4G091500.2.p, Aqcoe4G091400.1.p
OG0014556	VIT_217s0000g00850.3, VIT_217s0000g00850.2, VIT_217s0000g00850.1, VIT_219s0090g01710.1, VIT_219s0090g01700.1	Aqcoe1G390800.1.p, Aqcoe4G273100.1.p
OG0014557	VIT_219s0090g01040.1	Aqcoe4G223600.1.p
OG0014559	VIT_210s0003g01210.1, VIT_212s0028g02230.1	Aqcoe1G228800.1.p
OG0014559	VIT_212s0059g02330.1	Aqcoe4G048100.1.p
OG0014560	VIT_201s0010g02270.1, VIT_217s0000g10300.1	Aqcoe4G207100.1.p
OG0014562	VIT_200s2871g00010.1, VIT_200s2871g00010.2, VIT_200s2871g00010.3	Aqcoe4G272900.1.p
OG0014563	VIT_219s0014g02740.1	Aqcoe4G103000.2.p, Aqcoe4G103000.1.p, Aqcoe4G102900.1.p, Aqcoe1G264200.1.p
OG0014565	VIT_212s0059g01270.1	Aqcoe4G298700.1.p
OG0014566	VIT_202s0012g01760.2, VIT_202s0012g01760.1	Aqcoe4G004900.1.p
OG0014569	VIT_219s0015g00630.1	Aqcoe4G309800.1.p
OG0014574	VIT_204s0008g02810.1	Aqcoe7G284200.1.p
OG0014575	VIT_211s0016g03970.1	Aqcoe7G180200.1.p
OG0014576	VIT_211s0016g03180.1	Aqcoe7G414200.1.p
OG0014577	VIT_214s0030g00460.1	Aqcoe7G270700.2.p, Aqcoe7G270700.1.p
OG0014581	VIT_211s0037g00320.4, VIT_211s0037g00320.2, VIT_211s0037g00320.1	Aqcoe7G355800.1.p
OG0014583	VIT_201s0150g00260.5, VIT_201s0150g00260.1, VIT_201s0150g00260.2, VIT_201s0150g00260.3, VIT_201s0150g00260.4, VIT_201s0150g00260.6, VIT_201s0150g00260.7	Aqcoe7G359900.1.p
OG0014585	VIT_204s0008g01710.1, VIT_204s0008g01710.2	Aqcoe7G115900.1.p
OG0014586	VIT_204s0008g02880.1	Aqcoe7G239600.1.p
OG0014588	VIT_215s0048g00650.1	Aqcoe7G080900.1.p
OG0014589	VIT_204s0008g03640.1	Aqcoe7G407200.1.p, Aqcoe7G407200.2.p
OG0014592	VIT_219s0014g03940.1, VIT_204s0044g00590.1	Aqcoe7G134300.1.p, Aqcoe1146s0001.1.p
OG0014593	VIT_215s0046g01830.1	Aqcoe7G027700.1.p, Aqcoe7G027700.2.p
OG0014594	VIT_208s0007g08320.1	Aqcoe7G079200.1.p, Aqcoe7G079200.2.p
OG0014595	VIT_211s0078g00400.1	Aqcoe7G286200.1.p
OG0014597	VIT_209s0002g04180.2, VIT_209s0002g04180.1	Aqcoe7G402200.1.p
OG0014598	VIT_202s0087g00600.1	Aqcoe7G097100.1.p
OG0014599	VIT_210s0003g01760.1	Aqcoe7G321600.1.p, Aqcoe1G177400.1.p
OG0014600	VIT_211s0103g00340.1	Aqcoe7G249700.1.p
OG0014601	VIT_211s0052g00870.1	Aqcoe7G324900.1.p
OG0014602	VIT_202s0154g00380.1	Aqcoe7G081200.1.p
OG0014603	VIT_204s0069g00222.1, VIT_204s0069g00163.1, VIT_204s0069g00630.1, VIT_204s0069g00210.1, VIT_204s0069g00730.1, VIT_204s0069g00290.1, VIT_204s0069g00270.1	Aqcoe7G330600.1.p
OG0014605	VIT_209s0002g01190.1	Aqcoe7G111800.1.p
OG0014606	VIT_209s0002g00710.1	Aqcoe7G106800.1.p
OG0014607	VIT_211s0052g01650.1	Aqcoe7G329000.1.p
OG0014609	VIT_211s0103g00520.1	Aqcoe0278s0002.1.p
OG0014611	VIT_210s0003g01740.1	Aqcoe1G219400.1.p
OG0014612	VIT_206s0080g00760.1	Aqcoe1G439100.1.p
OG0014614	VIT_212s0059g02010.1, VIT_212s0059g02010.2	Aqcoe1G333500.1.p
OG0014615	VIT_208s0056g01530.1	Aqcoe1G061600.1.p
OG0014616	VIT_206s0004g01070.1	Aqcoe1G016200.1.p
OG0014618	VIT_209s0002g01165.1	Aqcoe1G021900.1.p
OG0014619	VIT_213s0084g00320.1, VIT_209s0002g09010.1, VIT_203s0038g00190.1, VIT_212s0059g01110.1	Aqcoe1G266300.1.p
OG0014620	VIT_208s0007g00790.1	Aqcoe1G103700.1.p
OG0014623	VIT_210s0003g01670.4, VIT_210s0003g01670.6, VIT_210s0003g01670.7, VIT_210s0003g01670.5, VIT_210s0003g01670.3, VIT_210s0003g01670.2, VIT_210s0003g01670.1	Aqcoe1G216700.1.p, Aqcoe1G216700.2.p
OG0014624	VIT_215s0046g02060.1	Aqcoe1G048000.1.p, Aqcoe1G048000.2.p
OG0014625	VIT_212s0059g02040.1	Aqcoe1G301000.2.p, Aqcoe1G301000.1.p
OG0014626	VIT_205s0077g01140.1	Aqcoe1G437800.1.p
OG0014627	VIT_200s0317g00090.1	Aqcoe1G476600.1.p
OG0014628	VIT_208s0058g00395.1	Aqcoe1G152100.1.p
OG0014629	VIT_210s0116g00380.1	Aqcoe1G340200.1.p
OG0014630	VIT_219s0014g01940.1	Aqcoe1G248300.1.p
OG0014631	VIT_206s0004g03770.1	Aqcoe1G481800.1.p
OG0014632	VIT_206s0004g00210.1	Aqcoe1G060500.1.p, Aqcoe1G060500.2.p
OG0014633	VIT_214s0060g00040.4, VIT_214s0060g00040.1, VIT_214s0060g00040.3, VIT_214s0060g00040.2	Aqcoe1G155500.1.p
OG0014634	VIT_213s0019g04090.2, VIT_213s0019g04090.3, VIT_213s0019g04090.1	Aqcoe1G496100.1.p
OG0014635	VIT_201s0011g01850.1	Aqcoe1G166800.1.p
OG0014636	VIT_205s0077g00720.1	Aqcoe1G190200.1.p
OG0014637	VIT_215s0021g02290.1	Aqcoe5G412300.4.p, Aqcoe5G412300.3.p, Aqcoe5G412300.2.p, Aqcoe5G412300.1.p
OG0014638	VIT_204s0044g01080.1	Aqcoe5G240400.1.p
OG0014640	VIT_218s0001g07165.1	Aqcoe5G163300.1.p
OG0014641	VIT_218s0001g14200.1	Aqcoe5G208600.1.p
OG0014642	VIT_203s0038g04580.1	Aqcoe5G232200.1.p
OG0014643	VIT_203s0091g00560.2, VIT_203s0091g00560.1, VIT_203s0091g00560.3	Aqcoe5G073100.1.p
OG0014644	VIT_203s0038g04330.1	Aqcoe5G185300.1.p
OG0014645	VIT_201s0137g00750.1, VIT_201s0137g00750.2	Aqcoe5G396900.1.p
OG0014646	VIT_214s0066g00590.1	Aqcoe5G402800.1.p, Aqcoe5G402800.2.p
OG0014647	VIT_200s0211g00030.1, VIT_200s0211g00030.2	Aqcoe5G218600.1.p
OG0014648	VIT_215s0048g00690.1	Aqcoe5G398900.1.p, Aqcoe5G398900.2.p
OG0014649	VIT_214s0068g00740.1	Aqcoe5G322300.1.p
OG0014650	VIT_218s0001g13540.1	Aqcoe5G180000.1.p
OG0014651	VIT_215s0048g01070.1	Aqcoe5G109800.1.p, Aqcoe5G425400.1.p
OG0014652	VIT_207s0104g00950.1	Aqcoe5G069100.1.p
OG0014653	VIT_214s0066g00480.1	Aqcoe5G401100.1.p
OG0014655	VIT_218s0001g11170.1	Aqcoe5G159600.1.p
OG0014656	VIT_202s0025g03090.1	Aqcoe5G476200.1.p
OG0014657	VIT_207s0005g00765.1, VIT_207s0005g00765.3, VIT_207s0005g00765.2, VIT_207s0005g00765.8, VIT_207s0005g00765.5, VIT_207s0005g00765.4, VIT_207s0005g00765.7, VIT_207s0005g00765.6	Aqcoe5G092700.1.p
OG0014658	VIT_218s0001g06460.2, VIT_218s0001g06460.3, VIT_218s0001g06460.1	Aqcoe5G313000.1.p
OG0014659	VIT_207s0005g04140.1	Aqcoe5G018000.1.p, Aqcoe5G018000.2.p
OG0014661	VIT_214s0066g02130.1	Aqcoe3G317400.1.p
OG0014662	VIT_201s0026g01440.1	Aqcoe3G322000.1.p
OG0014663	VIT_214s0006g01390.2, VIT_214s0006g01390.1	Aqcoe3G011600.1.p, Aqcoe3G294300.1.p, Aqcoe3G294200.1.p, Aqcoe3G196500.1.p
OG0014664	VIT_214s0108g01220.1	Aqcoe3G351100.1.p
OG0014665	VIT_216s0039g00290.1	Aqcoe3G442300.1.p
OG0014666	VIT_214s0083g00820.1	Aqcoe3G381900.1.p
OG0014667	VIT_217s0000g04710.1	Aqcoe3G071500.1.p
OG0014668	VIT_215s0045g00530.2, VIT_215s0045g00530.1	Aqcoe3G223600.1.p
OG0014669	VIT_219s0015g00900.1	Aqcoe3G275500.3.p, Aqcoe3G275500.2.p, Aqcoe3G275500.1.p
OG0014670	VIT_214s0066g02140.1	Aqcoe3G317000.1.p
OG0014671	VIT_217s0000g05360.1	Aqcoe3G315400.1.p
OG0014672	VIT_201s0026g01560.1	Aqcoe3G325600.1.p
OG0014673	VIT_215s0021g01650.4, VIT_215s0021g01650.3, VIT_215s0021g01650.1, VIT_215s0021g01650.2	Aqcoe3G269200.1.p
OG0014674	VIT_217s0000g09170.1	Aqcoe3G144500.2.p, Aqcoe3G144500.1.p
OG0014675	VIT_201s0011g05310.1	Aqcoe3G005400.1.p
OG0015021	VIT_205s0077g01160.2, VIT_205s0077g01160.4, VIT_205s0077g01160.3, VIT_205s0077g01160.1	Aqcoe2G276000.3.p, Aqcoe2G276000.2.p
OG0015022	VIT_205s0077g02350.1	Aqcoe2G293800.1.p
OG0015024	VIT_207s0005g02310.1	Aqcoe2G236700.1.p, Aqcoe2G236500.1.p
OG0015025	VIT_206s0080g00320.1	Aqcoe2G140800.1.p
OG0015029	VIT_212s0134g00195.1	Aqcoe2G064200.1.p
OG0015030	VIT_207s0151g00670.1	Aqcoe3G366600.1.p
OG0015032	VIT_208s0007g05820.1	Aqcoe6G162500.1.p, Aqcoe6G162100.1.p, Aqcoe2G148900.1.p
OG0015034	VIT_205s0029g00630.1	Aqcoe2G410200.1.p
OG0015035	VIT_208s0056g00750.1, VIT_208s0056g00750.2, VIT_208s0056g00750.3	Aqcoe2G003900.1.p, Aqcoe2G003900.2.p
OG0015036	VIT_200s0275g00030.1, VIT_208s0056g01030.1, VIT_218s0001g11020.1	Aqcoe2G191700.1.p
OG0015037	VIT_206s0004g06420.1	Aqcoe2G098800.1.p
OG0015042	VIT_205s0049g01260.1	Aqcoe2G378200.1.p
OG0015043	VIT_208s0032g00300.1	Aqcoe2G066300.1.p
OG0015044	VIT_212s0034g00350.1	Aqcoe2G260100.1.p, Aqcoe3G259400.1.p
OG0015045	VIT_206s0004g05660.1	Aqcoe1G221000.1.p, Aqcoe2G132300.1.p
OG0015047	VIT_206s0004g03110.1	Aqcoe2G119400.1.p
OG0015048	VIT_214s0128g00290.1	Aqcoe2G334200.1.p, Aqcoe5G262500.1.p, Aqcoe1G457100.1.p, Aqcoe7G204900.1.p
OG0015049	VIT_206s0004g06950.1	Aqcoe1G409900.1.p, Aqcoe2G087700.1.p
OG0015051	VIT_212s0034g01850.4, VIT_212s0034g01850.2, VIT_212s0034g01850.1, VIT_212s0034g01850.3	Aqcoe2G070500.1.p, Aqcoe2G070500.2.p
OG0015052	VIT_205s0020g03850.1	Aqcoe2G350300.1.p
OG0015055	VIT_215s0021g00360.1	Aqcoe2G361700.1.p
OG0015058	VIT_203s0038g04070.1	Aqcoe0082s0001.1.p, Aqcoe6G320200.1.p
OG0015059	VIT_219s0090g00880.1	Aqcoe1700s0001.1.p
OG0015062	VIT_218s0001g09400.1	Aqcoe6G294000.1.p
OG0015063	VIT_212s0035g00240.1	Aqcoe6G326000.1.p, Aqcoe6G326000.2.p, Aqcoe6G326000.3.p, Aqcoe4G036800.2.p, Aqcoe4G036800.1.p
OG0015067	VIT_205s0062g00680.1	Aqcoe6G264900.1.p
OG0015069	VIT_207s0031g00830.1	Aqcoe6G145100.1.p
OG0015072	VIT_218s0001g09410.1	Aqcoe6G295000.1.p
OG0015077	VIT_218s0001g01870.1	Aqcoe6G049700.1.p
OG0015079	VIT_200s0434g00070.1	Aqcoe6G201800.1.p
OG0015081	VIT_207s0031g00750.1	Aqcoe6G142400.1.p
OG0015083	VIT_207s0151g00200.1	Aqcoe4G232100.1.p, Aqcoe6G220500.1.p
OG0015084	VIT_218s0001g03310.1	Aqcoe6G018100.1.p
OG0015086	VIT_212s0121g00206.1, VIT_217s0000g08725.1, VIT_201s0155g00024.1, VIT_207s0197g00102.1, VIT_200s1985g00005.1, VIT_217s0000g09345.1, VIT_209s0002g03480.1	Aqcoe6G313700.1.p
OG0015087	VIT_213s0084g00035.1, VIT_207s0031g00355.1	Aqcoe6G048100.1.p
OG0015089	VIT_219s0085g00560.1, VIT_219s0085g00560.2	Aqcoe6G104700.1.p
OG0015091	VIT_218s0001g10370.1	Aqcoe6G139600.1.p
OG0015095	VIT_201s0011g05880.2, VIT_201s0011g05880.3, VIT_201s0011g05870.3, VIT_201s0011g05870.2	Aqcoe3G414400.1.p, Aqcoe5G431400.1.p, Aqcoe4G176500.1.p
OG0015097	VIT_212s0059g02700.1	Aqcoe4G251000.2.p, Aqcoe4G251000.5.p, Aqcoe4G251000.3.p, Aqcoe4G251000.4.p, Aqcoe4G251000.1.p
OG0015100	VIT_200s0324g00080.1	Aqcoe4G251200.1.p, Aqcoe3G106000.1.p
OG0015103	VIT_200s0370g00060.3, VIT_200s0370g00060.2, VIT_200s0370g00070.2	Aqcoe4G136500.1.p, Aqcoe4G136500.3.p, Aqcoe4G136500.2.p, Aqcoe4G123300.1.p
OG0015104	VIT_219s0014g00270.1	Aqcoe4G021200.1.p
OG0015105	VIT_203s0038g01430.1, VIT_203s0038g01420.1	Aqcoe4G058200.1.p
OG0015107	VIT_200s1206g00010.1, VIT_200s0429g00040.1	Aqcoe4G045700.1.p
OG0015108	VIT_219s0090g00700.1	Aqcoe4G202900.1.p
OG0015110	VIT_212s0059g01340.1	Aqcoe4G297500.1.p
OG0015111	VIT_207s0005g02830.2, VIT_207s0005g02830.1	Aqcoe4G013900.3.p, Aqcoe4G013900.4.p, Aqcoe4G013900.2.p, Aqcoe4G013900.1.p, Aqcoe4G013900.5.p
OG0015112	VIT_215s0024g00160.1	Aqcoe4G144900.1.p
OG0015112	VIT_215s0024g00090.1, VIT_215s0024g00090.3, VIT_215s0024g00090.2	Aqcoe4G144300.1.p
OG0015113	VIT_200s0181g00085.1	Aqcoe4G098800.1.p
OG0015115	VIT_209s0002g06020.1	Aqcoe4G131000.1.p
OG0015116	VIT_204s0008g04920.1, VIT_204s0008g04920.3, VIT_204s0008g04920.2	Aqcoe7G199200.1.p, Aqcoe7G199400.1.p
OG0015117	VIT_209s0054g00670.1, VIT_209s0054g00730.1	Aqcoe7G286300.1.p
OG0015119	VIT_217s0053g00920.1, VIT_214s0171g00350.1	Aqcoe7G279300.1.p, Aqcoe7G257100.1.p
OG0015120	VIT_218s0082g00270.1	Aqcoe7G179000.1.p
OG0015124	VIT_204s0008g05310.1	Aqcoe7G269500.6.p, Aqcoe7G269500.4.p, Aqcoe7G269500.3.p, Aqcoe7G269500.5.p, Aqcoe7G269500.2.p, Aqcoe7G269500.1.p, Aqcoe7G269500.7.p
OG0015126	VIT_216s0100g00710.1	Aqcoe7G042600.1.p
OG0015128	VIT_202s0087g00760.1	Aqcoe7G097400.1.p, Aqcoe7G212700.1.p
OG0015131	VIT_204s0008g02930.4, VIT_204s0008g02930.3, VIT_204s0008g02930.1, VIT_204s0008g02930.6, VIT_204s0008g02930.5, VIT_204s0008g02930.7	Aqcoe7G241200.1.p
OG0015132	VIT_204s0008g05280.1	Aqcoe7G390200.1.p
OG0015134	VIT_204s0008g00700.1	Aqcoe7G141700.1.p
OG0015135	VIT_204s0008g04470.2, VIT_204s0008g04470.1, VIT_204s0008g04470.4, VIT_204s0008g04470.3	Aqcoe7G395600.1.p
OG0015136	VIT_209s0002g06300.1	Aqcoe7G216500.2.p, Aqcoe7G216500.1.p
OG0015137	VIT_211s0016g04580.1	Aqcoe7G202100.1.p
OG0015139	VIT_209s0002g07350.1	Aqcoe7G205500.1.p
OG0015140	VIT_208s0007g05770.1	Aqcoe7G308500.1.p
OG0015141	VIT_205s0020g03630.1	Aqcoe7G104000.1.p, Aqcoe7G104800.1.p
OG0015144	VIT_209s0018g00300.1	Aqcoe7G357600.1.p
OG0015145	VIT_211s0016g00380.4, VIT_211s0016g00380.6, VIT_211s0016g00380.1, VIT_211s0016g00380.3, VIT_211s0016g00380.5, VIT_211s0016g00380.2	Aqcoe7G440400.2.p, Aqcoe7G440400.1.p
OG0015146	VIT_214s0066g00160.1	Aqcoe7G132600.1.p
OG0015147	VIT_211s0037g01205.1	Aqcoe7G345600.1.p
OG0015148	VIT_204s0008g01680.1	Aqcoe7G116500.1.p
OG0015149	VIT_211s0037g01220.2, VIT_211s0037g01220.1, VIT_211s0037g01220.3	Aqcoe7G339700.1.p
OG0015150	VIT_214s0006g00140.1	Aqcoe1G238300.1.p
OG0015152	VIT_212s0059g02400.1	Aqcoe1G355500.1.p
OG0015153	VIT_200s0941g00010.1	Aqcoe1G486100.1.p, Aqcoe1G186700.1.p
OG0015155	VIT_200s0521g00010.1, VIT_200s0687g00010.1, VIT_219s0027g01110.1	Aqcoe1G174000.1.p
OG0015156	VIT_200s0827g00040.1	Aqcoe1G296800.1.p, Aqcoe1G217100.1.p
OG0015160	VIT_203s0038g04530.1, VIT_203s0038g04520.1, VIT_212s0057g01070.1	Aqcoe1G314000.1.p
OG0015162	VIT_206s0004g08090.1	Aqcoe1G406600.1.p
OG0015164	VIT_206s0004g07890.1	Aqcoe1G400300.1.p
OG0015166	VIT_208s0040g02190.1	Aqcoe1G310400.1.p
OG0015167	VIT_213s0067g03160.1	Aqcoe1G502700.1.p
OG0015169	VIT_206s0080g01120.1	Aqcoe1G432700.1.p
OG0015171	VIT_213s0073g00240.1	Aqcoe1G080500.1.p, Aqcoe1G080500.2.p
OG0015172	VIT_204s0069g00295.1, VIT_204s0069g00710.1, VIT_204s0069g00530.1, VIT_204s0069g00280.1, VIT_204s0069g00320.1	Aqcoe0701s0001.1.p
OG0015173	VIT_214s0036g00860.1, VIT_214s0036g00870.1	Aqcoe5G189700.1.p
OG0015175	VIT_218s0001g12040.1	Aqcoe5G198600.1.p
OG0015176	VIT_211s0103g00560.2, VIT_211s0103g00560.1	Aqcoe5G316300.1.p
OG0015177	VIT_218s0001g01410.1	Aqcoe5G263000.1.p
OG0015178	VIT_216s0050g02550.1	Aqcoe5G451600.1.p
OG0015179	VIT_216s0050g01260.1	Aqcoe5G437700.1.p
OG0015180	VIT_214s0171g00180.3, VIT_214s0171g00180.2, VIT_214s0171g00180.5, VIT_214s0171g00180.4	Aqcoe3G191200.3.p, Aqcoe3G191200.2.p, Aqcoe5G427000.1.p
OG0015181	VIT_218s0075g00280.1, VIT_218s0001g08420.1	Aqcoe5G204300.1.p
OG0015182	VIT_212s0035g01045.1	Aqcoe5G147000.1.p
OG0015183	VIT_216s0050g02380.1, VIT_216s0050g02370.1	Aqcoe5G445500.1.p
OG0015184	VIT_207s0005g02450.1	Aqcoe5G288100.1.p
OG0015186	VIT_218s0001g07925.1	Aqcoe5G246800.1.p
OG0015187	VIT_200s1522g00010.1	Aqcoe5G167300.1.p
OG0015189	VIT_218s0001g03620.1	Aqcoe5G096700.1.p
OG0015190	VIT_214s0081g00690.1	Aqcoe5G032000.1.p
OG0015192	VIT_202s0087g00080.1, VIT_208s0007g04970.1	Aqcoe5G113100.1.p
OG0015193	VIT_217s0000g00165.1	Aqcoe3G262100.2.p, Aqcoe3G262100.1.p, Aqcoe3G262100.3.p
OG0015194	VIT_217s0000g05950.1	Aqcoe3G084500.1.p
OG0015195	VIT_204s0023g00620.1, VIT_204s0023g00620.2	Aqcoe3G365900.2.p, Aqcoe3G365900.1.p
OG0015198	VIT_201s0011g02830.1	Aqcoe3G393400.1.p
OG0015199	VIT_214s0030g01630.1, VIT_200s0788g00010.1, VIT_211s0052g01770.1, VIT_200s0194g00230.1	Aqcoe3G438500.4.p, Aqcoe3G438500.5.p
OG0015200	VIT_214s0006g02870.2, VIT_214s0006g02870.1	Aqcoe3G035500.1.p, Aqcoe3G035500.5.p, Aqcoe3G035500.4.p, Aqcoe3G035500.3.p, Aqcoe3G035500.2.p
OG0015202	VIT_201s0026g01200.1	Aqcoe3G316300.1.p
OG0015203	VIT_201s0011g04040.1	Aqcoe3G025000.1.p
OG0015205	VIT_215s0045g01150.1	Aqcoe3G229600.2.p, Aqcoe3G229600.1.p
OG0015210	VIT_217s0000g05260.1	Aqcoe3G370500.1.p
OG0015212	VIT_204s0008g03310.1	Aqcoe3G228600.1.p
OG0015213	VIT_201s0011g03770.1	Aqcoe3G032500.1.p
OG0015214	VIT_217s0000g02200.1, VIT_217s0000g02200.2	Aqcoe3G006900.1.p
OG0015215	VIT_201s0010g01460.1	Aqcoe3G008100.1.p
OG0015664	VIT_209s0096g00130.1, VIT_200s0145g00110.1, VIT_209s0096g00380.1	Aqcoe4G083200.1.p, Aqcoe0467s0001.1.p, Aqcoe0009s0006.1.p, Aqcoe4G256400.1.p
OG0015666	VIT_205s0077g00980.1	Aqcoe3G284600.1.p, Aqcoe2G271200.1.p
OG0015669	VIT_203s0038g00200.1, VIT_200s2496g00010.1, VIT_200s2436g00010.1, VIT_201s0011g00330.1	Aqcoe2G337100.1.p
OG0015673	VIT_214s0068g00650.1	Aqcoe2G055900.1.p
OG0015682	VIT_209s0002g02570.1	Aqcoe2G396200.1.p, Aqcoe2G396300.1.p
OG0015683	VIT_205s0077g01020.1	Aqcoe2G271400.1.p
OG0015688	VIT_213s0019g01850.1	Aqcoe1G315100.1.p, Aqcoe5G318000.1.p, Aqcoe0052s0001.1.p, Aqcoe5G312100.1.p, Aqcoe2G182700.1.p
OG0015692	VIT_206s0004g06750.1	Aqcoe2G091500.1.p
OG0015693	VIT_200s0505g00060.1	Aqcoe3G240500.1.p, Aqcoe2G189500.1.p
OG0015695	VIT_200s0324g00090.1	Aqcoe2G157600.1.p
OG0015696	VIT_213s0320g00010.1	Aqcoe2G058700.1.p
OG0015697	VIT_216s0050g01030.1, VIT_219s0027g01940.1, VIT_219s0027g01940.2	Aqcoe7G302300.1.p, Aqcoe2G267900.1.p
OG0015700	VIT_203s0088g00410.1	Aqcoe6G160400.1.p
OG0015701	VIT_218s0001g00370.2, VIT_218s0001g00370.1	Aqcoe6G197700.1.p, Aqcoe6G182100.1.p
OG0015702	VIT_209s0002g03330.1, VIT_209s0002g00290.1, VIT_209s0002g05850.1	Aqcoe4G147900.1.p, Aqcoe4G105100.2.p, Aqcoe4G105100.1.p, Aqcoe6G244700.1.p
OG0015706	VIT_216s0022g01780.1, VIT_216s0022g01780.3, VIT_216s0022g01780.2	Aqcoe6G010300.1.p
OG0015709	VIT_200s2379g00010.1	Aqcoe6G028300.1.p
OG0015710	VIT_215s0046g01990.1, VIT_200s0218g00190.1, VIT_200s1564g00005.1	Aqcoe6G090900.1.p
OG0015712	VIT_210s0092g00130.1	Aqcoe6G118100.1.p
OG0015713	VIT_206s0004g02680.6, VIT_206s0004g02680.4, VIT_206s0004g02680.5	Aqcoe6G193700.9.p, Aqcoe6G193700.8.p, Aqcoe6G193700.7.p, Aqcoe6G193700.6.p
OG0015714	VIT_200s0225g00225.1	Aqcoe3G203300.2.p, Aqcoe6G088600.1.p, Aqcoe3G203300.1.p, Aqcoe3G203200.1.p, Aqcoe3G150000.1.p, Aqcoe3G150200.1.p
OG0015718	VIT_212s0055g00950.1, VIT_212s0055g00950.2	Aqcoe6G062100.1.p
OG0015720	VIT_200s1683g00005.1, VIT_200s1818g00010.1	Aqcoe6G226500.1.p
OG0015721	VIT_203s0017g01340.4, VIT_203s0017g01340.2, VIT_203s0017g01340.1, VIT_203s0017g01340.3	Aqcoe6G078900.1.p
OG0015722	VIT_204s0023g02070.2, VIT_204s0023g02070.1, VIT_204s0023g02070.4, VIT_204s0023g02070.3	Aqcoe6G124000.1.p
OG0015723	VIT_218s0001g08660.1, VIT_200s0541g00010.1	Aqcoe6G260000.1.p
OG0015724	VIT_210s0071g01200.1, VIT_200s0366g00020.1, VIT_200s0366g00020.2	Aqcoe6G280200.1.p
OG0015725	VIT_204s0023g01715.1	Aqcoe6G118700.1.p
OG0015726	VIT_218s0041g01110.1	Aqcoe6G007000.1.p
OG0015735	VIT_219s0090g00730.1, VIT_210s0116g01580.1	Aqcoe3G144000.1.p, Aqcoe4G203000.1.p
OG0015736	VIT_212s0059g02770.1	Aqcoe4G253100.1.p
OG0015737	VIT_219s0090g01670.1	Aqcoe4G274000.1.p
OG0015742	VIT_213s0067g00320.1	Aqcoe4G034600.1.p
OG0015743	VIT_202s0012g00320.2, VIT_202s0012g00320.1	Aqcoe4G044100.2.p, Aqcoe4G044100.1.p, Aqcoe4G043900.1.p, Aqcoe3G241000.1.p
OG0015744	VIT_212s0142g00160.1	Aqcoe4G016800.1.p
OG0015745	VIT_207s0104g00460.7, VIT_207s0104g00460.5	Aqcoe4G147000.1.p, Aqcoe4G147000.2.p
OG0015747	VIT_211s0016g01580.1, VIT_203s0088g00240.1, VIT_218s0041g00960.1, VIT_218s0041g00870.1	Aqcoe4G181400.1.p
OG0015749	VIT_212s0142g00180.1, VIT_212s0142g00180.2	Aqcoe4G016900.2.p, Aqcoe4G016900.1.p
OG0015751	VIT_213s0019g04510.1	Aqcoe4G135600.1.p
OG0015754	VIT_213s0047g00260.1	Aqcoe4G301700.1.p
OG0015758	VIT_202s0025g02490.1	Aqcoe7G003100.1.p
OG0015759	VIT_218s0001g12410.1, VIT_213s0139g00240.1	Aqcoe1G134000.1.p
OG0015760	VIT_209s0018g01990.1	Aqcoe7G336900.1.p, Aqcoe7G336800.1.p, Aqcoe7G255000.1.p
OG0015761	VIT_211s0052g01820.1	Aqcoe7G332800.1.p
OG0015764	VIT_211s0065g00370.1, VIT_211s0065g00370.2	Aqcoe7G241100.2.p, Aqcoe7G241100.1.p
OG0015766	VIT_209s0002g05265.1	Aqcoe7G197400.1.p, Aqcoe7G197300.2.p, Aqcoe7G197300.1.p
OG0015767	VIT_209s0002g05660.1	Aqcoe7G204300.1.p, Aqcoe7G204300.2.p
OG0015768	VIT_211s0016g02190.1	Aqcoe7G427500.2.p, Aqcoe7G427500.1.p
OG0015770	VIT_213s0101g00230.1	Aqcoe3G028300.1.p, Aqcoe1G065900.1.p, Aqcoe7G259600.1.p
OG0015771	VIT_211s0052g00820.1	Aqcoe7G319100.1.p
OG0015772	VIT_202s0025g03170.1	Aqcoe7G188500.1.p
OG0015773	VIT_204s0008g05090.2, VIT_204s0008g05090.4, VIT_204s0008g05090.6, VIT_204s0008g05090.1, VIT_204s0008g05090.3, VIT_204s0008g05090.5	Aqcoe7G281300.1.p
OG0015774	VIT_211s0052g00490.1	Aqcoe7G307000.1.p
OG0015775	VIT_215s0046g02850.1, VIT_215s0046g02840.1	Aqcoe7G034800.1.p
OG0015776	VIT_211s0016g01040.1	Aqcoe7G435200.1.p
OG0015777	VIT_204s0043g00780.1, VIT_204s0043g00780.2	Aqcoe7G095900.1.p
OG0015778	VIT_215s0107g00400.1, VIT_211s0016g01170.1	Aqcoe7G112400.2.p, Aqcoe7G112400.3.p, Aqcoe7G112400.1.p
OG0015779	VIT_216s0050g00040.1	Aqcoe7G039400.1.p, Aqcoe7G039400.2.p
OG0015780	VIT_211s0016g00330.1, VIT_211s0016g00330.2	Aqcoe7G441700.2.p, Aqcoe7G441700.1.p
OG0015783	VIT_208s0007g00820.1	Aqcoe1G103500.1.p
OG0015784	VIT_206s0004g05160.1	Aqcoe1G104000.1.p
OG0015785	VIT_219s0140g00260.1, VIT_219s0140g00255.1	Aqcoe1G192200.1.p, Aqcoe1G191900.1.p, Aqcoe1G191700.1.p
OG0015786	VIT_210s0116g00150.3, VIT_210s0116g00150.2, VIT_210s0116g00150.1	Aqcoe1G299500.2.p, Aqcoe1G299500.1.p
OG0015788	VIT_213s0067g01460.1	Aqcoe1G407900.1.p
OG0015792	VIT_200s0220g00180.2, VIT_200s0220g00180.6, VIT_200s0220g00180.3, VIT_200s0220g00180.5, VIT_200s0220g00180.1, VIT_200s0220g00180.4	Aqcoe1G206600.3.p
OG0015795	VIT_208s0058g00900.1, VIT_208s0058g00910.1	Aqcoe1G395600.1.p
OG0015796	VIT_217s0053g00560.1	Aqcoe1G038300.1.p
OG0015797	VIT_208s0040g02110.1	Aqcoe1G496900.1.p
OG0015802	VIT_200s0125g00180.1	Aqcoe1G176700.1.p
OG0015803	VIT_206s0009g00790.1, VIT_208s0032g00470.6, VIT_206s0009g00810.7	Aqcoe1G069100.2.p
OG0015804	VIT_200s0246g00160.1	Aqcoe1G278200.1.p
OG0015805	VIT_200s0878g00020.1	Aqcoe1G376800.1.p
OG0015808	VIT_210s0003g01620.1, VIT_200s0625g00030.1	Aqcoe1G322600.1.p
OG0015810	VIT_217s0000g06965.1	Aqcoe3G060300.1.p, Aqcoe1G035900.1.p
OG0015813	VIT_217s0000g02110.1	Aqcoe5G047100.1.p
OG0015814	VIT_214s0066g00400.3, VIT_214s0066g00400.2, VIT_214s0066g00400.1	Aqcoe5G399200.1.p, Aqcoe5G399100.1.p
OG0015816	VIT_218s0001g15380.1	Aqcoe5G331300.1.p
OG0015817	VIT_203s0091g00750.1, VIT_203s0091g00750.2	Aqcoe5G100900.1.p
OG0015818	VIT_207s0104g01300.1, VIT_214s0030g01230.1	Aqcoe5G072800.3.p, Aqcoe5G072800.1.p, Aqcoe5G072800.2.p
OG0015819	VIT_217s0000g09760.2, VIT_217s0000g09760.3, VIT_217s0000g09760.1	Aqcoe3G136900.1.p, Aqcoe5G385400.1.p
OG0015821	VIT_209s0054g00960.1	Aqcoe5G000900.1.p
OG0015823	VIT_207s0129g00280.1	Aqcoe5G104100.1.p
OG0015824	VIT_204s0044g01450.1, VIT_204s0044g01450.2	Aqcoe5G266500.1.p
OG0015825	VIT_218s0122g00300.1	Aqcoe5G109600.1.p
OG0015826	VIT_218s0001g06900.1	Aqcoe5G302500.1.p
OG0015827	VIT_207s0031g01870.1	Aqcoe5G256400.1.p
OG0015829	VIT_204s0023g01070.1	Aqcoe5G201800.1.p
OG0015831	VIT_208s0007g02020.3, VIT_208s0007g02020.1, VIT_208s0007g02020.2	Aqcoe5G359300.1.p
OG0015832	VIT_202s0012g01010.2, VIT_202s0012g01010.1	Aqcoe3G228700.1.p
OG0015833	VIT_214s0066g00850.1	Aqcoe3G278300.1.p
OG0015834	VIT_210s0092g00300.1, VIT_210s0092g00300.2	Aqcoe3G356000.1.p
OG0015835	VIT_214s0108g01060.1	Aqcoe3G345700.1.p
OG0015836	VIT_216s0039g02410.2, VIT_216s0039g02410.1	Aqcoe3G209100.2.p, Aqcoe3G209100.1.p
OG0015837	VIT_202s0012g00160.1	Aqcoe3G248700.1.p
OG0015839	VIT_214s0066g01570.1, VIT_200s1217g00020.1, VIT_200s0809g00010.1	Aqcoe3G298600.1.p
OG0015841	VIT_214s0108g00100.1, VIT_214s0108g00110.1, VIT_214s0108g00110.2	Aqcoe3G088300.1.p, Aqcoe3G088400.1.p
OG0015842	VIT_204s0008g02120.1	Aqcoe3G412300.1.p, Aqcoe3G412300.2.p
OG0015843	VIT_213s0019g03630.6, VIT_213s0019g03630.4, VIT_213s0019g03630.5, VIT_213s0019g03630.3, VIT_213s0019g03630.2, VIT_213s0019g03630.1	Aqcoe3G247300.1.p
OG0015844	VIT_213s0073g00320.1	Aqcoe3G023000.1.p
OG0015850	VIT_201s0010g01710.1	Aqcoe3G430900.2.p, Aqcoe3G430900.1.p
OG0016512	VIT_206s0061g01350.1	Aqcoe2G127700.1.p
OG0016516	VIT_219s0014g03877.1, VIT_219s0014g03884.1, VIT_200s0238g00085.1	Aqcoe2G050300.1.p
OG0016519	VIT_205s0029g01130.1	Aqcoe2G419300.1.p
OG0016527	VIT_200s0360g00040.1	Aqcoe7G152500.1.p, Aqcoe2G406400.1.p
OG0016528	VIT_216s0039g00230.1	Aqcoe2G358400.1.p
OG0016533	VIT_206s0004g00160.1	Aqcoe2G000900.1.p
OG0016534	VIT_206s0004g01520.1	Aqcoe2G006400.1.p
OG0016535	VIT_202s0025g02300.1, VIT_202s0025g02280.1, VIT_202s0025g02290.1	Aqcoe2G140900.1.p
OG0016536	VIT_207s0005g02730.1, VIT_207s0005g02730.3, VIT_207s0005g02730.2	Aqcoe2G250000.1.p
OG0016540	VIT_217s0000g01915.1	Aqcoe2G191500.1.p, Aqcoe7G227400.1.p, Aqcoe2G191600.1.p, Aqcoe2G174300.1.p
OG0016549	VIT_204s0043g01040.1, VIT_200s0214g00120.1	Aqcoe2G386000.2.p, Aqcoe2G386000.1.p
OG0016551	VIT_207s0005g00020.1	Aqcoe2G302100.1.p
OG0016553	VIT_205s0049g02300.1	Aqcoe2G385500.1.p
OG0016555	VIT_207s0005g03700.1	Aqcoe2G377700.1.p
OG0016556	VIT_205s0020g02180.1	Aqcoe2G320900.1.p, Aqcoe5G068900.1.p
OG0016557	VIT_208s0056g00140.1	Aqcoe2G066800.1.p
OG0016561	VIT_211s0052g00720.1	Aqcoe1155s0001.1.p
OG0016567	VIT_200s0375g00060.1, VIT_200s0692g00010.1	Aqcoe6G229500.2.p, Aqcoe6G229500.1.p
OG0016569	VIT_218s0001g13350.1	Aqcoe6G313100.1.p
OG0016572	VIT_203s0017g01040.1	Aqcoe6G081900.1.p, Aqcoe6G082000.1.p
OG0016575	VIT_218s0122g00720.1	Aqcoe6G319700.1.p, Aqcoe6G319700.2.p
OG0016576	VIT_203s0038g02550.1	Aqcoe6G216000.1.p
OG0016577	VIT_218s0001g05310.1	Aqcoe6G063500.1.p
OG0016579	VIT_218s0072g00450.1	Aqcoe6G041000.1.p
OG0016581	VIT_218s0001g07780.1	Aqcoe6G089000.1.p
OG0016582	VIT_218s0001g15680.1, VIT_218s0001g15680.2	Aqcoe6G041800.1.p
OG0016589	VIT_203s0063g01320.1, VIT_203s0063g01220.1	Aqcoe6G098500.1.p
OG0016595	VIT_206s0061g01370.1	Aqcoe6G282600.1.p
OG0016596	VIT_203s0063g01470.1	Aqcoe6G101800.1.p
OG0016599	VIT_206s0004g03210.1	Aqcoe6G294400.1.p, Aqcoe1G064100.1.p
OG0016602	VIT_210s0116g00170.1, VIT_210s0116g00170.2	Aqcoe1G299600.1.p, Aqcoe6G239300.1.p
OG0016612	VIT_218s0001g09020.1	Aqcoe4G240700.1.p
OG0016613	VIT_212s0028g03900.1	Aqcoe4G122700.1.p, Aqcoe4G119300.1.p
OG0016614	VIT_219s0015g02492.1, VIT_219s0015g02492.2, VIT_219s0015g02955.1	Aqcoe4G290300.1.p, Aqcoe1G235700.1.p, Aqcoe4G300000.1.p
OG0016617	VIT_210s0003g02190.4, VIT_210s0003g02190.9, VIT_210s0003g02190.7, VIT_210s0003g02190.3	Aqcoe4G021700.1.p
OG0016621	VIT_219s0014g01430.1, VIT_219s0014g01430.2, VIT_219s0014g01430.3	Aqcoe4G047800.2.p, Aqcoe4G047800.1.p
OG0016623	VIT_219s0014g01960.1	Aqcoe4G066500.1.p
OG0016624	VIT_203s0038g04640.1, VIT_209s0002g08200.1, VIT_200s2678g00005.1, VIT_209s0002g09290.1	Aqcoe4G094500.1.p
OG0016625	VIT_200s0285g00020.1, VIT_211s0065g00950.1	Aqcoe4G123400.1.p
OG0016627	VIT_200s0187g00280.1, VIT_200s0187g00320.1	Aqcoe4G285700.1.p
OG0016629	VIT_217s0000g02040.1	Aqcoe7G383100.1.p
OG0016631	VIT_213s0064g01560.1, VIT_213s0064g01530.1, VIT_213s0064g01680.1	Aqcoe7G301100.1.p
OG0016634	VIT_209s0018g01210.1	Aqcoe7G219700.1.p
OG0016640	VIT_202s0025g02120.1	Aqcoe7G006300.1.p, Aqcoe7G006300.2.p
OG0016643	VIT_211s0016g00550.1	Aqcoe7G437200.2.p, Aqcoe7G437200.1.p
OG0016644	VIT_202s0025g03770.1	Aqcoe7G037800.1.p
OG0016645	VIT_216s0050g01080.1, VIT_216s0050g01080.4, VIT_216s0050g01080.3, VIT_216s0050g01080.2	Aqcoe7G024800.1.p
OG0016646	VIT_209s0002g00670.1	Aqcoe7G438100.1.p
OG0016650	VIT_200s0760g00010.1	Aqcoe7G318000.1.p
OG0016651	VIT_216s0050g00020.1	Aqcoe7G039700.1.p
OG0016654	VIT_211s0016g00070.1	Aqcoe7G100200.1.p
OG0016657	VIT_201s0011g01580.1, VIT_205s0049g02103.1, VIT_201s0011g01985.1	Aqcoe7G367200.1.p, Aqcoe7G367200.2.p, Aqcoe7G367200.3.p
OG0016660	VIT_204s0008g05110.1	Aqcoe7G281100.1.p
OG0016666	VIT_213s0047g00735.1, VIT_213s0067g00560.1	Aqcoe1G024200.2.p, Aqcoe1G024200.1.p
OG0016668	VIT_210s0003g00820.1	Aqcoe1G241000.2.p, Aqcoe1G241000.1.p, Aqcoe1G240900.1.p, Aqcoe1G240900.2.p, Aqcoe1G240800.1.p
OG0016671	VIT_208s0007g03280.3, VIT_208s0007g03280.4, VIT_208s0007g03280.2, VIT_208s0007g03280.5	Aqcoe1G100100.4.p, Aqcoe1G100100.3.p
OG0016673	VIT_216s0039g01680.1	Aqcoe1G423100.1.p, Aqcoe1G423100.2.p, Aqcoe1G423100.3.p
OG0016674	VIT_217s0000g05010.1	Aqcoe3G373000.1.p, Aqcoe1G252500.1.p, Aqcoe3G373500.1.p, Aqcoe3G286500.1.p, Aqcoe3G373200.1.p
OG0016675	VIT_206s0004g08160.1, VIT_206s0004g08160.2	Aqcoe1G146100.1.p
OG0016676	VIT_208s0007g04350.1	Aqcoe1G119500.1.p
OG0016680	VIT_212s0059g01720.1	Aqcoe1G319000.1.p
OG0016684	VIT_214s0030g02285.1	Aqcoe5G041300.1.p
OG0016685	VIT_205s0020g04130.3, VIT_214s0030g01960.5	Aqcoe5G046600.2.p
OG0016686	VIT_218s0122g00460.1	Aqcoe5G112500.1.p
OG0016690	VIT_214s0068g02010.1	Aqcoe5G357600.1.p
OG0016691	VIT_203s0038g04210.3, VIT_203s0038g04210.4, VIT_203s0038g04210.2, VIT_203s0038g04210.1	Aqcoe5G109200.2.p, Aqcoe5G109200.1.p
OG0016692	VIT_205s0062g01125.2, VIT_205s0062g01125.1	Aqcoe5G002300.1.p
OG0016693	VIT_202s0025g03220.3, VIT_202s0025g03220.4, VIT_202s0025g03220.1, VIT_202s0025g03220.2	Aqcoe5G478400.2.p, Aqcoe5G478400.1.p
OG0016694	VIT_201s0150g00530.1	Aqcoe5G311000.1.p
OG0016697	VIT_202s0025g03030.2, VIT_202s0025g03030.1, VIT_202s0025g03040.1	Aqcoe5G473300.1.p
OG0016698	VIT_204s0043g00350.1	Aqcoe5G012400.1.p
OG0016699	VIT_217s0000g01275.1	Aqcoe5G350900.1.p
OG0016700	VIT_212s0055g00340.1	Aqcoe5G273600.1.p
OG0016701	VIT_218s0076g00340.1	Aqcoe5G245300.1.p
OG0016702	VIT_216s0098g00740.1	Aqcoe5G474100.1.p
OG0016704	VIT_216s0098g00570.1	Aqcoe5G477700.1.p
OG0016706	VIT_218s0122g00290.1	Aqcoe5G109500.1.p
OG0016708	VIT_218s0001g09630.1	Aqcoe5G133100.1.p
OG0016715	VIT_201s0011g00630.1	Aqcoe3G358900.1.p
OG0016716	VIT_201s0011g06610.1	Aqcoe3G423000.1.p
OG0016718	VIT_201s0026g00500.1, VIT_201s0026g00480.1	Aqcoe3G111200.1.p, Aqcoe3G110700.1.p, Aqcoe3G111600.1.p
OG0016722	VIT_204s0079g00360.1	Aqcoe3G420300.1.p
OG0016726	VIT_217s0000g01660.1	Aqcoe3G415900.1.p, Aqcoe3G415900.2.p
OG0016727	VIT_215s0045g01200.1, VIT_215s0045g01160.1	Aqcoe3G228800.1.p
OG0016728	VIT_201s0010g03530.2	Aqcoe3G197200.5.p, Aqcoe3G197200.3.p, Aqcoe3G197200.2.p, Aqcoe3G197200.4.p
OG0016729	VIT_202s0033g01100.1	Aqcoe3G185000.1.p
OG0016730	VIT_201s0011g04380.1	Aqcoe3G405100.1.p
OG0016732	VIT_211s0103g00240.2, VIT_211s0103g00240.1, VIT_217s0119g00400.1, VIT_211s0103g00240.4, VIT_211s0103g00240.3	Aqcoe3G391200.2.p
OG0016733	VIT_214s0066g02510.1	Aqcoe3G097000.1.p
OG0016734	VIT_214s0108g00600.1	Aqcoe3G339600.1.p
OG0017568	VIT_209s0070g00360.1	Aqcoe0416s0002.1.p, Aqcoe0416s0002.3.p, Aqcoe0416s0002.2.p
OG0017575	VIT_200s0253g00010.1, VIT_200s1380g00020.1, VIT_203s0063g02220.1	Aqcoe2G394300.1.p
OG0017578	VIT_219s0015g01170.1, VIT_218s0001g01170.1, VIT_219s0015g01165.1, VIT_218s0152g00016.1	Aqcoe2G092700.1.p
OG0017580	VIT_201s0010g02130.1	Aqcoe2G172800.1.p, Aqcoe6G275700.1.p, Aqcoe7G172200.1.p
OG0017584	VIT_216s0100g00190.1	Aqcoe2G202900.1.p
OG0017586	VIT_213s0074g00570.1, VIT_213s0074g00570.2	Aqcoe2G187100.2.p, Aqcoe2G187100.3.p
OG0017588	VIT_206s0004g00390.4, VIT_206s0004g00390.1, VIT_206s0004g00390.3, VIT_206s0004g00390.2	Aqcoe2G058000.1.p
OG0017589	VIT_214s0060g00490.1	Aqcoe2G256300.1.p
OG0017591	VIT_213s0067g01670.1	Aqcoe2G085900.1.p
OG0017593	VIT_205s0062g01360.1	Aqcoe2G422700.1.p
OG0017597	VIT_206s0080g00810.1	Aqcoe2G115300.1.p
OG0017598	VIT_205s0020g01355.1	Aqcoe2G304900.1.p
OG0017601	VIT_207s0151g00320.1	Aqcoe2G405500.1.p
OG0017604	VIT_216s0050g01500.1	Aqcoe2G042100.1.p
OG0017614	VIT_207s0130g00290.1	Aqcoe6G010900.1.p
OG0017615	VIT_210s0003g00750.1	Aqcoe6G326800.1.p
OG0017621	VIT_216s0039g00150.1	Aqcoe6G275400.1.p, Aqcoe0008s0006.1.p, Aqcoe6G202900.1.p
OG0017622	VIT_218s0122g00980.1	Aqcoe6G170400.1.p
OG0017632	VIT_204s0044g01205.1	Aqcoe6G036100.1.p
OG0017634	VIT_200s0270g00120.1	Aqcoe6G187100.1.p, Aqcoe6G187000.1.p
OG0017635	VIT_218s0001g10530.1	Aqcoe6G141500.1.p
OG0017637	VIT_218s0001g06300.1, VIT_218s0001g06300.2	Aqcoe6G073000.1.p
OG0017641	VIT_207s0031g01290.1	Aqcoe6G055300.1.p
OG0017643	VIT_209s0002g08645.1	Aqcoe6G203000.1.p
OG0017646	VIT_204s0044g00220.2, VIT_204s0044g00220.1, VIT_204s0044g00270.1	Aqcoe6G040600.1.p, Aqcoe6G040300.1.p
OG0017649	VIT_200s0324g00030.1	Aqcoe6G082800.1.p
OG0017652	VIT_200s0332g00030.1	Aqcoe1G068200.1.p, Aqcoe6G264800.1.p
OG0017653	VIT_218s0001g06140.1	Aqcoe6G080800.1.p
OG0017655	VIT_203s0063g01430.1	Aqcoe6G100100.1.p
OG0017656	VIT_218s0001g15340.1	Aqcoe6G036200.1.p
OG0017671	VIT_204s0069g01120.1, VIT_204s0210g00140.1	Aqcoe4G273900.1.p
OG0017677	VIT_205s0020g04750.1, VIT_205s0020g04750.2	Aqcoe4G300700.1.p, Aqcoe4G300600.1.p
OG0017683	VIT_210s0003g04270.2, VIT_210s0003g04270.1	Aqcoe4G011400.1.p
OG0017686	VIT_210s0523g00010.1	Aqcoe4G165400.1.p, Aqcoe5G126800.1.p
OG0017691	VIT_200s0125g00410.1	Aqcoe4G090500.1.p
OG0017699	VIT_212s0059g02710.2, VIT_212s0059g02720.1, VIT_212s0059g02710.1, VIT_208s0007g06860.1	Aqcoe4G236500.1.p
OG0017700	VIT_201s0150g00410.1	Aqcoe4G078500.1.p, Aqcoe3G207500.1.p
OG0017711	VIT_209s0002g09100.1	Aqcoe7G367500.1.p
OG0017712	VIT_205s0049g01300.1	Aqcoe7G100500.2.p, Aqcoe7G100500.3.p, Aqcoe7G100500.1.p
OG0017713	VIT_213s0064g01070.1	Aqcoe7G087100.1.p
OG0017714	VIT_211s0016g02370.1	Aqcoe7G131400.1.p
OG0017719	VIT_204s0008g02380.1	Aqcoe7G327400.1.p
OG0017721	VIT_209s0002g09085.1	Aqcoe7G196400.1.p
OG0017722	VIT_208s0007g07600.4, VIT_208s0007g07600.2	Aqcoe7G326000.1.p
OG0017723	VIT_213s0019g00285.1	Aqcoe7G366600.1.p
OG0017724	VIT_200s0181g00160.1	Aqcoe7G120500.1.p
OG0017726	VIT_216s0100g01260.1, VIT_216s0100g01260.2, VIT_216s0100g01260.3	Aqcoe7G040100.1.p, Aqcoe7G040100.2.p
OG0017727	VIT_209s0018g01910.1	Aqcoe7G321400.1.p
OG0017729	VIT_205s0049g02035.1, VIT_205s0049g02070.1	Aqcoe7G045800.1.p
OG0017730	VIT_202s0087g00370.1	Aqcoe7G096900.1.p, Aqcoe3G167300.1.p
OG0017732	VIT_209s0002g04060.1	Aqcoe7G163300.1.p
OG0017733	VIT_204s0008g01220.1	Aqcoe7G126900.2.p, Aqcoe7G126900.3.p, Aqcoe7G126900.1.p
OG0017735	VIT_211s0016g03340.1	Aqcoe7G020400.2.p, Aqcoe7G020400.1.p
OG0017737	VIT_208s0007g00850.1	Aqcoe1G102200.1.p, Aqcoe1G102500.1.p, Aqcoe1G102700.1.p, Aqcoe1G102400.1.p
OG0017738	VIT_210s0003g05830.1	Aqcoe1G172000.1.p
OG0017742	VIT_210s0597g00010.1	Aqcoe1G273000.1.p
OG0017752	VIT_213s0019g02950.1	Aqcoe1G378600.1.p
OG0017757	VIT_200s0201g00020.1	Aqcoe1G016900.1.p
OG0017759	VIT_212s0028g02630.3, VIT_212s0028g02630.5	Aqcoe1G245600.4.p
OG0017763	VIT_218s0122g01400.1	Aqcoe1G155300.1.p
OG0017765	VIT_204s0043g00660.1, VIT_215s0021g00510.1	Aqcoe1G306800.1.p, Aqcoe5G186600.1.p, Aqcoe3G120900.1.p
OG0017766	VIT_210s0003g00030.1	Aqcoe1G258100.1.p, Aqcoe1G258100.2.p
OG0017767	VIT_213s0019g03570.1	Aqcoe1G488200.1.p, Aqcoe1G488200.2.p
OG0017768	VIT_212s0059g01090.6	Aqcoe1G300500.2.p, Aqcoe1G300500.1.p
OG0017770	VIT_206s0004g02320.2, VIT_206s0004g02320.1, VIT_206s0004g02320.3	Aqcoe1G031600.1.p, Aqcoe1G031600.2.p
OG0017773	VIT_213s0156g00170.4, VIT_213s0156g00170.6, VIT_213s0156g00170.3, VIT_213s0156g00170.5	Aqcoe1G003500.2.p
OG0017775	VIT_202s0012g02580.1, VIT_206s0009g02150.1, VIT_210s0042g00630.1, VIT_205s0029g00530.1	Aqcoe1G150300.1.p
OG0017777	VIT_206s0004g04825.1	Aqcoe1G457900.1.p
OG0017781	VIT_202s0025g03250.1	Aqcoe5G382500.1.p, Aqcoe5G382500.2.p
OG0017783	VIT_217s0000g00370.2, VIT_217s0000g00370.1, VIT_217s0000g00370.3	Aqcoe5G223600.1.p
OG0017787	VIT_215s0046g00720.1	Aqcoe5G462600.1.p
OG0017789	VIT_214s0030g01790.2, VIT_214s0030g01790.1	Aqcoe5G056400.1.p
OG0017790	VIT_212s0057g01490.1, VIT_212s0057g01490.2, VIT_212s0057g01490.3	Aqcoe5G119300.1.p, Aqcoe5G119300.2.p
OG0017791	VIT_214s0081g00520.1, VIT_207s0141g00690.1	Aqcoe5G038100.1.p
OG0017796	VIT_216s0039g02830.1	Aqcoe5G355200.1.p
OG0017799	VIT_218s0122g00810.2, VIT_218s0122g00810.1	Aqcoe5G114000.1.p
OG0017802	VIT_207s0151g00610.1	Aqcoe5G050600.1.p
OG0017803	VIT_201s0150g00330.2, VIT_201s0150g00330.1	Aqcoe5G336200.3.p, Aqcoe5G336200.1.p, Aqcoe5G336200.2.p
OG0017804	VIT_202s0025g02885.1, VIT_204s0044g00085.1	Aqcoe5G096900.1.p
OG0017805	VIT_204s0044g01960.1	Aqcoe5G112400.1.p
OG0017806	VIT_204s0023g01480.4, VIT_204s0023g01480.3, VIT_204s0023g01480.2, VIT_204s0023g01480.1	Aqcoe5G196400.1.p
OG0017807	VIT_207s0151g00420.1, VIT_200s0494g00030.1	Aqcoe5G094700.1.p
OG0017808	VIT_203s0038g02850.1	Aqcoe5G129500.1.p
OG0017811	VIT_217s0000g09310.1	Aqcoe5G398200.1.p
OG0017813	VIT_218s0001g02650.2	Aqcoe5G177300.2.p
OG0017814	VIT_218s0001g04270.1	Aqcoe5G275100.1.p
OG0017815	VIT_200s0525g00050.4	Aqcoe5G095600.5.p, Aqcoe5G095600.7.p
OG0017817	VIT_204s0023g02980.1	Aqcoe5G178800.1.p
OG0017818	VIT_211s0065g01110.1	Aqcoe5G032300.1.p
OG0017827	VIT_212s0035g00040.1, VIT_209s0070g00750.1, VIT_215s0107g00220.1	Aqcoe3G092100.2.p, Aqcoe3G091900.1.p
OG0017828	VIT_210s0071g00610.3, VIT_210s0071g00610.2, VIT_210s0071g00610.1	Aqcoe3G440200.1.p
OG0017829	VIT_218s0001g09570.1, VIT_205s0077g02180.2, VIT_205s0077g02180.3, VIT_205s0077g02180.1	Aqcoe3G426700.1.p
OG0017832	VIT_214s0006g00843.1	Aqcoe3G417700.1.p
OG0017836	VIT_214s0060g00950.1, VIT_214s0060g00950.3, VIT_214s0060g00950.2	Aqcoe3G289500.1.p, Aqcoe3G289500.2.p
OG0017838	VIT_217s0000g04480.1	Aqcoe3G052000.1.p
OG0017843	VIT_200s0204g00130.1	Aqcoe3G243200.1.p
OG0017845	VIT_210s0071g00270.1	Aqcoe3G440000.1.p, Aqcoe3G440000.4.p, Aqcoe3G440000.2.p, Aqcoe3G440000.3.p
OG0019086	VIT_208s0056g00240.1, VIT_208s0056g00240.2	Aqcoe2G073000.1.p
OG0019088	VIT_214s0060g00200.1	Aqcoe2G238500.1.p
OG0019094	VIT_214s0060g01120.1	Aqcoe2G272300.1.p
OG0019095	VIT_200s0854g00030.1	Aqcoe2G199500.1.p
OG0019096	VIT_208s0007g04740.3	Aqcoe2G212800.3.p, Aqcoe2G212800.2.p
OG0019097	VIT_208s0007g00230.1	Aqcoe2G148600.1.p, Aqcoe6G158300.1.p
OG0019106	VIT_200s0252g00080.1	Aqcoe2G166100.1.p
OG0019121	VIT_208s0056g00130.1	Aqcoe2G070900.1.p
OG0019126	VIT_205s0020g01815.1	Aqcoe2G311100.1.p
OG0019130	VIT_207s0104g01230.2, VIT_207s0104g01230.1, VIT_207s0104g01230.3	Aqcoe2G315700.2.p
OG0019141	VIT_208s0007g04170.2	Aqcoe2G184400.4.p
OG0019142	VIT_205s0020g04000.1	Aqcoe2G351800.1.p
OG0019148	VIT_207s0005g00870.1	Aqcoe3G077000.1.p, Aqcoe3G234800.1.p, Aqcoe2G285700.1.p
OG0019150	VIT_211s0016g01000.1, VIT_211s0016g01030.1	Aqcoe2G379400.1.p
OG0019152	VIT_214s0060g01590.1	Aqcoe2G283700.1.p
OG0019158	VIT_204s0044g00065.1	Aqcoe6G174700.1.p
OG0019163	VIT_206s0009g01190.1	Aqcoe6G223700.1.p
OG0019171	VIT_204s0023g03580.1	Aqcoe6G213200.1.p
OG0019175	VIT_211s0052g00360.1, VIT_206s0004g04736.1	Aqcoe6G117000.1.p
OG0019181	VIT_218s0001g07840.1	Aqcoe6G071000.1.p
OG0019186	VIT_218s0001g14660.3, VIT_218s0001g14660.2	Aqcoe6G224900.2.p
OG0019192	VIT_212s0028g02626.1	Aqcoe1G244000.1.p, Aqcoe6G050700.1.p
OG0019199	VIT_218s0001g05270.2, VIT_218s0001g05270.5, VIT_218s0001g05270.3	Aqcoe6G063300.2.p
OG0019202	VIT_204s0023g01890.1	Aqcoe6G121400.2.p, Aqcoe6G121400.1.p
OG0019204	VIT_207s0031g02130.2	Aqcoe6G172200.2.p
OG0019205	VIT_218s0001g03880.1	Aqcoe6G016800.1.p
OG0019207	VIT_210s0116g01880.5, VIT_210s0116g01880.4, VIT_210s0116g01880.3	Aqcoe0790s0001.1.p
OG0019214	VIT_210s0003g01575.1	Aqcoe4G031800.1.p
OG0019218	VIT_213s0084g00760.1	Aqcoe0025s0001.1.p, Aqcoe4G156900.1.p, Aqcoe3G254900.1.p
OG0019223	VIT_212s0059g02570.2, VIT_212s0059g02570.1	Aqcoe4G054500.1.p, Aqcoe4G245800.1.p
OG0019233	VIT_200s0340g00060.1	Aqcoe4G165300.1.p
OG0019244	VIT_217s0000g07440.3	Aqcoe4G187100.1.p, Aqcoe5G296700.1.p, Aqcoe7G322800.1.p
OG0019251	VIT_218s0001g14420.1, VIT_218s0001g14423.1	Aqcoe4G132300.1.p, Aqcoe4G132200.1.p
OG0019255	VIT_200s0187g00370.1	Aqcoe4G288000.1.p, Aqcoe1G334700.1.p
OG0019262	VIT_205s0094g01440.1	Aqcoe4G000600.1.p
OG0019263	VIT_217s0000g04930.1, VIT_213s0084g00525.1, VIT_213s0084g00380.1	Aqcoe4G127800.1.p
OG0019267	VIT_205s0062g01160.1	Aqcoe4G053100.1.p
OG0019281	VIT_211s0016g00190.2, VIT_216s0022g00340.1, VIT_211s0016g00190.1	Aqcoe7G443600.1.p
OG0019286	VIT_202s0025g01310.1	Aqcoe7G013800.1.p
OG0019287	VIT_211s0037g01210.3, VIT_211s0037g01210.2	Aqcoe7G339800.2.p
OG0019289	VIT_215s0021g02220.1	Aqcoe5G042300.1.p, Aqcoe1G138500.1.p, Aqcoe7G294700.1.p
OG0019293	VIT_204s0008g00220.1, VIT_204s0008g00220.2, VIT_204s0008g00220.3	Aqcoe7G151100.2.p
OG0019296	VIT_211s0016g02500.1	Aqcoe7G174200.1.p
OG0019298	VIT_202s0087g00720.1	Aqcoe7G097300.1.p
OG0019302	VIT_216s0098g00990.1	Aqcoe7G064100.1.p
OG0019303	VIT_204s0008g06760.1	Aqcoe7G238000.1.p
OG0019312	VIT_200s2082g00010.2, VIT_200s2082g00010.3, VIT_200s2082g00010.1	Aqcoe7G276100.1.p
OG0019317	VIT_215s0107g00500.1	Aqcoe0099s0001.1.p, Aqcoe0099s0001.3.p, Aqcoe0099s0001.2.p
OG0019319	VIT_206s0004g07820.1	Aqcoe1G398600.1.p, Aqcoe1G398400.1.p
OG0019322	VIT_213s0156g00110.1	Aqcoe1G017000.1.p
OG0019325	VIT_200s0357g00130.1, VIT_200s0357g00130.2	Aqcoe1G457200.1.p, Aqcoe5G262600.1.p
OG0019326	VIT_204s0008g00480.1	Aqcoe1G194900.2.p, Aqcoe1G194900.1.p, Aqcoe1G194900.3.p
OG0019329	VIT_216s0039g02603.1, VIT_208s0007g07850.1	Aqcoe1G033900.1.p
OG0019333	VIT_219s0085g00540.1	Aqcoe1G306000.1.p
OG0019334	VIT_212s0055g01310.1	Aqcoe1G360900.1.p, Aqcoe5G266300.1.p
OG0019346	VIT_212s0028g02480.3, VIT_212s0028g02480.2, VIT_212s0028g02480.1	Aqcoe1G283400.1.p
OG0019348	VIT_208s0040g01660.1	Aqcoe1G139000.1.p
OG0019350	VIT_212s0028g02080.2, VIT_212s0028g02080.1, VIT_212s0028g02080.3	Aqcoe1G224100.1.p
OG0019351	VIT_201s0011g00920.1	Aqcoe1G123700.1.p
OG0019356	VIT_213s0019g03355.1	Aqcoe1G084400.1.p
OG0019358	VIT_212s0034g02020.1	Aqcoe1G159300.1.p
OG0019359	VIT_212s0028g00500.1	Aqcoe1G195400.1.p
OG0019363	VIT_210s0116g01620.3, VIT_210s0116g01620.2, VIT_210s0116g01620.1	Aqcoe1G229700.1.p
OG0019370	VIT_215s0046g01400.3	Aqcoe5G444300.2.p
OG0019371	VIT_207s0031g01835.2, VIT_207s0031g01835.1	Aqcoe5G255000.1.p
OG0019375	VIT_210s0042g00130.1	Aqcoe5G103900.1.p
OG0019377	VIT_201s0150g00300.1	Aqcoe5G331900.1.p
OG0019384	VIT_216s0115g00490.1, VIT_210s0116g01250.1, VIT_216s0115g00480.1	Aqcoe5G306400.1.p
OG0019385	VIT_216s0022g00625.1	Aqcoe5G090900.1.p
OG0019388	VIT_204s0023g01025.1	Aqcoe5G201900.1.p
OG0019390	VIT_209s0002g01970.1, VIT_209s0002g01965.1, VIT_209s0002g02370.1	Aqcoe5G062200.1.p
OG0019392	VIT_207s0005g03075.1	Aqcoe5G029100.1.p
OG0019403	VIT_202s0025g03070.1	Aqcoe5G477500.1.p
OG0019404	VIT_217s0000g02190.3, VIT_217s0000g02190.1	Aqcoe5G102300.2.p, Aqcoe5G102300.1.p
OG0019406	VIT_218s0001g09690.1	Aqcoe5G132200.1.p, Aqcoe5G132200.2.p, Aqcoe5G132200.3.p
OG0019411	VIT_207s0005g02350.1	Aqcoe5G452600.1.p
OG0019413	VIT_207s0005g05350.1	Aqcoe5G008200.1.p
OG0019418	VIT_202s0488g00010.1	Aqcoe3G095100.1.p
OG0019421	VIT_213s0019g05000.3	Aqcoe3G435600.2.p
OG0019423	VIT_206s0009g02220.1	Aqcoe3G290200.1.p
OG0019425	VIT_217s0000g07680.1	Aqcoe3G308400.1.p
OG0019426	VIT_217s0000g04880.1	Aqcoe3G377500.1.p
OG0019430	VIT_202s0012g00460.4	Aqcoe3G246300.6.p, Aqcoe3G246300.3.p, Aqcoe3G246300.5.p
OG0019431	VIT_216s0039g00210.1	Aqcoe3G443500.1.p
OG0019432	VIT_201s0011g06190.6, VIT_201s0011g06190.4, VIT_201s0011g06190.5	Aqcoe3G409100.3.p
OG0019434	VIT_217s0000g09495.1	Aqcoe3G140700.1.p
OG0019437	VIT_219s0014g00360.1	Aqcoe3G310700.1.p
OG0019438	VIT_214s0066g00860.1	Aqcoe3G278800.1.p
OG0019439	VIT_201s0026g01870.2, VIT_201s0026g01870.1	Aqcoe3G086200.1.p
OG0019441	VIT_214s0066g02400.4	Aqcoe3G106600.4.p
OG0019443	VIT_218s0122g01420.1	Aqcoe3G239800.1.p
OG0019451	VIT_214s0108g00990.1	Aqcoe3G079100.1.p
OG0019455	VIT_201s0011g05040.1	Aqcoe3G001100.1.p
OG0019457	VIT_217s0119g00300.1	Aqcoe3G057200.1.p
OG0021515	VIT_200s1221g00010.1, VIT_200s0207g00300.1	Aqcoe0358s0002.1.p
OG0021522	VIT_206s0004g00020.1, VIT_206s0004g00020.2	Aqcoe2G001600.1.p
OG0021525	VIT_201s0011g01070.1	Aqcoe2G159900.1.p
OG0021533	VIT_200s0174g00090.1, VIT_200s0269g00040.1	Aqcoe2G430200.1.p
OG0021544	VIT_200s0332g00090.1	Aqcoe2G198700.1.p
OG0021545	VIT_200s1206g00015.1	Aqcoe2G177000.1.p, Aqcoe2G177000.2.p
OG0021552	VIT_207s0005g01900.1, VIT_207s0005g01865.1	Aqcoe2G264100.1.p
OG0021555	VIT_212s0121g00325.1	Aqcoe2G258300.1.p, Aqcoe2G258300.2.p
OG0021560	VIT_213s0067g03280.1	Aqcoe2G075000.1.p
OG0021577	VIT_218s0111g00081.1, VIT_200s0193g00093.1	Aqcoe2G245000.1.p
OG0021584	VIT_205s0020g01690.1	Aqcoe2G308500.1.p
OG0021596	VIT_205s0077g01890.1	Aqcoe2G287900.1.p
OG0021599	VIT_207s0005g01160.1	Aqcoe2G279600.2.p, Aqcoe2G279600.1.p
OG0021606	VIT_207s0129g00115.1	Aqcoe2G218300.1.p, Aqcoe6G199000.1.p
OG0021610	VIT_211s0103g00290.1	Aqcoe2G363500.1.p, Aqcoe2G363500.2.p
OG0021612	VIT_207s0104g00640.1, VIT_207s0104g00650.1	Aqcoe2G325500.1.p
OG0021618	VIT_205s0124g00060.1	Aqcoe2G075200.1.p
OG0021622	VIT_207s0005g02470.1	Aqcoe2G239400.2.p, Aqcoe2G239400.1.p
OG0021624	VIT_207s0005g02080.1	Aqcoe2G259100.1.p
OG0021631	VIT_213s0101g00410.3	Aqcoe2G122600.4.p, Aqcoe2G122600.3.p
OG0021635	VIT_203s0038g04040.4, VIT_203s0038g04040.3	Aqcoe6G163400.2.p
OG0021649	VIT_212s0057g00640.1	Aqcoe6G184500.1.p
OG0021651	VIT_201s0150g00230.1	Aqcoe6G134900.1.p
OG0021673	VIT_201s0011g04370.8	Aqcoe6G054600.6.p, Aqcoe6G054600.3.p
OG0021674	VIT_204s0023g02775.1	Aqcoe6G178700.1.p
OG0021689	VIT_218s0001g14010.3	Aqcoe6G207900.2.p
OG0021694	VIT_205s0077g02000.1	Aqcoe0247s0003.1.p
OG0021730	VIT_200s0271g00110.2	Aqcoe4G268800.3.p
OG0021736	VIT_218s0001g12700.1	Aqcoe4G125500.1.p
OG0021754	VIT_212s0028g02370.3, VIT_212s0028g02370.4	Aqcoe4G051400.2.p
OG0021758	VIT_212s0028g01750.1	Aqcoe4G032000.1.p
OG0021770	VIT_215s0048g01710.1, VIT_215s0048g01710.2	Aqcoe7G059000.1.p
OG0021778	VIT_211s0016g04440.1	Aqcoe7G194400.1.p
OG0021788	VIT_216s0098g01290.2	Aqcoe7G003600.2.p
OG0021801	VIT_209s0070g00490.2	Aqcoe7G248200.1.p
OG0021806	VIT_218s0001g01350.2, VIT_218s0001g01350.1	Aqcoe7G134700.1.p
OG0021807	VIT_214s0068g00760.1	Aqcoe7G386100.1.p, Aqcoe7G381300.1.p
OG0021809	VIT_214s0108g01150.1	Aqcoe7G195400.1.p
OG0021815	VIT_208s0007g00080.1	Aqcoe1G466800.1.p, Aqcoe1G466800.2.p
OG0021817	VIT_200s0250g00050.1	Aqcoe1G121600.2.p, Aqcoe1G121600.1.p
OG0021831	VIT_206s0080g00300.1	Aqcoe1G447600.1.p
OG0021836	VIT_212s0028g03640.1	Aqcoe1G266600.1.p
OG0021842	VIT_207s0129g01030.1	Aqcoe1G502600.1.p
OG0021846	VIT_212s0059g00630.1	Aqcoe1G233400.1.p
OG0021853	VIT_213s0019g04500.1	Aqcoe1G139400.1.p
OG0021861	VIT_212s0055g00500.1	Aqcoe1G392600.1.p
OG0021865	VIT_219s0014g02390.1	Aqcoe1G259700.1.p
OG0021876	VIT_214s0006g01150.1	Aqcoe5G296300.1.p
OG0021878	VIT_215s0048g01830.1	Aqcoe5G109900.1.p, Aqcoe5G425500.1.p
OG0021879	VIT_202s0033g00990.1, VIT_212s0028g00970.1	Aqcoe5G361700.1.p
OG0021886	VIT_205s0049g01900.1	Aqcoe5G016600.1.p
OG0021887	VIT_218s0001g14700.1	Aqcoe5G213900.1.p, Aqcoe5G213100.1.p
OG0021889	VIT_212s0035g00250.1	Aqcoe5G318400.1.p
OG0021909	VIT_214s0030g01300.1	Aqcoe5G072100.1.p, Aqcoe5G075700.1.p
OG0021914	VIT_214s0068g00670.1	Aqcoe5G318800.1.p
OG0021927	VIT_215s0021g02420.1	Aqcoe5G412000.1.p, Aqcoe5G412000.2.p
OG0021929	VIT_201s0010g00140.1, VIT_217s0053g00160.1	Aqcoe5G276200.1.p
OG0021932	VIT_205s0062g00690.1	Aqcoe5G274200.1.p
OG0021934	VIT_217s0000g00080.1	Aqcoe5G306300.1.p
OG0021942	VIT_203s0017g02025.1, VIT_203s0017g02083.1	Aqcoe3G092600.1.p
OG0021947	VIT_214s0066g00380.1	Aqcoe3G143800.1.p
OG0021950	VIT_201s0026g02270.1	Aqcoe3G335700.1.p
OG0021963	VIT_201s0026g02530.2	Aqcoe3G340200.4.p, Aqcoe3G340200.5.p
OG0021964	VIT_205s0051g00710.1	Aqcoe3G284200.1.p, Aqcoe3G284200.2.p
OG0021965	VIT_218s0001g10320.1	Aqcoe3G187900.1.p
OG0021966	VIT_214s0006g01090.1	Aqcoe3G007000.3.p
OG0021969	VIT_217s0053g01010.2	Aqcoe3G189400.2.p, Aqcoe3G189400.6.p
OG0021970	VIT_214s0108g01540.2, VIT_214s0108g01540.1	Aqcoe3G359300.1.p
OG0021973	VIT_203s0063g00380.4	Aqcoe3G097600.2.p
OG0025448	VIT_209s0002g04400.1	Aqcoe2G426600.1.p
OG0025466	VIT_212s0028g00350.4	Aqcoe2G176300.5.p
OG0025476	VIT_208s0040g01425.1	Aqcoe2G203100.1.p
OG0025491	VIT_208s0058g01160.1	Aqcoe2G126300.1.p
OG0025499	VIT_203s0097g00210.1	Aqcoe2G193500.1.p
OG0025509	VIT_208s0007g00750.1	Aqcoe2G226300.1.p
OG0025516	VIT_205s0124g00100.1	Aqcoe2G428600.1.p
OG0025529	VIT_209s0002g07510.1	Aqcoe2G086700.1.p
OG0025531	VIT_219s0015g01440.1	Aqcoe2G112700.1.p
OG0025538	VIT_207s0005g04790.3	Aqcoe2G391200.5.p
OG0025549	VIT_207s0141g00190.1	Aqcoe2G259600.1.p
OG0025554	VIT_206s0080g00100.1	Aqcoe2G053100.1.p
OG0025555	VIT_206s0080g00020.1	Aqcoe2G132000.1.p
OG0025556	VIT_211s0016g01210.1	Aqcoe2G329000.1.p
OG0025577	VIT_214s0036g00050.1	Aqcoe2G353500.2.p
OG0025586	VIT_206s0080g00830.8	Aqcoe2G115400.2.p
OG0025615	VIT_218s0089g01190.8	Aqcoe6G003600.2.p
OG0025640	VIT_218s0041g01820.1	Aqcoe6G110200.1.p
OG0025643	VIT_217s0000g06350.2	Aqcoe6G242500.2.p
OG0025647	VIT_214s0006g01460.1	Aqcoe6G098100.1.p
OG0025660	VIT_218s0001g11650.1	Aqcoe6G104100.1.p
OG0025710	VIT_200s0531g00050.3	Aqcoe4G309300.1.p
OG0025742	VIT_219s0135g00010.1	Aqcoe4G271800.1.p
OG0025758	VIT_219s0014g01310.2	Aqcoe4G040900.2.p
OG0025790	VIT_200s0188g00140.1	Aqcoe4G227200.1.p
OG0025835	VIT_219s0090g01310.7	Aqcoe4G285100.3.p
OG0025910	VIT_204s0008g02680.1	Aqcoe7G294900.1.p
OG0025932	VIT_211s0078g00300.1	Aqcoe7G207300.1.p
OG0025935	VIT_216s0098g01400.2	Aqcoe7G004800.2.p
OG0025952	VIT_209s0002g03700.1	Aqcoe7G157300.1.p
OG0025962	VIT_211s0016g01110.5	Aqcoe7G436300.4.p
OG0025963	VIT_210s0003g04160.1	Aqcoe7G115300.1.p
OG0025976	VIT_205s0094g00900.2	Aqcoe1G154900.3.p
OG0025979	VIT_208s0040g01540.1	Aqcoe1G136700.1.p
OG0025981	VIT_219s0177g00170.3	Aqcoe1G353500.2.p
OG0025987	VIT_213s0156g00060.3	Aqcoe1G050400.2.p
OG0025997	VIT_210s0003g05333.1	Aqcoe1G169800.1.p
OG0026010	VIT_206s0061g01010.1	Aqcoe1G120600.1.p
OG0026013	VIT_212s0059g00790.1	Aqcoe1G292700.1.p
OG0026038	VIT_217s0000g03470.1	Aqcoe1G307000.1.p
OG0026077	VIT_206s0004g00480.4	Aqcoe1G056100.2.p
OG0026079	VIT_218s0089g00540.1	Aqcoe1G347500.1.p
OG0026084	VIT_208s0007g03490.1	Aqcoe1G448700.1.p
OG0026090	VIT_211s0118g00010.1	Aqcoe1G277900.1.p
OG0026122	VIT_205s0020g02220.2	Aqcoe5G068700.2.p
OG0026145	VIT_203s0038g04730.1	Aqcoe5G231200.1.p
OG0026171	VIT_212s0055g01045.1	Aqcoe5G160600.1.p
OG0026178	VIT_201s0150g00360.1	Aqcoe5G322600.1.p
OG0026179	VIT_215s0021g02480.3	Aqcoe5G407600.2.p
OG0026193	VIT_213s0067g03340.1	Aqcoe5G368500.1.p
OG0026215	VIT_217s0000g08140.1	Aqcoe3G117800.2.p
OG0026218	VIT_217s0000g08840.1	Aqcoe3G129000.1.p
OG0026220	VIT_206s0004g08260.2	Aqcoe3G413000.3.p
OG0026261	VIT_202s0012g00470.1	Aqcoe3G256300.1.p
OG0026277	VIT_210s0071g00620.1	Aqcoe3G296000.1.p
OG0026281	VIT_217s0000g06705.1	Aqcoe3G056200.1.p
OG0026285	VIT_215s0048g01900.1	Aqcoe3G214900.1.p
OG0026290	VIT_214s0068g01480.1	Aqcoe3G158100.1.p
OG0026291	VIT_201s0010g03055.1	Aqcoe3G193000.1.p
OG0026295	VIT_202s0025g02060.1	Aqcoe3G256800.1.p
